,batting_consistency,batting_form,batting_temp,batting_wind,batting_rain,batting_humidity,batting_cloud,batting_pressure,batting_viscosity,batting_inning,batting_session,venue,opposition,season,balls_faced,fours_scored,sixes_scored,batting_position
0,0.5138513120822684,0.14275103271962616,-0.8173364613433008,-0.37042457956726516,-0.41702107268800304,-1.0688902485429908,-0.9036978983587384,-0.6238699258790168,0.40683742795524463,1.5357786628062884,2.412803684849147,-0.020517854505867034,0.8919020892990498,-1.7976351531464076,0.0,-0.8930772127243898,-0.5664572772702333,-1.176813837095037
1,1.0718031166720068,1.6181059352659815,-0.8173364613433008,-0.37042457956726516,-0.41702107268800304,-1.0688902485429908,-0.9036978983587384,-0.6238699258790168,0.40683742795524463,1.5357786628062884,2.412803684849147,-0.16859363322747514,2.632197807890822,-1.7976351531464076,0.0,2.2694999670951255,-0.5664572772702333,-0.7965695658503499
2,0.970780353846232,1.594385924137376,-0.8173364613433008,-0.37042457956726516,-0.41702107268800304,-1.0688902485429908,-0.9036978983587384,-0.6238699258790168,0.40683742795524463,1.5357786628062884,2.412803684849147,0.3958633471645417,1.0881685152519283,-1.7976351531464076,0.0,0.6882113771853678,-0.5664572772702333,-0.41632529460566275
3,-0.9635604115543509,1.7021499935348394,-0.8173364613433008,-0.37042457956726516,-0.41702107268800304,-1.0688902485429908,-0.9036978983587384,-0.6238699258790168,0.40683742795524463,1.5357786628062884,2.412803684849147,0.9095581177887754,-0.1634770444789113,-1.7976351531464076,0.0,0.6882113771853678,-0.5664572772702333,-0.03608102336097565
4,-1.4035990704657106,-1.0117469657596296,-0.8173364613433008,-0.37042457956726516,-0.41702107268800304,-1.0688902485429908,-0.9036978983587384,-0.6238699258790168,0.40683742795524463,1.5357786628062884,2.412803684849147,-1.3980808021208977,-1.8569018104318087,-1.7976351531464076,0.0,-0.8930772127243898,-0.5664572772702333,0.34416324788371144
5,0.5138513120822684,0.14275103271962616,-0.4050542273327106,-0.37042457956726516,-0.41702107268800304,-1.0083168412522454,-1.1218750943468254,-0.3979034061231674,0.40683742795524463,1.5357786628062884,2.412803684849147,-0.020517854505867034,-0.09775759807011321,-1.7976351531464076,0.0,0.6882113771853678,-0.5664572772702333,-1.176813837095037
6,0.017095316722317847,-0.052095639543389936,-0.4050542273327106,-0.37042457956726516,-0.41702107268800304,-1.0083168412522454,-1.1218750943468254,-0.3979034061231674,0.40683742795524463,1.5357786628062884,2.412803684849147,-0.33036337644425456,-0.06100713073889485,-1.7976351531464076,0.0,0.6882113771853678,-0.5664572772702333,-0.7965695658503499
7,0.970780353846232,1.594385924137376,-0.4050542273327106,-0.37042457956726516,-0.41702107268800304,-1.0083168412522454,-1.1218750943468254,-0.3979034061231674,0.40683742795524463,1.5357786628062884,2.412803684849147,0.3958633471645417,0.7209823823945722,-1.7976351531464076,0.0,0.6882113771853678,-0.5664572772702333,-0.41632529460566275
8,-0.9635604115543509,1.7021499935348394,-0.4050542273327106,-0.37042457956726516,-0.41702107268800304,-1.0083168412522454,-1.1218750943468254,-0.3979034061231674,0.40683742795524463,1.5357786628062884,2.412803684849147,0.9095581177887754,-0.12520668412037408,-1.7976351531464076,0.0,2.2694999670951255,-0.5664572772702333,-0.03608102336097565
9,-2.6298967840655036,-0.891173345611396,-0.4050542273327106,-0.37042457956726516,-0.41702107268800304,-1.0083168412522454,-1.1218750943468254,-0.3979034061231674,0.40683742795524463,1.5357786628062884,2.412803684849147,-1.277543754201099,-1.3316377015774417,-1.7976351531464076,0.0,-0.8930772127243898,-0.5664572772702333,0.34416324788371144
10,-1.4903376519904794,-0.2690313394382567,-0.4050542273327106,-0.37042457956726516,-0.41702107268800304,-1.0083168412522454,-1.1218750943468254,-0.3979034061231674,0.40683742795524463,1.5357786628062884,2.412803684849147,-0.7207254655668711,-1.0314360757923409,-1.7976351531464076,0.0,-0.8930772127243898,-0.5664572772702333,0.7244075191283986
11,0.14607233718679458,1.456273645839106,-0.4050542273327106,-0.37042457956726516,-0.41702107268800304,-1.0083168412522454,-1.1218750943468254,-0.3979034061231674,0.40683742795524463,1.5357786628062884,2.412803684849147,0.5322461854277577,-0.32164603203444453,-1.7976351531464076,0.0,0.6882113771853678,1.1921382551160753,1.1046517903730857
12,0.5138513120822684,0.14275103271962616,0.007228006677879595,-1.156263317812928,-0.41702107268800304,-1.0688902485429908,-1.1218750943468254,0.0540296333885314,0.40683742795524463,1.5357786628062884,2.412803684849147,-0.020517854505867034,0.8919020892990498,-1.7976351531464076,0.0,2.2694999670951255,-0.5664572772702333,-1.176813837095037
13,0.37083974648073253,2.0058555049397166,0.007228006677879595,-1.156263317812928,-0.41702107268800304,-1.0688902485429908,-1.1218750943468254,0.0540296333885314,0.40683742795524463,1.5357786628062884,2.412803684849147,0.10626586845048396,-0.3278803237932074,-1.7976351531464076,0.0,2.2694999670951255,-0.5664572772702333,-0.7965695658503499
14,0.970780353846232,1.594385924137376,0.007228006677879595,-1.156263317812928,-0.41702107268800304,-1.0688902485429908,-1.1218750943468254,0.0540296333885314,0.40683742795524463,1.5357786628062884,2.412803684849147,0.3958633471645417,1.0881685152519283,-1.7976351531464076,0.0,-0.8930772127243898,-0.5664572772702333,-0.41632529460566275
15,0.5138513120822684,0.14275103271962616,1.2440747087096502,-1.156263317812928,-0.41702107268800304,-1.9774913579041715,-1.1218750943468254,0.0540296333885314,0.40683742795524463,-0.651135495119281,-0.4144556004615526,-0.020517854505867034,-0.09775759807011321,-1.7976351531464076,0.0,-0.8930772127243898,-0.5664572772702333,-1.176813837095037
16,1.0718031166720068,1.6181059352659815,1.2440747087096502,-1.156263317812928,-0.41702107268800304,-1.9774913579041715,-1.1218750943468254,0.0540296333885314,0.40683742795524463,-0.651135495119281,-0.4144556004615526,-0.16859363322747514,0.6422664854288203,-1.7976351531464076,0.0,0.6882113771853678,-0.5664572772702333,-0.7965695658503499
17,0.970780353846232,1.594385924137376,1.2440747087096502,-1.156263317812928,-0.41702107268800304,-1.9774913579041715,-1.1218750943468254,0.0540296333885314,0.40683742795524463,-0.651135495119281,-0.4144556004615526,0.3958633471645417,0.7209823823945722,-1.7976351531464076,0.0,0.6882113771853678,-0.5664572772702333,-0.41632529460566275
18,0.37083974648073253,2.0058555049397166,1.2440747087096502,-1.156263317812928,-0.41702107268800304,-1.9774913579041715,-1.1218750943468254,0.0540296333885314,0.40683742795524463,-0.651135495119281,-0.4144556004615526,0.10626586845048396,0.6363507341248849,-1.7976351531464076,0.0,-0.8930772127243898,-0.5664572772702333,-0.03608102336097565
19,-0.9635604115543509,1.7021499935348394,1.2440747087096502,-1.156263317812928,-0.41702107268800304,-1.9774913579041715,-1.1218750943468254,0.0540296333885314,0.40683742795524463,-0.651135495119281,-0.4144556004615526,0.9095581177887754,-0.12520668412037408,-1.7976351531464076,0.0,-0.8930772127243898,-0.5664572772702333,0.34416324788371144
20,-2.6298967840655036,-0.891173345611396,1.2440747087096502,-1.156263317812928,-0.41702107268800304,-1.9774913579041715,-1.1218750943468254,0.0540296333885314,0.40683742795524463,-0.651135495119281,-0.4144556004615526,-1.277543754201099,-1.3316377015774417,-1.7976351531464076,0.0,-0.8930772127243898,-0.5664572772702333,0.7244075191283986
21,0.14607233718679458,1.456273645839106,1.2440747087096502,-1.156263317812928,-0.41702107268800304,-1.9774913579041715,-1.1218750943468254,0.0540296333885314,0.40683742795524463,-0.651135495119281,-0.4144556004615526,0.5322461854277577,-0.32164603203444453,-1.7976351531464076,0.0,-0.8930772127243898,-0.5664572772702333,1.1046517903730857
22,-1.4903376519904794,-0.2690313394382567,1.2440747087096502,-1.156263317812928,-0.41702107268800304,-1.9774913579041715,-1.1218750943468254,0.0540296333885314,0.40683742795524463,-0.651135495119281,-0.4144556004615526,-0.7207254655668711,-1.0314360757923409,-1.7976351531464076,0.0,0.6882113771853678,-0.5664572772702333,1.4848960616177729
23,-2.6298967840655036,-0.17686960075175948,1.2440747087096502,-1.156263317812928,-0.41702107268800304,-1.9774913579041715,-1.1218750943468254,0.0540296333885314,0.40683742795524463,-0.651135495119281,-0.4144556004615526,-0.7022174432440881,-0.8366349359316682,-1.7976351531464076,0.0,-0.8930772127243898,-0.5664572772702333,1.8651403328624598
24,-2.6298967840655036,-1.4684000026113424,1.2440747087096502,-1.156263317812928,-0.41702107268800304,-1.9774913579041715,-1.1218750943468254,0.0540296333885314,0.40683742795524463,-0.651135495119281,-0.4144556004615526,-1.7594309427450623,-2.4149573838216836,-1.7976351531464076,0.0,-0.8930772127243898,-0.5664572772702333,2.245384604107147
25,-1.4511497669741948,-1.7837234786506384,1.2440747087096502,-1.156263317812928,-0.41702107268800304,-1.9774913579041715,-1.1218750943468254,0.0540296333885314,0.40683742795524463,-0.651135495119281,-0.4144556004615526,-1.7038268348152417,-2.1279160293988766,-1.7976351531464076,0.0,-0.8930772127243898,-0.5664572772702333,2.625628875351834
26,0.5138513120822684,0.14275103271962616,-0.8173364613433008,-0.6323708256491528,-0.41702107268800304,-1.553477506868954,0.7689939375499286,0.7319291926560796,0.40683742795524463,1.5357786628062884,2.412803684849147,-0.020517854505867034,-0.09775759807011321,-1.7976351531464076,0.0,-0.8930772127243898,-0.5664572772702333,-1.176813837095037
27,1.0718031166720068,1.6181059352659815,-0.8173364613433008,-0.6323708256491528,-0.41702107268800304,-1.553477506868954,0.7689939375499286,0.7319291926560796,0.40683742795524463,1.5357786628062884,2.412803684849147,-0.16859363322747514,0.6422664854288203,-1.7976351531464076,0.0,0.6882113771853678,-0.5664572772702333,-0.7965695658503499
28,0.970780353846232,1.594385924137376,-0.8173364613433008,-0.6323708256491528,-0.41702107268800304,-1.553477506868954,0.7689939375499286,0.7319291926560796,0.40683742795524463,1.5357786628062884,2.412803684849147,0.3958633471645417,0.7209823823945722,-1.7976351531464076,0.0,0.6882113771853678,-0.5664572772702333,-0.41632529460566275
29,0.37083974648073253,2.0058555049397166,-0.8173364613433008,-0.6323708256491528,-0.41702107268800304,-1.553477506868954,0.7689939375499286,0.7319291926560796,0.40683742795524463,1.5357786628062884,2.412803684849147,0.10626586845048396,0.6363507341248849,-1.7976351531464076,0.0,0.6882113771853678,-0.5664572772702333,-0.03608102336097565
30,-0.9635604115543509,1.7021499935348394,-0.8173364613433008,-0.6323708256491528,-0.41702107268800304,-1.553477506868954,0.7689939375499286,0.7319291926560796,0.40683742795524463,1.5357786628062884,2.412803684849147,0.9095581177887754,-0.12520668412037408,-1.7976351531464076,0.0,-0.8930772127243898,-0.5664572772702333,0.34416324788371144
31,-2.6298967840655036,-0.891173345611396,-0.8173364613433008,-0.6323708256491528,-0.41702107268800304,-1.553477506868954,0.7689939375499286,0.7319291926560796,0.40683742795524463,1.5357786628062884,2.412803684849147,-1.277543754201099,-1.3316377015774417,-1.7976351531464076,0.0,-0.8930772127243898,-0.5664572772702333,0.7244075191283986
32,-1.4903376519904794,-0.2690313394382567,-0.8173364613433008,-0.6323708256491528,-0.41702107268800304,-1.553477506868954,0.7689939375499286,0.7319291926560796,0.40683742795524463,1.5357786628062884,2.412803684849147,-0.7207254655668711,-1.0314360757923409,-1.7976351531464076,0.0,-0.8930772127243898,-0.5664572772702333,1.1046517903730857
33,0.14607233718679458,1.456273645839106,-0.8173364613433008,-0.6323708256491528,-0.41702107268800304,-1.553477506868954,0.7689939375499286,0.7319291926560796,0.40683742795524463,1.5357786628062884,2.412803684849147,0.5322461854277577,-0.32164603203444453,-1.7976351531464076,0.0,-0.8930772127243898,-0.5664572772702333,1.4848960616177729
34,0.5138513120822684,0.14275103271962616,-2.0541831633750713,0.9393066508421729,0.16676217049808661,1.3540460430868244,1.1689854635280883,2.9915943902145736,0.40683742795524463,-0.651135495119281,-0.4144556004615526,-0.053792854213108324,-0.09775759807011321,-1.6038274932198118,0.0,-0.8930772127243898,-0.5664572772702333,-1.176813837095037
35,1.0718031166720068,1.6181059352659815,-2.0541831633750713,0.9393066508421729,0.16676217049808661,1.3540460430868244,1.1689854635280883,2.9915943902145736,0.40683742795524463,-0.651135495119281,-0.4144556004615526,2.0253465209054773,0.6422664854288203,-1.6038274932198118,0.0,0.6882113771853678,1.1921382551160753,-0.7965695658503499
36,-0.9635604115543509,1.7021499935348394,-2.0541831633750713,0.9393066508421729,0.16676217049808661,1.3540460430868244,1.1689854635280883,2.9915943902145736,0.40683742795524463,-0.651135495119281,-0.4144556004615526,-0.8058008875131519,-0.12520668412037408,-1.6038274932198118,0.0,-0.8930772127243898,-0.5664572772702333,-0.41632529460566275
37,1.137132900776744,-1.8003907894530935,-2.0541831633750713,0.9393066508421729,0.16676217049808661,1.3540460430868244,1.1689854635280883,2.9915943902145736,0.40683742795524463,-0.651135495119281,-0.4144556004615526,0.6863424364687167,1.2957021721498414,-1.6038274932198118,0.0,-0.8930772127243898,2.950733787502384,-0.03608102336097565
38,-1.4120467582536522,-1.8003907894530935,-2.0541831633750713,0.9393066508421729,0.16676217049808661,1.3540460430868244,1.1689854635280883,2.9915943902145736,0.40683742795524463,-0.651135495119281,-0.4144556004615526,-1.1076075128863947,-0.9487611760308784,-1.6038274932198118,0.0,-0.8930772127243898,-0.5664572772702333,0.34416324788371144
39,-1.4035990704657106,-1.0117469657596296,-2.0541831633750713,0.9393066508421729,0.16676217049808661,1.3540460430868244,1.1689854635280883,2.9915943902145736,0.40683742795524463,-0.651135495119281,-0.4144556004615526,-0.996083773236607,-0.03361265162374679,-1.6038274932198118,0.0,-0.8930772127243898,-0.5664572772702333,0.7244075191283986
40,0.14607233718679458,1.456273645839106,-2.0541831633750713,0.9393066508421729,0.16676217049808661,1.3540460430868244,1.1689854635280883,2.9915943902145736,0.40683742795524463,-0.651135495119281,-0.4144556004615526,0.06542177782151547,-0.32164603203444453,-1.6038274932198118,0.0,-0.8930772127243898,1.1921382551160753,1.1046517903730857
41,-0.6901638775236811,-1.8003907894530935,-2.0541831633750713,0.9393066508421729,0.16676217049808661,1.3540460430868244,1.1689854635280883,2.9915943902145736,0.40683742795524463,-0.651135495119281,-0.4144556004615526,-0.3106199392813735,-1.102507001842238,-1.6038274932198118,0.0,-0.8930772127243898,1.1921382551160753,1.4848960616177729
42,-1.4903376519904794,-0.2690313394382567,-2.0541831633750713,0.9393066508421729,0.16676217049808661,1.3540460430868244,1.1689854635280883,2.9915943902145736,0.40683742795524463,-0.651135495119281,-0.4144556004615526,-1.5404783126337926,-1.0314360757923409,-1.6038274932198118,0.0,-0.8930772127243898,-0.5664572772702333,1.8651403328624598
43,-2.6298967840655036,-1.8003907894530935,-2.0541831633750713,0.9393066508421729,0.16676217049808661,1.3540460430868244,1.1689854635280883,2.9915943902145736,0.40683742795524463,-0.651135495119281,-0.4144556004615526,-2.0050058926499936,-2.169378165114783,-1.6038274932198118,0.0,-0.8930772127243898,-0.5664572772702333,2.245384604107147
44,-1.6452618553355312,-1.8003907894530935,-2.0541831633750713,0.9393066508421729,0.16676217049808661,1.3540460430868244,1.1689854635280883,2.9915943902145736,0.40683742795524463,-0.651135495119281,-0.4144556004615526,-1.0759507326175919,-1.2710149024458801,-1.6038274932198118,0.0,-0.8930772127243898,-0.5664572772702333,2.625628875351834
45,0.5138513120822684,0.14275103271962616,-2.0541831633750713,0.15346791259651008,-0.41702107268800304,0.44544493372564364,1.5689769895062478,2.765627870458724,0.40683742795524463,1.5357786628062884,-0.4144556004615526,-0.053792854213108324,1.7216999741241688,-1.6038274932198118,0.0,0.6882113771853678,-0.5664572772702333,-1.176813837095037
46,1.0718031166720068,1.6181059352659815,-2.0541831633750713,0.15346791259651008,-0.41702107268800304,0.44544493372564364,1.5689769895062478,2.765627870458724,0.40683742795524463,1.5357786628062884,-0.4144556004615526,2.0253465209054773,6.466605779984827,-1.6038274932198118,0.0,0.6882113771853678,1.1921382551160753,-0.7965695658503499
47,0.30486590107301353,-1.8003907894530935,-2.0541831633750713,0.15346791259651008,-0.41702107268800304,0.44544493372564364,1.5689769895062478,2.765627870458724,0.40683742795524463,1.5357786628062884,-0.4144556004615526,-0.8629721742682986,0.3079992332889032,-1.6038274932198118,0.0,-0.8930772127243898,-0.5664572772702333,-0.41632529460566275
48,0.5138513120822684,0.14275103271962616,-0.4050542273327106,-0.7633439486900966,-0.41702107268800304,-1.7957711360319355,-1.012786496352782,2.087728311191176,0.40683742795524463,1.5357786628062884,-0.4144556004615526,-0.13528383310220302,-0.09775759807011321,-1.6038274932198118,0.0,0.6882113771853678,1.1921382551160753,-1.176813837095037
49,1.0718031166720068,1.6181059352659815,-0.4050542273327106,-0.7633439486900966,-0.41702107268800304,-1.7957711360319355,-1.012786496352782,2.087728311191176,0.40683742795524463,1.5357786628062884,-0.4144556004615526,1.7733102933861358,0.6422664854288203,-1.6038274932198118,0.0,0.6882113771853678,-0.5664572772702333,-0.7965695658503499
50,0.30486590107301353,-1.8003907894530935,-0.4050542273327106,-0.7633439486900966,-0.41702107268800304,-1.7957711360319355,-1.012786496352782,2.087728311191176,0.40683742795524463,1.5357786628062884,-0.4144556004615526,0.4667227983451879,-0.3963847238927816,-1.6038274932198118,0.0,0.6882113771853678,2.950733787502384,-0.41632529460566275
51,-1.4120467582536522,-1.8003907894530935,-0.4050542273327106,-0.7633439486900966,-0.41702107268800304,-1.7957711360319355,-1.012786496352782,2.087728311191176,0.40683742795524463,1.5357786628062884,-0.4144556004615526,-0.6078213093351897,-0.9487611760308784,-1.6038274932198118,0.0,-0.8930772127243898,1.1921382551160753,-0.03608102336097565
52,-1.061677409431791,-1.8003907894530935,-0.4050542273327106,-0.7633439486900966,-0.41702107268800304,-1.7957711360319355,-1.012786496352782,2.087728311191176,0.40683742795524463,1.5357786628062884,-0.4144556004615526,-0.06423297962238739,0.5990450962866818,-1.6038274932198118,0.0,0.6882113771853678,-0.5664572772702333,0.34416324788371144
53,-0.9635604115543509,1.7021499935348394,-0.4050542273327106,-0.7633439486900966,-0.41702107268800304,-1.7957711360319355,-1.012786496352782,2.087728311191176,0.40683742795524463,1.5357786628062884,-0.4144556004615526,-0.03931588031224128,-0.12520668412037408,-1.6038274932198118,0.0,-0.8930772127243898,-0.5664572772702333,0.7244075191283986
54,0.5138513120822684,0.14275103271962616,-1.229618695353891,-0.23945145652632133,-0.41702107268800304,-1.3717572849967177,-0.9400607643567529,2.539661350702875,0.40683742795524463,-0.651135495119281,-0.4144556004615526,-0.13528383310220302,1.7216999741241688,-1.6038274932198118,0.0,0.6882113771853678,-0.5664572772702333,-1.176813837095037
55,1.0718031166720068,1.6181059352659815,-1.229618695353891,-0.23945145652632133,-0.41702107268800304,-1.3717572849967177,-0.9400607643567529,2.539661350702875,0.40683742795524463,-0.651135495119281,-0.4144556004615526,1.7733102933861358,6.466605779984827,-1.6038274932198118,0.0,0.6882113771853678,2.950733787502384,-0.7965695658503499
56,0.30486590107301353,-1.8003907894530935,-1.229618695353891,-0.23945145652632133,-0.41702107268800304,-1.3717572849967177,-0.9400607643567529,2.539661350702875,0.40683742795524463,-0.651135495119281,-0.4144556004615526,0.4667227983451879,0.3079992332889032,-1.6038274932198118,0.0,-0.8930772127243898,-0.5664572772702333,-0.41632529460566275
57,-1.4120467582536522,-1.8003907894530935,-1.229618695353891,-0.23945145652632133,-0.41702107268800304,-1.3717572849967177,-0.9400607643567529,2.539661350702875,0.40683742795524463,-0.651135495119281,-0.4144556004615526,-0.6078213093351897,-1.3011397283166906,-1.6038274932198118,0.0,-0.8930772127243898,-0.5664572772702333,-0.03608102336097565
58,-0.9635604115543509,1.7021499935348394,-1.229618695353891,-0.23945145652632133,-0.41702107268800304,-1.3717572849967177,-0.9400607643567529,2.539661350702875,0.40683742795524463,-0.651135495119281,-0.4144556004615526,-0.03931588031224128,-0.7030572714888028,-1.6038274932198118,0.0,-0.8930772127243898,-0.5664572772702333,0.34416324788371144
59,-1.061677409431791,-1.8003907894530935,-1.229618695353891,-0.23945145652632133,-0.41702107268800304,-1.3717572849967177,-0.9400607643567529,2.539661350702875,0.40683742795524463,-0.651135495119281,-0.4144556004615526,-0.06423297962238739,-1.3233010428168186,-1.6038274932198118,0.0,-0.8930772127243898,-0.5664572772702333,0.7244075191283986
60,0.017095316722317847,-0.052095639543389936,-1.229618695353891,-0.23945145652632133,-0.41702107268800304,-1.3717572849967177,-0.9400607643567529,2.539661350702875,0.40683742795524463,-0.651135495119281,-0.4144556004615526,-0.9800813810120509,-1.233836680789608,-1.6038274932198118,0.0,-0.8930772127243898,-0.5664572772702333,1.1046517903730857
61,0.14607233718679458,1.456273645839106,-1.229618695353891,-0.23945145652632133,-0.41702107268800304,-1.3717572849967177,-0.9400607643567529,2.539661350702875,0.40683742795524463,-0.651135495119281,-0.4144556004615526,-1.354122074078161,0.2393401135398412,-1.6038274932198118,0.0,-0.8930772127243898,-0.5664572772702333,1.4848960616177729
62,-1.4903376519904794,-0.2690313394382567,-1.229618695353891,-0.23945145652632133,-0.41702107268800304,-1.3717572849967177,-0.9400607643567529,2.539661350702875,0.40683742795524463,-0.651135495119281,-0.4144556004615526,-0.8895944940619602,-1.0739384736221553,-1.6038274932198118,0.0,-0.8930772127243898,-0.5664572772702333,1.8651403328624598
63,-2.6298967840655036,-0.17686960075175948,-1.229618695353891,-0.23945145652632133,-0.41702107268800304,-1.3717572849967177,-0.9400607643567529,2.539661350702875,0.40683742795524463,-0.651135495119281,-0.4144556004615526,-1.0523154487049184,-1.3233010428168186,-1.6038274932198118,0.0,-0.8930772127243898,1.1921382551160753,2.245384604107147
64,-2.6298967840655036,-1.8003907894530935,-1.229618695353891,-0.23945145652632133,-0.41702107268800304,-1.3717572849967177,-0.9400607643567529,2.539661350702875,0.40683742795524463,-0.651135495119281,-0.4144556004615526,-2.0050058926499936,-2.800300322604196,-1.6038274932198118,0.0,-0.8930772127243898,-0.5664572772702333,2.625628875351834
65,0.5138513120822684,0.14275103271962616,0.007228006677879595,-1.287236440853872,-0.41702107268800304,-1.73519772874119,-0.9764236303547674,1.4098287519236279,0.40683742795524463,1.5357786628062884,-0.4144556004615526,-0.13528383310220302,1.7216999741241688,-1.6038274932198118,0.0,0.6882113771853678,1.1921382551160753,-1.176813837095037
66,1.0718031166720068,1.6181059352659815,0.007228006677879595,-1.287236440853872,-0.41702107268800304,-1.73519772874119,-0.9764236303547674,1.4098287519236279,0.40683742795524463,1.5357786628062884,-0.4144556004615526,1.7733102933861358,6.466605779984827,-1.6038274932198118,0.0,2.2694999670951255,-0.5664572772702333,-0.7965695658503499
67,0.30486590107301353,-1.8003907894530935,0.007228006677879595,-1.287236440853872,-0.41702107268800304,-1.73519772874119,-0.9764236303547674,1.4098287519236279,0.40683742795524463,1.5357786628062884,-0.4144556004615526,0.4667227983451879,0.3079992332889032,-1.6038274932198118,0.0,-0.8930772127243898,-0.5664572772702333,-0.41632529460566275
68,0.5138513120822684,0.14275103271962616,0.6256513576937649,-1.4182095638948156,2.501895143242445,1.2328992285053335,0.6235424735578706,-0.3979034061231674,-1.7618165702686994,-0.651135495119281,-0.4144556004615526,-0.5077411071479061,-0.2671392096355672,-1.6038274932198118,0.0,-0.8930772127243898,-0.5664572772702333,-1.176813837095037
69,1.0718031166720068,1.6181059352659815,0.6256513576937649,-1.4182095638948156,2.501895143242445,1.2328992285053335,0.6235424735578706,-0.3979034061231674,-1.7618165702686994,-0.651135495119281,-0.4144556004615526,0.2684126161959317,0.2252242208130659,-1.6038274932198118,0.0,-0.8930772127243898,-0.5664572772702333,-0.7965695658503499
70,0.970780353846232,1.594385924137376,0.6256513576937649,-1.4182095638948156,2.501895143242445,1.2328992285053335,0.6235424735578706,-0.3979034061231674,-1.7618165702686994,-0.651135495119281,-0.4144556004615526,-0.2771999378323368,-0.03395849554613088,-1.6038274932198118,0.0,0.6882113771853678,-0.5664572772702333,-0.41632529460566275
71,0.37083974648073253,2.0058555049397166,0.6256513576937649,-1.4182095638948156,2.501895143242445,1.2328992285053335,0.6235424735578706,-0.3979034061231674,-1.7618165702686994,-0.651135495119281,-0.4144556004615526,-0.03957688344747327,-0.15082643784434138,-1.6038274932198118,0.0,-0.8930772127243898,-0.5664572772702333,-0.03608102336097565
72,-0.9635604115543509,1.7021499935348394,0.6256513576937649,-1.4182095638948156,2.501895143242445,1.2328992285053335,0.6235424735578706,-0.3979034061231674,-1.7618165702686994,-0.651135495119281,-0.4144556004615526,-0.5741577049599365,-1.7221227934164518,-1.6038274932198118,0.0,-0.8930772127243898,-0.5664572772702333,0.34416324788371144
73,1.137132900776744,-1.8003907894530935,0.6256513576937649,-1.4182095638948156,2.501895143242445,1.2328992285053335,0.6235424735578706,-0.3979034061231674,-1.7618165702686994,-0.651135495119281,-0.4144556004615526,-0.3836602166586243,0.6802365076442346,-1.6038274932198118,0.0,0.6882113771853678,-0.5664572772702333,0.7244075191283986
74,-1.4120467582536522,-1.8003907894530935,0.6256513576937649,-1.4182095638948156,2.501895143242445,1.2328992285053335,0.6235424735578706,-0.3979034061231674,-1.7618165702686994,-0.651135495119281,-0.4144556004615526,-0.3724776823313519,-1.7447664691767466,-1.6038274932198118,0.0,-0.8930772127243898,-0.5664572772702333,1.1046517903730857
75,-1.5500656005762627,-1.8003907894530935,0.6256513576937649,-1.4182095638948156,2.501895143242445,1.2328992285053335,0.6235424735578706,-0.3979034061231674,-1.7618165702686994,-0.651135495119281,-0.4144556004615526,-1.3763885415482846,-2.3149702653981494,-1.6038274932198118,0.0,-0.8930772127243898,-0.5664572772702333,1.4848960616177729
76,-0.6901638775236811,-1.8003907894530935,0.6256513576937649,-1.4182095638948156,2.501895143242445,1.2328992285053335,0.6235424735578706,-0.3979034061231674,-1.7618165702686994,-0.651135495119281,-0.4144556004615526,-0.6501850182181754,-0.9816527532807602,-1.6038274932198118,0.0,-0.8930772127243898,-0.5664572772702333,1.8651403328624598
77,-0.8536955358016,-1.8003907894530935,0.6256513576937649,-1.4182095638948156,2.501895143242445,1.2328992285053335,0.6235424735578706,-0.3979034061231674,-1.7618165702686994,-0.651135495119281,-0.4144556004615526,-0.8411233118145462,-1.237149501519812,-1.6038274932198118,0.0,-0.8930772127243898,1.1921382551160753,2.245384604107147
78,-2.6298967840655036,-1.8003907894530935,0.6256513576937649,-1.4182095638948156,2.501895143242445,1.2328992285053335,0.6235424735578706,-0.3979034061231674,-1.7618165702686994,-0.651135495119281,-0.4144556004615526,-1.2990910130319169,-2.0510203636035658,-1.6038274932198118,0.0,-0.8930772127243898,-0.5664572772702333,2.625628875351834
79,0.5138513120822684,0.14275103271962616,0.6256513576937649,-1.5491826869357594,3.6694616296146245,1.4146194503775698,0.9144454015419866,-0.6238699258790168,-1.7618165702686994,-0.651135495119281,-0.4144556004615526,-0.5077411071479061,0.8919020892990498,-1.6038274932198118,0.0,0.6882113771853678,1.1921382551160753,-1.176813837095037
80,1.0718031166720068,1.6181059352659815,0.6256513576937649,-1.5491826869357594,3.6694616296146245,1.4146194503775698,0.9144454015419866,-0.6238699258790168,-1.7618165702686994,-0.651135495119281,-0.4144556004615526,0.2684126161959317,2.632197807890822,-1.6038274932198118,0.0,2.2694999670951255,1.1921382551160753,-0.7965695658503499
81,0.970780353846232,1.594385924137376,0.6256513576937649,-1.5491826869357594,3.6694616296146245,1.4146194503775698,0.9144454015419866,-0.6238699258790168,-1.7618165702686994,-0.651135495119281,-0.4144556004615526,-0.2771999378323368,1.0881685152519283,-1.6038274932198118,0.0,0.6882113771853678,-0.5664572772702333,-0.41632529460566275
82,0.37083974648073253,2.0058555049397166,0.6256513576937649,-1.5491826869357594,3.6694616296146245,1.4146194503775698,0.9144454015419866,-0.6238699258790168,-1.7618165702686994,-0.651135495119281,-0.4144556004615526,-0.03957688344747327,-0.3278803237932074,-1.6038274932198118,0.0,0.6882113771853678,-0.5664572772702333,-0.03608102336097565
83,1.137132900776744,-1.8003907894530935,0.6256513576937649,-1.5491826869357594,3.6694616296146245,1.4146194503775698,0.9144454015419866,-0.6238699258790168,-1.7618165702686994,-0.651135495119281,-0.4144556004615526,-0.3836602166586243,1.678687911566631,-1.6038274932198118,0.0,-0.8930772127243898,1.1921382551160753,0.34416324788371144
84,-1.4120467582536522,-1.8003907894530935,0.6256513576937649,-1.5491826869357594,3.6694616296146245,1.4146194503775698,0.9144454015419866,-0.6238699258790168,-1.7618165702686994,-0.651135495119281,-0.4144556004615526,-0.3724776823313519,2.3817339988380413,-1.6038274932198118,0.0,-0.8930772127243898,2.950733787502384,0.7244075191283986
85,0.5138513120822684,0.14275103271962616,0.2133691236831747,-1.287236440853872,3.085678386428535,1.8992067087035327,0.8417196695459577,-0.3979034061231674,-1.7618165702686994,1.5357786628062884,2.412803684849147,-0.5077411071479061,-0.09775759807011321,-1.6038274932198118,0.0,0.6882113771853678,-0.5664572772702333,-1.176813837095037
86,1.0718031166720068,1.6181059352659815,0.2133691236831747,-1.287236440853872,3.085678386428535,1.8992067087035327,0.8417196695459577,-0.3979034061231674,-1.7618165702686994,1.5357786628062884,2.412803684849147,0.2684126161959317,0.6422664854288203,-1.6038274932198118,0.0,0.6882113771853678,1.1921382551160753,-0.7965695658503499
87,0.970780353846232,1.594385924137376,0.2133691236831747,-1.287236440853872,3.085678386428535,1.8992067087035327,0.8417196695459577,-0.3979034061231674,-1.7618165702686994,1.5357786628062884,2.412803684849147,-0.2771999378323368,0.7209823823945722,-1.6038274932198118,0.0,0.6882113771853678,-0.5664572772702333,-0.41632529460566275
88,0.37083974648073253,2.0058555049397166,0.2133691236831747,-1.287236440853872,3.085678386428535,1.8992067087035327,0.8417196695459577,-0.3979034061231674,-1.7618165702686994,1.5357786628062884,2.412803684849147,-0.03957688344747327,0.6363507341248849,-1.6038274932198118,0.0,0.6882113771853678,1.1921382551160753,-0.03608102336097565
89,-2.6298967840655036,-0.891173345611396,0.2133691236831747,-1.287236440853872,3.085678386428535,1.8992067087035327,0.8417196695459577,-0.3979034061231674,-1.7618165702686994,1.5357786628062884,2.412803684849147,-0.4711658677973985,-1.3316377015774417,-1.6038274932198118,0.0,-0.8930772127243898,-0.5664572772702333,0.34416324788371144
90,0.5138513120822684,0.14275103271962616,0.2133691236831747,-1.287236440853872,6.004594602358984,1.959780115994278,0.9508082675400011,-0.8498364456348662,-3.9304705684926433,1.5357786628062884,2.412803684849147,-0.5077411071479061,-0.09775759807011321,-1.6038274932198118,0.0,-0.8930772127243898,-0.5664572772702333,-1.176813837095037
91,1.0718031166720068,1.6181059352659815,0.2133691236831747,-1.287236440853872,6.004594602358984,1.959780115994278,0.9508082675400011,-0.8498364456348662,-3.9304705684926433,1.5357786628062884,2.412803684849147,0.2684126161959317,0.6422664854288203,-1.6038274932198118,0.0,-0.8930772127243898,-0.5664572772702333,-0.7965695658503499
92,0.970780353846232,1.594385924137376,0.2133691236831747,-1.287236440853872,6.004594602358984,1.959780115994278,0.9508082675400011,-0.8498364456348662,-3.9304705684926433,1.5357786628062884,2.412803684849147,-0.2771999378323368,0.7209823823945722,-1.6038274932198118,0.0,-0.8930772127243898,-0.5664572772702333,-0.41632529460566275
93,0.37083974648073253,2.0058555049397166,0.2133691236831747,-1.287236440853872,6.004594602358984,1.959780115994278,0.9508082675400011,-0.8498364456348662,-3.9304705684926433,1.5357786628062884,2.412803684849147,-0.03957688344747327,0.6363507341248849,-1.6038274932198118,0.0,-0.8930772127243898,-0.5664572772702333,-0.03608102336097565
94,1.137132900776744,-1.8003907894530935,0.2133691236831747,-1.287236440853872,6.004594602358984,1.959780115994278,0.9508082675400011,-0.8498364456348662,-3.9304705684926433,1.5357786628062884,2.412803684849147,-0.3836602166586243,1.2957021721498414,-1.6038274932198118,0.0,-0.8930772127243898,-0.5664572772702333,0.34416324788371144
95,-2.6298967840655036,-0.891173345611396,0.2133691236831747,-1.287236440853872,6.004594602358984,1.959780115994278,0.9508082675400011,-0.8498364456348662,-3.9304705684926433,1.5357786628062884,2.412803684849147,-0.4711658677973985,-1.3316377015774417,-1.6038274932198118,0.0,-0.8930772127243898,-0.5664572772702333,0.7244075191283986
96,-1.4120467582536522,-1.8003907894530935,0.2133691236831747,-1.287236440853872,6.004594602358984,1.959780115994278,0.9508082675400011,-0.8498364456348662,-3.9304705684926433,1.5357786628062884,2.412803684849147,-0.3724776823313519,-0.9487611760308784,-1.6038274932198118,0.0,0.6882113771853678,1.1921382551160753,1.1046517903730857
97,-1.5500656005762627,-1.8003907894530935,0.2133691236831747,-1.287236440853872,6.004594602358984,1.959780115994278,0.9508082675400011,-0.8498364456348662,-3.9304705684926433,1.5357786628062884,2.412803684849147,-1.3763885415482846,-0.9106819399452374,-1.6038274932198118,0.0,-0.8930772127243898,-0.5664572772702333,1.4848960616177729
98,-0.6901638775236811,-1.8003907894530935,0.2133691236831747,-1.287236440853872,6.004594602358984,1.959780115994278,0.9508082675400011,-0.8498364456348662,-3.9304705684926433,1.5357786628062884,2.412803684849147,-0.6501850182181754,-1.102507001842238,-1.6038274932198118,0.0,0.6882113771853678,-0.5664572772702333,1.8651403328624598
99,-0.8536955358016,-1.8003907894530935,0.2133691236831747,-1.287236440853872,6.004594602358984,1.959780115994278,0.9508082675400011,-0.8498364456348662,-3.9304705684926433,1.5357786628062884,2.412803684849147,-0.8411233118145462,-0.7612045562285635,-1.6038274932198118,0.0,-0.8930772127243898,-0.5664572772702333,2.245384604107147
100,-2.6298967840655036,-1.8003907894530935,0.2133691236831747,-1.287236440853872,6.004594602358984,1.959780115994278,0.9508082675400011,-0.8498364456348662,-3.9304705684926433,1.5357786628062884,2.412803684849147,-1.2990910130319169,-2.170027077527046,-1.6038274932198118,0.0,-0.8930772127243898,-0.5664572772702333,2.625628875351834
101,0.5138513120822684,0.14275103271962616,-0.19891311032741552,-1.156263317812928,0.16676217049808661,1.475192857668315,-0.35825490838852087,-0.3979034061231674,0.40683742795524463,1.5357786628062884,2.412803684849147,-0.5077411071479061,-0.6257702559918471,-1.6038274932198118,0.0,0.6882113771853678,-0.5664572772702333,-1.176813837095037
102,1.0718031166720068,1.6181059352659815,-0.19891311032741552,-1.156263317812928,0.16676217049808661,1.475192857668315,-0.35825490838852087,-0.3979034061231674,0.40683742795524463,1.5357786628062884,2.412803684849147,0.2684126161959317,0.8770399017923932,-1.6038274932198118,0.0,-0.8930772127243898,-0.5664572772702333,-0.7965695658503499
103,0.970780353846232,1.594385924137376,-0.19891311032741552,-1.156263317812928,0.16676217049808661,1.475192857668315,-0.35825490838852087,-0.3979034061231674,0.40683742795524463,1.5357786628062884,2.412803684849147,-0.2771999378323368,0.8985823376945709,-1.6038274932198118,0.0,0.6882113771853678,-0.5664572772702333,-0.41632529460566275
104,0.37083974648073253,2.0058555049397166,-0.19891311032741552,-1.156263317812928,0.16676217049808661,1.475192857668315,-0.35825490838852087,-0.3979034061231674,0.40683742795524463,1.5357786628062884,2.412803684849147,-0.03957688344747327,-0.04224054737164048,-1.6038274932198118,0.0,-0.8930772127243898,-0.5664572772702333,-0.03608102336097565
105,-0.9635604115543509,1.7021499935348394,-0.19891311032741552,-1.156263317812928,0.16676217049808661,1.475192857668315,-0.35825490838852087,-0.3979034061231674,0.40683742795524463,1.5357786628062884,2.412803684849147,-0.5741577049599365,0.7294828619605354,-1.6038274932198118,0.0,0.6882113771853678,-0.5664572772702333,0.34416324788371144
106,1.137132900776744,-1.8003907894530935,-0.19891311032741552,-1.156263317812928,0.16676217049808661,1.475192857668315,-0.35825490838852087,-0.3979034061231674,0.40683742795524463,1.5357786628062884,2.412803684849147,-0.3836602166586243,-0.23387448499574498,-1.6038274932198118,0.0,-0.8930772127243898,-0.5664572772702333,0.7244075191283986
107,-0.6901638775236811,-1.8003907894530935,-0.19891311032741552,-1.156263317812928,0.16676217049808661,1.475192857668315,-0.35825490838852087,-0.3979034061231674,0.40683742795524463,1.5357786628062884,2.412803684849147,-0.6501850182181754,-0.5810198726665375,-1.6038274932198118,0.0,-0.8930772127243898,1.1921382551160753,1.1046517903730857
108,-1.636524589597412,-1.8003907894530935,-0.19891311032741552,-1.156263317812928,0.16676217049808661,1.475192857668315,-0.35825490838852087,-0.3979034061231674,0.40683742795524463,1.5357786628062884,2.412803684849147,-0.1326564015408679,-1.2089814241572263,-1.6038274932198118,0.0,-0.8930772127243898,-0.5664572772702333,1.4848960616177729
109,-1.4120467582536522,-1.8003907894530935,-0.19891311032741552,-1.156263317812928,0.16676217049808661,1.475192857668315,-0.35825490838852087,-0.3979034061231674,0.40683742795524463,1.5357786628062884,2.412803684849147,-0.3724776823313519,-0.9231687257744676,-1.6038274932198118,0.0,-0.8930772127243898,-0.5664572772702333,1.8651403328624598
110,0.5138513120822684,0.14275103271962616,0.6256513576937649,-1.5491826869357594,1.334328656870266,0.8694587847608612,0.22355094757971114,-0.3979034061231674,-1.7618165702686994,-0.651135495119281,-0.4144556004615526,-0.5077411071479061,-0.09775759807011321,-1.6038274932198118,0.0,-0.8930772127243898,-0.5664572772702333,-1.176813837095037
111,1.0718031166720068,1.6181059352659815,0.6256513576937649,-1.5491826869357594,1.334328656870266,0.8694587847608612,0.22355094757971114,-0.3979034061231674,-1.7618165702686994,-0.651135495119281,-0.4144556004615526,0.2684126161959317,0.6422664854288203,-1.6038274932198118,0.0,0.6882113771853678,-0.5664572772702333,-0.7965695658503499
112,0.970780353846232,1.594385924137376,0.6256513576937649,-1.5491826869357594,1.334328656870266,0.8694587847608612,0.22355094757971114,-0.3979034061231674,-1.7618165702686994,-0.651135495119281,-0.4144556004615526,-0.2771999378323368,0.7209823823945722,-1.6038274932198118,0.0,-0.8930772127243898,-0.5664572772702333,-0.41632529460566275
113,0.37083974648073253,2.0058555049397166,0.6256513576937649,-1.5491826869357594,1.334328656870266,0.8694587847608612,0.22355094757971114,-0.3979034061231674,-1.7618165702686994,-0.651135495119281,-0.4144556004615526,-0.03957688344747327,0.6363507341248849,-1.6038274932198118,0.0,-0.8930772127243898,-0.5664572772702333,-0.03608102336097565
114,-0.9635604115543509,1.7021499935348394,0.6256513576937649,-1.5491826869357594,1.334328656870266,0.8694587847608612,0.22355094757971114,-0.3979034061231674,-1.7618165702686994,-0.651135495119281,-0.4144556004615526,-0.5741577049599365,-0.12520668412037408,-1.6038274932198118,0.0,-0.8930772127243898,-0.5664572772702333,0.34416324788371144
115,1.137132900776744,-1.8003907894530935,0.6256513576937649,-1.5491826869357594,1.334328656870266,0.8694587847608612,0.22355094757971114,-0.3979034061231674,-1.7618165702686994,-0.651135495119281,-0.4144556004615526,-0.3836602166586243,1.2957021721498414,-1.6038274932198118,0.0,-0.8930772127243898,-0.5664572772702333,0.7244075191283986
116,-1.4120467582536522,-1.8003907894530935,0.6256513576937649,-1.5491826869357594,1.334328656870266,0.8694587847608612,0.22355094757971114,-0.3979034061231674,-1.7618165702686994,-0.651135495119281,-0.4144556004615526,-0.3724776823313519,-0.9487611760308784,-1.6038274932198118,0.0,-0.8930772127243898,-0.5664572772702333,1.1046517903730857
117,-1.4903376519904794,-0.2690313394382567,0.6256513576937649,-1.5491826869357594,1.334328656870266,0.8694587847608612,0.22355094757971114,-0.3979034061231674,-1.7618165702686994,-0.651135495119281,-0.4144556004615526,-0.5808161849431879,-1.0314360757923409,-1.6038274932198118,0.0,0.6882113771853678,-0.5664572772702333,1.4848960616177729
118,-0.6901638775236811,-1.8003907894530935,0.6256513576937649,-1.5491826869357594,1.334328656870266,0.8694587847608612,0.22355094757971114,-0.3979034061231674,-1.7618165702686994,-0.651135495119281,-0.4144556004615526,-0.6501850182181754,-1.102507001842238,-1.6038274932198118,0.0,-0.8930772127243898,-0.5664572772702333,1.8651403328624598
119,-0.8536955358016,-1.8003907894530935,0.6256513576937649,-1.5491826869357594,1.334328656870266,0.8694587847608612,0.22355094757971114,-0.3979034061231674,-1.7618165702686994,-0.651135495119281,-0.4144556004615526,-0.8411233118145462,-0.7612045562285635,-1.6038274932198118,0.0,-0.8930772127243898,-0.5664572772702333,2.245384604107147
120,-2.6298967840655036,-1.8003907894530935,0.6256513576937649,-1.5491826869357594,1.334328656870266,0.8694587847608612,0.22355094757971114,-0.3979034061231674,-1.7618165702686994,-0.651135495119281,-0.4144556004615526,-1.3675144349503974,-2.169378165114783,-1.6038274932198118,0.0,-0.8930772127243898,-0.5664572772702333,2.625628875351834
121,0.5138513120822684,0.14275103271962616,0.4195102406884698,-1.287236440853872,1.9181119000563556,1.4146194503775698,0.22355094757971114,-0.3979034061231674,-1.7618165702686994,-0.651135495119281,-0.4144556004615526,-0.5077411071479061,-0.6257702559918471,-1.6038274932198118,0.0,-0.8930772127243898,-0.5664572772702333,-1.176813837095037
122,1.0718031166720068,1.6181059352659815,0.4195102406884698,-1.287236440853872,1.9181119000563556,1.4146194503775698,0.22355094757971114,-0.3979034061231674,-1.7618165702686994,-0.651135495119281,-0.4144556004615526,0.2684126161959317,0.8770399017923932,-1.6038274932198118,0.0,0.6882113771853678,-0.5664572772702333,-0.7965695658503499
123,0.970780353846232,1.594385924137376,0.4195102406884698,-1.287236440853872,1.9181119000563556,1.4146194503775698,0.22355094757971114,-0.3979034061231674,-1.7618165702686994,-0.651135495119281,-0.4144556004615526,-0.2771999378323368,0.8985823376945709,-1.6038274932198118,0.0,0.6882113771853678,-0.5664572772702333,-0.41632529460566275
124,0.37083974648073253,2.0058555049397166,0.4195102406884698,-1.287236440853872,1.9181119000563556,1.4146194503775698,0.22355094757971114,-0.3979034061231674,-1.7618165702686994,-0.651135495119281,-0.4144556004615526,-0.03957688344747327,-0.04224054737164048,-1.6038274932198118,0.0,0.6882113771853678,1.1921382551160753,-0.03608102336097565
125,-1.4035990704657106,-1.0117469657596296,0.4195102406884698,-1.287236440853872,1.9181119000563556,1.4146194503775698,0.22355094757971114,-0.3979034061231674,-1.7618165702686994,-0.651135495119281,-0.4144556004615526,0.6012670145224359,-0.8025511072651471,-1.6038274932198118,0.0,0.6882113771853678,1.1921382551160753,0.34416324788371144
126,0.37083974648073253,2.0058555049397166,0.007228006677879595,-1.5491826869357594,7.755944331917253,1.8386333014127874,0.36900241157176916,-0.3979034061231674,-3.9304705684926433,1.5357786628062884,2.412803684849147,-0.03957688344747327,0.6363507341248849,-1.6038274932198118,0.0,0.6882113771853678,-0.5664572772702333,-1.176813837095037
127,1.0718031166720068,1.6181059352659815,0.007228006677879595,-1.5491826869357594,7.755944331917253,1.8386333014127874,0.36900241157176916,-0.3979034061231674,-3.9304705684926433,1.5357786628062884,2.412803684849147,0.2684126161959317,0.6422664854288203,-1.6038274932198118,0.0,0.6882113771853678,-0.5664572772702333,-0.7965695658503499
128,0.5138513120822684,0.14275103271962616,0.007228006677879595,-1.5491826869357594,7.755944331917253,1.8386333014127874,0.36900241157176916,-0.3979034061231674,-3.9304705684926433,1.5357786628062884,2.412803684849147,-0.5077411071479061,-0.09775759807011321,-1.6038274932198118,0.0,-0.8930772127243898,-0.5664572772702333,-0.41632529460566275
129,0.970780353846232,1.594385924137376,0.007228006677879595,-1.5491826869357594,7.755944331917253,1.8386333014127874,0.36900241157176916,-0.3979034061231674,-3.9304705684926433,1.5357786628062884,2.412803684849147,-0.2771999378323368,0.7209823823945722,-1.6038274932198118,0.0,-0.8930772127243898,-0.5664572772702333,-0.03608102336097565
130,0.37083974648073253,2.0058555049397166,0.6256513576937649,-0.6323708256491528,0.7505454136841763,0.5665917483071344,0.8780825355439722,-0.8498364456348662,0.40683742795524463,-0.651135495119281,-0.4144556004615526,-0.03957688344747327,0.6363507341248849,-1.6038274932198118,0.0,0.6882113771853678,-0.5664572772702333,-1.176813837095037
131,1.0718031166720068,1.6181059352659815,0.6256513576937649,-0.6323708256491528,0.7505454136841763,0.5665917483071344,0.8780825355439722,-0.8498364456348662,0.40683742795524463,-0.651135495119281,-0.4144556004615526,0.2684126161959317,0.6422664854288203,-1.6038274932198118,0.0,2.2694999670951255,1.1921382551160753,-0.7965695658503499
132,0.5138513120822684,0.14275103271962616,0.6256513576937649,-0.6323708256491528,0.7505454136841763,0.5665917483071344,0.8780825355439722,-0.8498364456348662,0.40683742795524463,-0.651135495119281,-0.4144556004615526,-0.5077411071479061,-0.09775759807011321,-1.6038274932198118,0.0,-0.8930772127243898,-0.5664572772702333,-0.41632529460566275
133,0.970780353846232,1.594385924137376,0.6256513576937649,-0.6323708256491528,0.7505454136841763,0.5665917483071344,0.8780825355439722,-0.8498364456348662,0.40683742795524463,-0.651135495119281,-0.4144556004615526,-0.2771999378323368,0.7209823823945722,-1.6038274932198118,0.0,0.6882113771853678,1.1921382551160753,-0.03608102336097565
134,-1.4120467582536522,-1.8003907894530935,0.6256513576937649,-0.6323708256491528,0.7505454136841763,0.5665917483071344,0.8780825355439722,-0.8498364456348662,0.40683742795524463,-0.651135495119281,-0.4144556004615526,-0.3724776823313519,-0.9487611760308784,-1.6038274932198118,0.0,-0.8930772127243898,-0.5664572772702333,0.34416324788371144
135,1.137132900776744,-1.8003907894530935,0.6256513576937649,-0.6323708256491528,0.7505454136841763,0.5665917483071344,0.8780825355439722,-0.8498364456348662,0.40683742795524463,-0.651135495119281,-0.4144556004615526,-0.3836602166586243,1.2957021721498414,-1.6038274932198118,0.0,-0.8930772127243898,-0.5664572772702333,0.7244075191283986
136,-1.4035990704657106,-1.0117469657596296,0.6256513576937649,-0.6323708256491528,0.7505454136841763,0.5665917483071344,0.8780825355439722,-0.8498364456348662,0.40683742795524463,-0.651135495119281,-0.4144556004615526,0.6012670145224359,-0.03361265162374679,-1.6038274932198118,0.0,-0.8930772127243898,-0.5664572772702333,1.1046517903730857
137,0.14607233718679458,1.456273645839106,0.6256513576937649,-0.6323708256491528,0.7505454136841763,0.5665917483071344,0.8780825355439722,-0.8498364456348662,0.40683742795524463,-0.651135495119281,-0.4144556004615526,-0.4568512958473425,-0.32164603203444453,-1.6038274932198118,0.0,-0.8930772127243898,-0.5664572772702333,1.4848960616177729
138,-1.4903376519904794,-0.2690313394382567,0.6256513576937649,-0.6323708256491528,0.7505454136841763,0.5665917483071344,0.8780825355439722,-0.8498364456348662,0.40683742795524463,-0.651135495119281,-0.4144556004615526,-0.5808161849431879,-1.0314360757923409,-1.6038274932198118,0.0,-0.8930772127243898,-0.5664572772702333,1.8651403328624598
139,-0.6901638775236811,-1.8003907894530935,0.6256513576937649,-0.6323708256491528,0.7505454136841763,0.5665917483071344,0.8780825355439722,-0.8498364456348662,0.40683742795524463,-0.651135495119281,-0.4144556004615526,-0.6501850182181754,-1.102507001842238,-1.6038274932198118,0.0,-0.8930772127243898,-0.5664572772702333,2.245384604107147
140,0.5138513120822684,0.2623118046689615,-3.084888748401547,-0.8943170717310404,-0.41702107268800304,0.7483119701793706,-0.28552917639249187,2.539661350702875,0.40683742795524463,1.5357786628062884,2.412803684849147,-1.80723859702202,-0.5885374274004618,-1.4100198332932161,0.0,-0.8930772127243898,-0.5664572772702333,-1.176813837095037
141,1.0718031166720068,1.385947722734735,-3.084888748401547,-0.8943170717310404,-0.41702107268800304,0.7483119701793706,-0.28552917639249187,2.539661350702875,0.40683742795524463,1.5357786628062884,2.412803684849147,1.012016348541506,0.09480465745091668,-1.4100198332932161,0.0,-0.8930772127243898,-0.5664572772702333,-0.7965695658503499
142,0.970780353846232,0.6027032736309847,-3.084888748401547,-0.8943170717310404,-0.41702107268800304,0.7483119701793706,-0.28552917639249187,2.539661350702875,0.40683742795524463,1.5357786628062884,2.412803684849147,1.8419947184398489,0.45331738878111777,-1.4100198332932161,0.0,0.6882113771853678,-0.5664572772702333,-0.41632529460566275
143,0.37083974648073253,0.5741573387311592,-3.084888748401547,-0.8943170717310404,-0.41702107268800304,0.7483119701793706,-0.28552917639249187,2.539661350702875,0.40683742795524463,1.5357786628062884,2.412803684849147,-1.0892270920963918,0.017845283564640664,-1.4100198332932161,0.0,-0.8930772127243898,-0.5664572772702333,-0.03608102336097565
144,-1.4035990704657106,1.6508745534656248,-3.084888748401547,-0.8943170717310404,-0.41702107268800304,0.7483119701793706,-0.28552917639249187,2.539661350702875,0.40683742795524463,1.5357786628062884,2.412803684849147,-1.4606113532528076,-1.2034388202432313,-1.4100198332932161,0.0,-0.8930772127243898,-0.5664572772702333,0.34416324788371144
145,1.137132900776744,0.09932516619187155,-3.084888748401547,-0.8943170717310404,-0.41702107268800304,0.7483119701793706,-0.28552917639249187,2.539661350702875,0.40683742795524463,1.5357786628062884,2.412803684849147,0.036607031691905184,-0.24237496456170773,-1.4100198332932161,0.0,0.6882113771853678,1.1921382551160753,0.7244075191283986
146,0.14607233718679458,-0.26626834913096864,-3.084888748401547,-0.8943170717310404,-0.41702107268800304,0.7483119701793706,-0.28552917639249187,2.539661350702875,0.40683742795524463,1.5357786628062884,2.412803684849147,-1.537069031680696,-0.3612451611474043,-1.4100198332932161,0.0,-0.8930772127243898,-0.5664572772702333,1.1046517903730857
147,-1.4903376519904794,-0.21984862248588283,-3.084888748401547,-0.8943170717310404,-0.41702107268800304,0.7483119701793706,-0.28552917639249187,2.539661350702875,0.40683742795524463,1.5357786628062884,2.412803684849147,-1.3217228848913651,-1.0506031100170925,-1.4100198332932161,0.0,-0.8930772127243898,-0.5664572772702333,1.4848960616177729
148,-0.6901638775236811,-0.007038789518880185,-3.084888748401547,-0.8943170717310404,-0.41702107268800304,0.7483119701793706,-0.28552917639249187,2.539661350702875,0.40683742795524463,1.5357786628062884,2.412803684849147,-1.442352733925913,-0.23831584905162279,-1.4100198332932161,0.0,-0.8930772127243898,-0.5664572772702333,1.8651403328624598
149,-0.8536955358016,-0.5522639118815839,-3.084888748401547,-0.8943170717310404,-0.41702107268800304,0.7483119701793706,-0.28552917639249187,2.539661350702875,0.40683742795524463,1.5357786628062884,2.412803684849147,-0.5037042586563183,-1.520641405160258,-1.4100198332932161,0.0,0.6882113771853678,2.950733787502384,2.245384604107147
150,-2.6298967840655036,-0.8797564611341112,-3.084888748401547,-0.8943170717310404,-0.41702107268800304,0.7483119701793706,-0.28552917639249187,2.539661350702875,0.40683742795524463,1.5357786628062884,2.412803684849147,-0.1468955725851902,0.10639042885077805,-1.4100198332932161,0.0,-0.8930772127243898,-0.5664572772702333,2.625628875351834
151,0.5138513120822684,0.2623118046689615,-1.4357598123591861,0.9393066508421729,-0.41702107268800304,-0.09971573189106478,0.005373751591624148,2.3136948309470253,0.40683742795524463,-0.651135495119281,-0.4144556004615526,1.0880900623571195,-0.5885374274004618,-1.4100198332932161,0.0,0.6882113771853678,-0.5664572772702333,-1.176813837095037
152,1.0718031166720068,1.385947722734735,-1.4357598123591861,0.9393066508421729,-0.41702107268800304,-0.09971573189106478,0.005373751591624148,2.3136948309470253,0.40683742795524463,-0.651135495119281,-0.4144556004615526,-0.12410709884460287,0.09480465745091668,-1.4100198332932161,0.0,0.6882113771853678,-0.5664572772702333,-0.7965695658503499
153,0.37083974648073253,0.5741573387311592,-1.4357598123591861,0.9393066508421729,-0.41702107268800304,-0.09971573189106478,0.005373751591624148,2.3136948309470253,0.40683742795524463,-0.651135495119281,-0.4144556004615526,-0.583287014623384,0.017845283564640664,-1.4100198332932161,0.0,-0.8930772127243898,-0.5664572772702333,-0.41632529460566275
154,0.970780353846232,0.6027032736309847,-1.4357598123591861,0.9393066508421729,-0.41702107268800304,-0.09971573189106478,0.005373751591624148,2.3136948309470253,0.40683742795524463,-0.651135495119281,-0.4144556004615526,0.35782649025673496,0.45331738878111777,-1.4100198332932161,0.0,0.6882113771853678,-0.5664572772702333,-0.03608102336097565
155,1.137132900776744,0.09932516619187155,-1.4357598123591861,0.9393066508421729,-0.41702107268800304,-0.09971573189106478,0.005373751591624148,2.3136948309470253,0.40683742795524463,-0.651135495119281,-0.4144556004615526,-0.07696413255203584,-0.24237496456170773,-1.4100198332932161,0.0,-0.8930772127243898,-0.5664572772702333,0.34416324788371144
156,0.5138513120822684,0.2623118046689615,-0.19891311032741552,0.4154141586783977,-0.41702107268800304,0.38487152643489825,-0.14007771240043385,1.4098287519236279,0.40683742795524463,-0.651135495119281,-0.4144556004615526,-0.3846636287118494,-0.5885374274004618,-1.4100198332932161,0.0,-0.8930772127243898,-0.5664572772702333,-1.176813837095037
157,1.0718031166720068,1.385947722734735,-0.19891311032741552,0.4154141586783977,-0.41702107268800304,0.38487152643489825,-0.14007771240043385,1.4098287519236279,0.40683742795524463,-0.651135495119281,-0.4144556004615526,-0.6114115524620475,0.09480465745091668,-1.4100198332932161,0.0,-0.8930772127243898,-0.5664572772702333,-0.7965695658503499
158,0.970780353846232,0.6027032736309847,-0.19891311032741552,0.4154141586783977,-0.41702107268800304,0.38487152643489825,-0.14007771240043385,1.4098287519236279,0.40683742795524463,-0.651135495119281,-0.4144556004615526,-1.0774297503839065,0.45331738878111777,-1.4100198332932161,0.0,-0.8930772127243898,-0.5664572772702333,-0.41632529460566275
159,0.37083974648073253,0.5741573387311592,-0.19891311032741552,0.4154141586783977,-0.41702107268800304,0.38487152643489825,-0.14007771240043385,1.4098287519236279,0.40683742795524463,-0.651135495119281,-0.4144556004615526,-1.062059565753579,0.017845283564640664,-1.4100198332932161,0.0,-0.8930772127243898,-0.5664572772702333,-0.03608102336097565
160,-1.4035990704657106,1.6508745534656248,-0.19891311032741552,0.4154141586783977,-0.41702107268800304,0.38487152643489825,-0.14007771240043385,1.4098287519236279,0.40683742795524463,-0.651135495119281,-0.4144556004615526,-0.7250871179600812,-1.2034388202432313,-1.4100198332932161,0.0,-0.8930772127243898,-0.5664572772702333,0.34416324788371144
161,1.137132900776744,0.09932516619187155,-0.19891311032741552,0.4154141586783977,-0.41702107268800304,0.38487152643489825,-0.14007771240043385,1.4098287519236279,0.40683742795524463,-0.651135495119281,-0.4144556004615526,-0.6143173873676301,-0.24237496456170773,-1.4100198332932161,0.0,-0.8930772127243898,-0.5664572772702333,0.7244075191283986
162,-1.061677409431791,0.6252242512300124,-0.19891311032741552,0.4154141586783977,-0.41702107268800304,0.38487152643489825,-0.14007771240043385,1.4098287519236279,0.40683742795524463,-0.651135495119281,-0.4144556004615526,-1.6277131005188927,-1.554160962163942,-1.4100198332932161,0.0,-0.8930772127243898,-0.5664572772702333,1.1046517903730857
163,-1.4903376519904794,-0.21984862248588283,-0.19891311032741552,0.4154141586783977,-0.41702107268800304,0.38487152643489825,-0.14007771240043385,1.4098287519236279,0.40683742795524463,-0.651135495119281,-0.4144556004615526,-1.1374430712782457,-1.0506031100170925,-1.4100198332932161,0.0,-0.8930772127243898,-0.5664572772702333,1.4848960616177729
164,0.14607233718679458,-0.26626834913096864,-0.19891311032741552,0.4154141586783977,-0.41702107268800304,0.38487152643489825,-0.14007771240043385,1.4098287519236279,0.40683742795524463,-0.651135495119281,-0.4144556004615526,-0.6200362560640462,-0.3612451611474043,-1.4100198332932161,0.0,-0.8930772127243898,-0.5664572772702333,1.8651403328624598
165,-0.8536955358016,-0.5522639118815839,-0.19891311032741552,0.4154141586783977,-0.41702107268800304,0.38487152643489825,-0.14007771240043385,1.4098287519236279,0.40683742795524463,-0.651135495119281,-0.4144556004615526,-1.7789371570583659,-1.520641405160258,-1.4100198332932161,0.0,-0.8930772127243898,-0.5664572772702333,2.245384604107147
166,-2.6298967840655036,-1.3530187189651068,-0.19891311032741552,0.4154141586783977,-0.41702107268800304,0.38487152643489825,-0.14007771240043385,1.4098287519236279,0.40683742795524463,-0.651135495119281,-0.4144556004615526,-1.601437044884639,-2.170027077527046,-1.4100198332932161,0.0,-0.8930772127243898,-0.5664572772702333,2.625628875351834
167,0.5138513120822684,0.2623118046689615,0.4195102406884698,1.3322260199650044,0.16676217049808661,0.9300321920516067,1.3507997935181608,-0.6238699258790168,-1.7618165702686994,1.5357786628062884,-0.4144556004615526,1.1015462239957456,-0.08848352025671259,-1.4100198332932161,0.0,0.6882113771853678,-0.5664572772702333,-1.176813837095037
168,1.0718031166720068,1.385947722734735,0.4195102406884698,1.3322260199650044,0.16676217049808661,0.9300321920516067,1.3507997935181608,-0.6238699258790168,-1.7618165702686994,1.5357786628062884,-0.4144556004615526,-0.7476725892621549,-0.032311186336881084,-1.4100198332932161,0.0,-0.8930772127243898,-0.5664572772702333,-0.7965695658503499
169,0.970780353846232,0.6027032736309847,0.4195102406884698,1.3322260199650044,0.16676217049808661,0.9300321920516067,1.3507997935181608,-0.6238699258790168,-1.7618165702686994,1.5357786628062884,-0.4144556004615526,-0.15355405256844168,0.8792969884437408,-1.4100198332932161,0.0,-0.8930772127243898,-0.5664572772702333,-0.41632529460566275
170,0.37083974648073253,0.5741573387311592,0.4195102406884698,1.3322260199650044,0.16676217049808661,0.9300321920516067,1.3507997935181608,-0.6238699258790168,-1.7618165702686994,1.5357786628062884,-0.4144556004615526,1.210158328670279,0.4290719095908337,-1.4100198332932161,0.0,0.6882113771853678,-0.5664572772702333,-0.03608102336097565
171,0.5138513120822684,0.2623118046689615,1.2440747087096502,0.2844410356374539,-0.41702107268800304,-0.28143595376330094,-0.21280344439646284,-0.6238699258790168,0.40683742795524463,-0.651135495119281,-0.4144556004615526,1.1015462239957456,-0.08848352025671259,-1.4100198332932161,0.0,0.6882113771853678,-0.5664572772702333,-1.176813837095037
172,1.0718031166720068,1.385947722734735,1.2440747087096502,0.2844410356374539,-0.41702107268800304,-0.28143595376330094,-0.21280344439646284,-0.6238699258790168,0.40683742795524463,-0.651135495119281,-0.4144556004615526,-0.7476725892621549,-0.032311186336881084,-1.4100198332932161,0.0,-0.8930772127243898,1.1921382551160753,-0.7965695658503499
173,0.970780353846232,0.6027032736309847,1.2440747087096502,0.2844410356374539,-0.41702107268800304,-0.28143595376330094,-0.21280344439646284,-0.6238699258790168,0.40683742795524463,-0.651135495119281,-0.4144556004615526,-0.15355405256844168,0.8792969884437408,-1.4100198332932161,0.0,0.6882113771853678,1.1921382551160753,-0.41632529460566275
174,0.37083974648073253,0.5741573387311592,1.2440747087096502,0.2844410356374539,-0.41702107268800304,-0.28143595376330094,-0.21280344439646284,-0.6238699258790168,0.40683742795524463,-0.651135495119281,-0.4144556004615526,1.210158328670279,0.4290719095908337,-1.4100198332932161,0.0,-0.8930772127243898,-0.5664572772702333,-0.03608102336097565
175,-1.4120467582536522,0.2550803664253583,1.2440747087096502,0.2844410356374539,-0.41702107268800304,-0.28143595376330094,-0.21280344439646284,-0.6238699258790168,0.40683742795524463,-0.651135495119281,-0.4144556004615526,-0.676615935712667,-0.7636254636852509,-1.4100198332932161,0.0,-0.8930772127243898,-0.5664572772702333,0.34416324788371144
176,-0.9635604115543509,0.16474324397952328,1.2440747087096502,0.2844410356374539,-0.41702107268800304,-0.28143595376330094,-0.21280344439646284,-0.6238699258790168,0.40683742795524463,-0.651135495119281,-0.4144556004615526,-1.3980808021208977,-1.8569018104318087,-1.4100198332932161,0.0,-0.8930772127243898,-0.5664572772702333,0.7244075191283986
177,0.14607233718679458,-0.26626834913096864,1.2440747087096502,0.2844410356374539,-0.41702107268800304,-0.28143595376330094,-0.21280344439646284,-0.6238699258790168,0.40683742795524463,-0.651135495119281,-0.4144556004615526,-0.27338929205795,-1.5338744857693691,-1.4100198332932161,0.0,-0.8930772127243898,-0.5664572772702333,1.1046517903730857
178,1.137132900776744,0.09932516619187155,1.2440747087096502,0.2844410356374539,-0.41702107268800304,-0.28143595376330094,-0.21280344439646284,-0.6238699258790168,0.40683742795524463,-0.651135495119281,-0.4144556004615526,0.3865716355502835,1.1955985589313987,-1.4100198332932161,0.0,-0.8930772127243898,1.1921382551160753,1.4848960616177729
179,-1.636524589597412,-0.9680529923556959,1.2440747087096502,0.2844410356374539,-0.41702107268800304,-0.28143595376330094,-0.21280344439646284,-0.6238699258790168,0.40683742795524463,-0.651135495119281,-0.4144556004615526,-1.513855992840131,-1.9704569319998158,-1.4100198332932161,0.0,-0.8930772127243898,-0.5664572772702333,1.8651403328624598
180,-1.6452618553355312,-0.5932395794575925,1.2440747087096502,0.2844410356374539,-0.41702107268800304,-0.28143595376330094,-0.21280344439646284,-0.6238699258790168,0.40683742795524463,-0.651135495119281,-0.4144556004615526,-0.624310907412179,-0.874368328094925,-1.4100198332932161,0.0,-0.8930772127243898,-0.5664572772702333,2.245384604107147
181,0.5138513120822684,0.2623118046689615,0.4195102406884698,-0.6323708256491528,0.16676217049808661,1.2328992285053335,-0.17644057839844834,0.0540296333885314,0.40683742795524463,-0.651135495119281,-0.4144556004615526,0.1726766661928423,-1.2180279730743218,-1.4100198332932161,0.0,-0.8930772127243898,-0.5664572772702333,-1.176813837095037
182,1.0718031166720068,1.385947722734735,0.4195102406884698,-0.6323708256491528,0.16676217049808661,1.2328992285053335,-0.17644057839844834,0.0540296333885314,0.40683742795524463,-0.651135495119281,-0.4144556004615526,0.5739486863681554,0.3118945279936485,-1.4100198332932161,0.0,0.6882113771853678,-0.5664572772702333,-0.7965695658503499
183,0.970780353846232,0.6027032736309847,0.4195102406884698,-0.6323708256491528,0.16676217049808661,1.2328992285053335,-0.17644057839844834,0.0540296333885314,0.40683742795524463,-0.651135495119281,-0.4144556004615526,0.8758423127864758,2.229635482235931,-1.4100198332932161,0.0,0.6882113771853678,1.1921382551160753,-0.41632529460566275
184,0.37083974648073253,0.5741573387311592,0.4195102406884698,-0.6323708256491528,0.16676217049808661,1.2328992285053335,-0.17644057839844834,0.0540296333885314,0.40683742795524463,-0.651135495119281,-0.4144556004615526,-0.06379217432732873,2.7854430701303103,-1.4100198332932161,0.0,0.6882113771853678,1.1921382551160753,-0.03608102336097565
185,0.14607233718679458,-0.26626834913096864,0.4195102406884698,-0.6323708256491528,0.16676217049808661,1.2328992285053335,-0.17644057839844834,0.0540296333885314,0.40683742795524463,-0.651135495119281,-0.4144556004615526,-0.0714714665728205,-0.9963602211379293,-1.4100198332932161,0.0,-0.8930772127243898,-0.5664572772702333,0.34416324788371144
186,1.137132900776744,0.09932516619187155,0.4195102406884698,-0.6323708256491528,0.16676217049808661,1.2328992285053335,-0.17644057839844834,0.0540296333885314,0.40683742795524463,-0.651135495119281,-0.4144556004615526,0.4486497812477911,-0.17900361636277917,-1.4100198332932161,0.0,-0.8930772127243898,-0.5664572772702333,0.7244075191283986
187,-1.4120467582536522,0.2550803664253583,0.4195102406884698,-0.6323708256491528,0.16676217049808661,1.2328992285053335,-0.17644057839844834,0.0540296333885314,0.40683742795524463,-0.651135495119281,-0.4144556004615526,-1.367856639061035,-1.803505329046901,-1.4100198332932161,0.0,-0.8930772127243898,-0.5664572772702333,1.1046517903730857
188,-0.9635604115543509,0.16474324397952328,0.4195102406884698,-0.6323708256491528,0.16676217049808661,1.2328992285053335,-0.17644057839844834,0.0540296333885314,0.40683742795524463,-0.651135495119281,-0.4144556004615526,0.05065480043705718,0.3745832895036607,-1.4100198332932161,0.0,-0.8930772127243898,-0.5664572772702333,1.4848960616177729
189,-0.6901638775236811,-0.007038789518880185,0.4195102406884698,-0.6323708256491528,0.16676217049808661,1.2328992285053335,-0.17644057839844834,0.0540296333885314,0.40683742795524463,-0.651135495119281,-0.4144556004615526,-0.45623068839245756,0.6808007793070715,-1.4100198332932161,0.0,-0.8930772127243898,-0.5664572772702333,1.8651403328624598
190,0.5138513120822684,0.2623118046689615,0.4195102406884698,-1.4182095638948156,-0.41702107268800304,0.8694587847608612,-0.6855207023706513,-0.171936886367318,0.40683742795524463,1.5357786628062884,2.412803684849147,-0.23911668036715542,-0.2671392096355672,-1.4100198332932161,0.0,0.6882113771853678,-0.5664572772702333,-1.176813837095037
191,1.0718031166720068,1.385947722734735,0.4195102406884698,-1.4182095638948156,-0.41702107268800304,0.8694587847608612,-0.6855207023706513,-0.171936886367318,0.40683742795524463,1.5357786628062884,2.412803684849147,0.3956545446563562,0.2252242208130659,-1.4100198332932161,0.0,0.6882113771853678,-0.5664572772702333,-0.7965695658503499
192,0.970780353846232,0.6027032736309847,0.4195102406884698,-1.4182095638948156,-0.41702107268800304,0.8694587847608612,-0.6855207023706513,-0.171936886367318,0.40683742795524463,1.5357786628062884,2.412803684849147,1.235765636271372,-0.03395849554613088,-1.4100198332932161,0.0,-0.8930772127243898,1.1921382551160753,-0.41632529460566275
193,0.37083974648073253,0.5741573387311592,0.4195102406884698,-1.4182095638948156,-0.41702107268800304,0.8694587847608612,-0.6855207023706513,-0.171936886367318,0.40683742795524463,1.5357786628062884,2.412803684849147,-0.12604432211499134,-0.15082643784434138,-1.4100198332932161,0.0,-0.8930772127243898,-0.5664572772702333,-0.03608102336097565
194,-0.9635604115543509,0.16474324397952328,0.4195102406884698,-1.4182095638948156,-0.41702107268800304,0.8694587847608612,-0.6855207023706513,-0.171936886367318,0.40683742795524463,1.5357786628062884,2.412803684849147,-0.02033225227636876,-1.7221227934164518,-1.4100198332932161,0.0,-0.8930772127243898,-0.5664572772702333,0.34416324788371144
195,-1.4035990704657106,1.6508745534656248,0.4195102406884698,-1.4182095638948156,-0.41702107268800304,0.8694587847608612,-0.6855207023706513,-0.171936886367318,0.40683742795524463,1.5357786628062884,2.412803684849147,-0.5439741423877763,-1.0273132521912907,-1.4100198332932161,0.0,0.6882113771853678,-0.5664572772702333,0.7244075191283986
196,1.137132900776744,0.09932516619187155,0.4195102406884698,-1.4182095638948156,-0.41702107268800304,0.8694587847608612,-0.6855207023706513,-0.171936886367318,0.40683742795524463,1.5357786628062884,2.412803684849147,0.5377678517553318,0.6802365076442346,-1.4100198332932161,0.0,-0.8930772127243898,-0.5664572772702333,1.1046517903730857
197,0.14607233718679458,-0.26626834913096864,0.4195102406884698,-1.4182095638948156,-0.41702107268800304,0.8694587847608612,-0.6855207023706513,-0.171936886367318,0.40683742795524463,1.5357786628062884,2.412803684849147,-0.3797567697694883,-0.6046373721030188,-1.4100198332932161,0.0,-0.8930772127243898,-0.5664572772702333,1.4848960616177729
198,-0.6901638775236811,-0.007038789518880185,0.4195102406884698,-1.4182095638948156,-0.41702107268800304,0.8694587847608612,-0.6855207023706513,-0.171936886367318,0.40683742795524463,1.5357786628062884,2.412803684849147,-0.8431939366873865,-0.9816527532807602,-1.4100198332932161,0.0,-0.8930772127243898,1.1921382551160753,1.8651403328624598
199,-1.636524589597412,-0.9680529923556959,0.4195102406884698,-1.4182095638948156,-0.41702107268800304,0.8694587847608612,-0.6855207023706513,-0.171936886367318,0.40683742795524463,1.5357786628062884,2.412803684849147,-0.4175964243084532,-2.3469353449822767,-1.4100198332932161,0.0,-0.8930772127243898,-0.5664572772702333,2.245384604107147
200,-2.6298967840655036,-0.8797564611341112,0.4195102406884698,-1.4182095638948156,-0.41702107268800304,0.8694587847608612,-0.6855207023706513,-0.171936886367318,0.40683742795524463,1.5357786628062884,2.412803684849147,-2.0050058926499936,-2.0510203636035658,-1.4100198332932161,0.0,-0.8930772127243898,-0.5664572772702333,2.625628875351834
201,0.5138513120822684,0.2623118046689615,0.4195102406884698,0.5463872817193415,0.16676217049808661,0.44544493372564364,-0.32189204239050634,-0.3979034061231674,0.40683742795524463,1.5357786628062884,2.412803684849147,-0.23911668036715542,1.367246358304053,-1.4100198332932161,0.0,2.2694999670951255,-0.5664572772702333,-1.176813837095037
202,1.0718031166720068,1.385947722734735,0.4195102406884698,0.5463872817193415,0.16676217049808661,0.44544493372564364,-0.32189204239050634,-0.3979034061231674,0.40683742795524463,1.5357786628062884,2.412803684849147,0.3956545446563562,0.9250576000686457,-1.4100198332932161,0.0,0.6882113771853678,-0.5664572772702333,-0.7965695658503499
203,0.970780353846232,0.6027032736309847,0.4195102406884698,0.5463872817193415,0.16676217049808661,0.44544493372564364,-0.32189204239050634,-0.3979034061231674,0.40683742795524463,1.5357786628062884,2.412803684849147,1.235765636271372,-0.20394988455368301,-1.4100198332932161,0.0,-0.8930772127243898,-0.5664572772702333,-0.41632529460566275
204,0.5138513120822684,0.2623118046689615,0.83179247469906,-0.23945145652632133,-0.41702107268800304,0.2637247118534075,-0.39461777438653534,-0.6238699258790168,0.40683742795524463,-0.651135495119281,-0.4144556004615526,-0.23911668036715542,-0.5885374274004618,-1.4100198332932161,0.0,-0.8930772127243898,-0.5664572772702333,-1.176813837095037
205,1.0718031166720068,1.385947722734735,0.83179247469906,-0.23945145652632133,-0.41702107268800304,0.2637247118534075,-0.39461777438653534,-0.6238699258790168,0.40683742795524463,-0.651135495119281,-0.4144556004615526,0.3956545446563562,0.09480465745091668,-1.4100198332932161,0.0,-0.8930772127243898,-0.5664572772702333,-0.7965695658503499
206,0.970780353846232,0.6027032736309847,0.83179247469906,-0.23945145652632133,-0.41702107268800304,0.2637247118534075,-0.39461777438653534,-0.6238699258790168,0.40683742795524463,-0.651135495119281,-0.4144556004615526,1.235765636271372,0.45331738878111777,-1.4100198332932161,0.0,0.6882113771853678,-0.5664572772702333,-0.41632529460566275
207,0.37083974648073253,0.5741573387311592,0.83179247469906,-0.23945145652632133,-0.41702107268800304,0.2637247118534075,-0.39461777438653534,-0.6238699258790168,0.40683742795524463,-0.651135495119281,-0.4144556004615526,-0.12604432211499134,0.017845283564640664,-1.4100198332932161,0.0,-0.8930772127243898,-0.5664572772702333,-0.03608102336097565
208,-0.9635604115543509,0.16474324397952328,0.83179247469906,-0.23945145652632133,-0.41702107268800304,0.2637247118534075,-0.39461777438653534,-0.6238699258790168,0.40683742795524463,-0.651135495119281,-0.4144556004615526,-0.02033225227636876,-0.5050889293915612,-1.4100198332932161,0.0,-0.8930772127243898,-0.5664572772702333,0.34416324788371144
209,0.5138513120822684,0.2623118046689615,1.2440747087096502,-1.156263317812928,-0.41702107268800304,-1.3717572849967177,-1.1218750943468254,-0.8498364456348662,0.40683742795524463,-0.651135495119281,-0.4144556004615526,-0.1603111337361137,1.7216999741241688,-1.4100198332932161,0.0,2.2694999670951255,-0.5664572772702333,-1.176813837095037
210,1.0718031166720068,1.385947722734735,1.2440747087096502,-1.156263317812928,-0.41702107268800304,-1.3717572849967177,-1.1218750943468254,-0.8498364456348662,0.40683742795524463,-0.651135495119281,-0.4144556004615526,1.1539440534109828,6.466605779984827,-1.4100198332932161,0.0,2.2694999670951255,1.1921382551160753,-0.7965695658503499
211,0.14607233718679458,-0.26626834913096864,1.2440747087096502,-1.156263317812928,-0.41702107268800304,-1.3717572849967177,-1.1218750943468254,-0.8498364456348662,0.40683742795524463,-0.651135495119281,-0.4144556004615526,-0.15825210900261702,0.2393401135398412,-1.4100198332932161,0.0,-0.8930772127243898,-0.5664572772702333,-0.41632529460566275
212,0.37083974648073253,0.5741573387311592,1.2440747087096502,-1.156263317812928,-0.41702107268800304,-1.3717572849967177,-1.1218750943468254,-0.8498364456348662,0.40683742795524463,-0.651135495119281,-0.4144556004615526,-0.6578295100456366,-0.6813055090020241,-1.4100198332932161,0.0,-0.8930772127243898,-0.5664572772702333,-0.03608102336097565
213,0.970780353846232,0.6027032736309847,1.2440747087096502,-1.156263317812928,-0.41702107268800304,-1.3717572849967177,-1.1218750943468254,-0.8498364456348662,0.40683742795524463,-0.651135495119281,-0.4144556004615526,0.0161675861684053,-0.2111033930535191,-1.4100198332932161,0.0,-0.8930772127243898,-0.5664572772702333,0.34416324788371144
214,1.137132900776744,0.09932516619187155,1.2440747087096502,-1.156263317812928,-0.41702107268800304,-1.3717572849967177,-1.1218750943468254,-0.8498364456348662,0.40683742795524463,-0.651135495119281,-0.4144556004615526,-0.580584182156315,-0.2755850822664168,-1.4100198332932161,0.0,-0.8930772127243898,-0.5664572772702333,0.7244075191283986
215,-1.4035990704657106,1.6508745534656248,1.2440747087096502,-1.156263317812928,-0.41702107268800304,-1.3717572849967177,-1.1218750943468254,-0.8498364456348662,0.40683742795524463,-0.651135495119281,-0.4144556004615526,-0.1468955725851902,0.10639042885077805,-1.4100198332932161,0.0,-0.8930772127243898,-0.5664572772702333,1.1046517903730857
216,-0.9635604115543509,0.16474324397952328,1.2440747087096502,-1.156263317812928,-0.41702107268800304,-1.3717572849967177,-1.1218750943468254,-0.8498364456348662,0.40683742795524463,-0.651135495119281,-0.4144556004615526,-0.7910629104770531,-0.7030572714888028,-1.4100198332932161,0.0,-0.8930772127243898,-0.5664572772702333,1.4848960616177729
217,0.5138513120822684,0.2623118046689615,1.6563569427202405,0.15346791259651008,-0.41702107268800304,-1.250610470415227,-1.1218750943468254,-1.301769485146565,0.40683742795524463,-0.651135495119281,-0.4144556004615526,-1.6911391824081319,-0.6257702559918471,-1.4100198332932161,0.0,-0.8930772127243898,-0.5664572772702333,-1.176813837095037
218,1.0718031166720068,1.385947722734735,1.6563569427202405,0.15346791259651008,-0.41702107268800304,-1.250610470415227,-1.1218750943468254,-1.301769485146565,0.40683742795524463,-0.651135495119281,-0.4144556004615526,-1.0998760200138564,0.8770399017923932,-1.4100198332932161,0.0,-0.8930772127243898,-0.5664572772702333,-0.7965695658503499
219,0.970780353846232,0.6027032736309847,1.6563569427202405,0.15346791259651008,-0.41702107268800304,-1.250610470415227,-1.1218750943468254,-1.301769485146565,0.40683742795524463,-0.651135495119281,-0.4144556004615526,0.8843104145073356,0.8985823376945709,-1.4100198332932161,0.0,2.2694999670951255,2.950733787502384,-0.41632529460566275
220,0.37083974648073253,0.5741573387311592,1.6563569427202405,0.15346791259651008,-0.41702107268800304,-1.250610470415227,-1.1218750943468254,-1.301769485146565,0.40683742795524463,-0.651135495119281,-0.4144556004615526,3.224963330989018,-0.04224054737164048,-1.4100198332932161,0.0,0.6882113771853678,-0.5664572772702333,-0.03608102336097565
221,1.137132900776744,0.09932516619187155,1.6563569427202405,0.15346791259651008,-0.41702107268800304,-1.250610470415227,-1.1218750943468254,-1.301769485146565,0.40683742795524463,-0.651135495119281,-0.4144556004615526,0.11243134251163028,-0.23387448499574498,-1.4100198332932161,0.0,0.6882113771853678,-0.5664572772702333,0.34416324788371144
222,-0.9635604115543509,0.16474324397952328,1.6563569427202405,0.15346791259651008,-0.41702107268800304,-1.250610470415227,-1.1218750943468254,-1.301769485146565,0.40683742795524463,-0.651135495119281,-0.4144556004615526,-1.0846740374040118,0.7294828619605354,-1.4100198332932161,0.0,-0.8930772127243898,-0.5664572772702333,0.7244075191283986
223,-1.4035990704657106,1.6508745534656248,1.6563569427202405,0.15346791259651008,-0.41702107268800304,-1.250610470415227,-1.1218750943468254,-1.301769485146565,0.40683742795524463,-0.651135495119281,-0.4144556004615526,-1.3996526210019615,-0.8025511072651471,-1.4100198332932161,0.0,-0.8930772127243898,-0.5664572772702333,1.1046517903730857
224,-0.6901638775236811,-0.007038789518880185,1.6563569427202405,0.15346791259651008,-0.41702107268800304,-1.250610470415227,-1.1218750943468254,-1.301769485146565,0.40683742795524463,-0.651135495119281,-0.4144556004615526,-0.9812529950857588,-0.5810198726665375,-1.4100198332932161,0.0,-0.8930772127243898,-0.5664572772702333,1.4848960616177729
225,-0.8536955358016,-0.5522639118815839,1.6563569427202405,0.15346791259651008,-0.41702107268800304,-1.250610470415227,-1.1218750943468254,-1.301769485146565,0.40683742795524463,-0.651135495119281,-0.4144556004615526,-0.5315561932204061,-1.6026155159211009,-1.4100198332932161,0.0,-0.8930772127243898,1.1921382551160753,1.8651403328624598
226,-2.6298967840655036,-0.8797564611341112,1.6563569427202405,0.15346791259651008,-0.41702107268800304,-1.250610470415227,-1.1218750943468254,-1.301769485146565,0.40683742795524463,-0.651135495119281,-0.4144556004615526,0.22487729323923764,0.6808007793070715,-1.4100198332932161,0.0,-0.8930772127243898,1.1921382551160753,2.245384604107147
227,-1.6452618553355312,-0.5932395794575925,1.6563569427202405,0.15346791259651008,-0.41702107268800304,-1.250610470415227,-1.1218750943468254,-1.301769485146565,0.40683742795524463,-0.651135495119281,-0.4144556004615526,-2.0050058926499936,-2.2782216182981014,-1.4100198332932161,0.0,-0.8930772127243898,-0.5664572772702333,2.625628875351834
228,0.5138513120822684,0.2623118046689615,0.6256513576937649,-0.5013977026082089,-0.41702107268800304,1.0511790066330975,0.15082521558368214,-0.171936886367318,0.40683742795524463,1.5357786628062884,2.412803684849147,-0.23911668036715542,0.13442198887558052,-1.4100198332932161,0.0,2.2694999670951255,1.1921382551160753,-1.176813837095037
229,1.0718031166720068,1.385947722734735,0.6256513576937649,-0.5013977026082089,-0.41702107268800304,1.0511790066330975,0.15082521558368214,-0.171936886367318,0.40683742795524463,1.5357786628062884,2.412803684849147,0.3956545446563562,0.362023694427613,-1.4100198332932161,0.0,0.6882113771853678,2.950733787502384,-0.7965695658503499
230,0.5138513120822684,0.2623118046689615,0.6256513576937649,-1.0252901947719841,0.16676217049808661,1.1117524139238428,-0.6127949703746224,-0.171936886367318,0.40683742795524463,1.5357786628062884,2.412803684849147,-0.23911668036715542,-0.6257702559918471,-1.4100198332932161,0.0,0.6882113771853678,1.1921382551160753,-1.176813837095037
231,1.0718031166720068,1.385947722734735,0.6256513576937649,-1.0252901947719841,0.16676217049808661,1.1117524139238428,-0.6127949703746224,-0.171936886367318,0.40683742795524463,1.5357786628062884,2.412803684849147,0.3956545446563562,0.8770399017923932,-1.4100198332932161,0.0,0.6882113771853678,1.1921382551160753,-0.7965695658503499
232,0.970780353846232,0.6027032736309847,0.6256513576937649,-1.0252901947719841,0.16676217049808661,1.1117524139238428,-0.6127949703746224,-0.171936886367318,0.40683742795524463,1.5357786628062884,2.412803684849147,1.235765636271372,0.8985823376945709,-1.4100198332932161,0.0,0.6882113771853678,1.1921382551160753,-0.41632529460566275
233,0.37083974648073253,0.5741573387311592,0.6256513576937649,-1.0252901947719841,0.16676217049808661,1.1117524139238428,-0.6127949703746224,-0.171936886367318,0.40683742795524463,1.5357786628062884,2.412803684849147,-0.12604432211499134,-0.04224054737164048,-1.4100198332932161,0.0,-0.8930772127243898,-0.5664572772702333,-0.03608102336097565
234,-0.9635604115543509,0.16474324397952328,0.6256513576937649,-1.0252901947719841,0.16676217049808661,1.1117524139238428,-0.6127949703746224,-0.171936886367318,0.40683742795524463,1.5357786628062884,2.412803684849147,-0.02033225227636876,0.7294828619605354,-1.4100198332932161,0.0,-0.8930772127243898,-0.5664572772702333,0.34416324788371144
235,-1.4035990704657106,1.6508745534656248,0.6256513576937649,-1.0252901947719841,0.16676217049808661,1.1117524139238428,-0.6127949703746224,-0.171936886367318,0.40683742795524463,1.5357786628062884,2.412803684849147,-0.5439741423877763,-0.8025511072651471,-1.4100198332932161,0.0,-0.8930772127243898,-0.5664572772702333,0.7244075191283986
236,1.137132900776744,0.09932516619187155,0.6256513576937649,-1.0252901947719841,0.16676217049808661,1.1117524139238428,-0.6127949703746224,-0.171936886367318,0.40683742795524463,1.5357786628062884,2.412803684849147,0.5377678517553318,-0.23387448499574498,-1.4100198332932161,0.0,-0.8930772127243898,1.1921382551160753,1.1046517903730857
237,0.5138513120822684,0.2623118046689615,1.2440747087096502,0.15346791259651008,-0.41702107268800304,-0.4025827683447917,-1.1218750943468254,-0.8498364456348662,0.40683742795524463,-0.651135495119281,-0.4144556004615526,-1.6911391824081319,-0.09775759807011321,-1.4100198332932161,0.0,-0.8930772127243898,-0.5664572772702333,-1.176813837095037
238,1.0718031166720068,1.385947722734735,1.2440747087096502,0.15346791259651008,-0.41702107268800304,-0.4025827683447917,-1.1218750943468254,-0.8498364456348662,0.40683742795524463,-0.651135495119281,-0.4144556004615526,-1.0998760200138564,0.6422664854288203,-1.4100198332932161,0.0,-0.8930772127243898,-0.5664572772702333,-0.7965695658503499
239,0.970780353846232,0.6027032736309847,1.2440747087096502,0.15346791259651008,-0.41702107268800304,-0.4025827683447917,-1.1218750943468254,-0.8498364456348662,0.40683742795524463,-0.651135495119281,-0.4144556004615526,0.8843104145073356,0.7209823823945722,-1.4100198332932161,0.0,0.6882113771853678,-0.5664572772702333,-0.41632529460566275
240,0.37083974648073253,0.5741573387311592,1.2440747087096502,0.15346791259651008,-0.41702107268800304,-0.4025827683447917,-1.1218750943468254,-0.8498364456348662,0.40683742795524463,-0.651135495119281,-0.4144556004615526,3.224963330989018,0.6363507341248849,-1.4100198332932161,0.0,2.2694999670951255,-0.5664572772702333,-0.03608102336097565
241,-0.9635604115543509,0.16474324397952328,1.2440747087096502,0.15346791259651008,-0.41702107268800304,-0.4025827683447917,-1.1218750943468254,-0.8498364456348662,0.40683742795524463,-0.651135495119281,-0.4144556004615526,-1.0846740374040118,-0.12520668412037408,-1.4100198332932161,0.0,-0.8930772127243898,-0.5664572772702333,0.34416324788371144
242,-1.4120467582536522,0.2550803664253583,1.2440747087096502,0.15346791259651008,-0.41702107268800304,-0.4025827683447917,-1.1218750943468254,-0.8498364456348662,0.40683742795524463,-0.651135495119281,-0.4144556004615526,-1.8032214687673163,-0.9487611760308784,-1.4100198332932161,0.0,-0.8930772127243898,-0.5664572772702333,0.7244075191283986
243,-0.6901638775236811,-0.007038789518880185,1.2440747087096502,0.15346791259651008,-0.41702107268800304,-0.4025827683447917,-1.1218750943468254,-0.8498364456348662,0.40683742795524463,-0.651135495119281,-0.4144556004615526,-0.9812529950857588,-1.102507001842238,-1.4100198332932161,0.0,-0.8930772127243898,1.1921382551160753,1.1046517903730857
244,0.14607233718679458,-0.26626834913096864,1.2440747087096502,0.15346791259651008,-0.41702107268800304,-0.4025827683447917,-1.1218750943468254,-0.8498364456348662,0.40683742795524463,-0.651135495119281,-0.4144556004615526,0.7215140589586436,-0.32164603203444453,-1.4100198332932161,0.0,-0.8930772127243898,1.1921382551160753,1.4848960616177729
245,1.0718031166720068,0.8699015653961683,-1.4357598123591861,0.4154141586783977,0.7505454136841763,1.475192857668315,2.441685773458596,0.7319291926560796,0.40683742795524463,1.5357786628062884,-0.4144556004615526,-0.5939997433072386,0.362023694427613,-1.2162121733666202,0.0,-0.8930772127243898,-0.5664572772702333,-1.176813837095037
246,-2.6298967840655036,-1.8003907894530935,-1.4357598123591861,0.4154141586783977,0.7505454136841763,1.475192857668315,2.441685773458596,0.7319291926560796,0.40683742795524463,1.5357786628062884,-0.4144556004615526,-1.513855992840131,-2.032599624158696,-1.2162121733666202,0.0,-0.8930772127243898,-0.5664572772702333,-0.7965695658503499
247,0.37083974648073253,0.6020776909199005,-1.4357598123591861,0.4154141586783977,0.7505454136841763,1.475192857668315,2.441685773458596,0.7319291926560796,0.40683742795524463,1.5357786628062884,-0.4144556004615526,0.2978421697107549,0.0790869612941522,-1.2162121733666202,0.0,-0.8930772127243898,-0.5664572772702333,-0.41632529460566275
248,0.970780353846232,1.4651509624059185,-1.4357598123591861,0.4154141586783977,0.7505454136841763,1.475192857668315,2.441685773458596,0.7319291926560796,0.40683742795524463,1.5357786628062884,-0.4144556004615526,0.026253907327703448,1.3567254221388998,-1.2162121733666202,0.0,-0.8930772127243898,-0.5664572772702333,-0.03608102336097565
249,-2.6298967840655036,-1.8003907894530935,-1.4357598123591861,0.4154141586783977,0.7505454136841763,1.475192857668315,2.441685773458596,0.7319291926560796,0.40683742795524463,1.5357786628062884,-0.4144556004615526,-1.1525348525643258,-1.8169932420198742,-1.2162121733666202,0.0,-0.8930772127243898,-0.5664572772702333,0.34416324788371144
250,1.137132900776744,1.3246182748088111,-1.4357598123591861,0.4154141586783977,0.7505454136841763,1.475192857668315,2.441685773458596,0.7319291926560796,0.40683742795524463,1.5357786628062884,-0.4144556004615526,0.10650947137670032,0.8794699104049334,-1.2162121733666202,0.0,-0.8930772127243898,-0.5664572772702333,0.7244075191283986
251,-1.061677409431791,-1.1114641051651126,-1.4357598123591861,0.4154141586783977,0.7505454136841763,1.475192857668315,2.441685773458596,0.7319291926560796,0.40683742795524463,1.5357786628062884,-0.4144556004615526,-1.2399187022399916,-0.31586679806829226,-1.2162121733666202,0.0,-0.8930772127243898,-0.5664572772702333,1.1046517903730857
252,-0.6901638775236811,-0.011671080546193468,-1.4357598123591861,0.4154141586783977,0.7505454136841763,1.475192857668315,2.441685773458596,0.7319291926560796,0.40683742795524463,1.5357786628062884,-0.4144556004615526,-0.6031174528313423,-1.4375751556971499,-1.2162121733666202,0.0,-0.8930772127243898,-0.5664572772702333,1.4848960616177729
253,-1.4903376519904794,-0.7872744836788448,-1.4357598123591861,0.4154141586783977,0.7505454136841763,1.475192857668315,2.441685773458596,0.7319291926560796,0.40683742795524463,1.5357786628062884,-0.4144556004615526,-0.5875616659715165,-0.9857118687908452,-1.2162121733666202,0.0,-0.8930772127243898,-0.5664572772702333,1.8651403328624598
254,-0.8536955358016,0.02113477471958593,-1.4357598123591861,0.4154141586783977,0.7505454136841763,1.475192857668315,2.441685773458596,0.7319291926560796,0.40683742795524463,1.5357786628062884,-0.4144556004615526,-0.7627875708269223,-0.6236314843665781,-1.2162121733666202,0.0,0.6882113771853678,1.1921382551160753,2.245384604107147
255,-1.4511497669741948,-1.8003907894530935,-1.4357598123591861,0.4154141586783977,0.7505454136841763,1.475192857668315,2.441685773458596,0.7319291926560796,0.40683742795524463,1.5357786628062884,-0.4144556004615526,-1.6352009904652147,-1.467299530710463,-1.2162121733666202,0.0,-0.8930772127243898,-0.5664572772702333,2.625628875351834
256,0.37083974648073253,0.6020776909199005,-1.4357598123591861,-1.156263317812928,-0.41702107268800304,-0.22086254647255554,1.6053398555042624,3.217560909970423,0.40683742795524463,-0.651135495119281,-0.4144556004615526,2.6739509120962834,0.0790869612941522,-1.2162121733666202,0.0,2.2694999670951255,-0.5664572772702333,-1.176813837095037
257,1.0718031166720068,0.8699015653961683,-1.4357598123591861,-1.156263317812928,-0.41702107268800304,-0.22086254647255554,1.6053398555042624,3.217560909970423,0.40683742795524463,-0.651135495119281,-0.4144556004615526,-0.8895944940619602,0.362023694427613,-1.2162121733666202,0.0,-0.8930772127243898,-0.5664572772702333,-0.7965695658503499
258,0.30486590107301353,-1.8003907894530935,-1.4357598123591861,-1.156263317812928,-0.41702107268800304,-0.22086254647255554,1.6053398555042624,3.217560909970423,0.40683742795524463,-0.651135495119281,-0.4144556004615526,-1.2463045789486673,0.467606203469085,-1.2162121733666202,0.0,-0.8930772127243898,-0.5664572772702333,-0.41632529460566275
259,0.970780353846232,1.4651509624059185,-1.4357598123591861,-1.156263317812928,-0.41702107268800304,-0.22086254647255554,1.6053398555042624,3.217560909970423,0.40683742795524463,-0.651135495119281,-0.4144556004615526,0.5461431523614423,1.3567254221388998,-1.2162121733666202,0.0,0.6882113771853678,-0.5664572772702333,-0.03608102336097565
260,1.137132900776744,1.3246182748088111,-1.4357598123591861,-1.156263317812928,-0.41702107268800304,-0.22086254647255554,1.6053398555042624,3.217560909970423,0.40683742795524463,-0.651135495119281,-0.4144556004615526,5.20026985884265,0.8794699104049334,-1.2162121733666202,0.0,0.6882113771853678,-0.5664572772702333,0.34416324788371144
261,-0.6901638775236811,-0.011671080546193468,-1.4357598123591861,-1.156263317812928,-0.41702107268800304,-0.22086254647255554,1.6053398555042624,3.217560909970423,0.40683742795524463,-0.651135495119281,-0.4144556004615526,-0.899849017241741,-1.4375751556971499,-1.2162121733666202,0.0,-0.8930772127243898,-0.5664572772702333,0.7244075191283986
262,-1.061677409431791,-1.1114641051651126,-1.4357598123591861,-1.156263317812928,-0.41702107268800304,-0.22086254647255554,1.6053398555042624,3.217560909970423,0.40683742795524463,-0.651135495119281,-0.4144556004615526,-1.0374324699270239,-0.31586679806829226,-1.2162121733666202,0.0,-0.8930772127243898,1.1921382551160753,1.1046517903730857
263,0.37083974648073253,0.6020776909199005,-0.6111953443380057,-1.0252901947719841,-0.41702107268800304,-0.09971573189106478,0.29627667957574016,1.1838622321677783,0.40683742795524463,1.5357786628062884,-0.4144556004615526,-0.10540767422264957,0.0790869612941522,-1.2162121733666202,0.0,0.6882113771853678,-0.5664572772702333,-1.176813837095037
264,1.0718031166720068,0.8699015653961683,-0.6111953443380057,-1.0252901947719841,-0.41702107268800304,-0.09971573189106478,0.29627667957574016,1.1838622321677783,0.40683742795524463,1.5357786628062884,-0.4144556004615526,-0.43298400914779617,0.362023694427613,-1.2162121733666202,0.0,-0.8930772127243898,-0.5664572772702333,-0.7965695658503499
265,0.30486590107301353,-1.8003907894530935,-0.6111953443380057,-1.0252901947719841,-0.41702107268800304,-0.09971573189106478,0.29627667957574016,1.1838622321677783,0.40683742795524463,1.5357786628062884,-0.4144556004615526,1.524713507182186,0.467606203469085,-1.2162121733666202,0.0,2.2694999670951255,2.950733787502384,-0.41632529460566275
266,0.970780353846232,1.4651509624059185,-0.6111953443380057,-1.0252901947719841,-0.41702107268800304,-0.09971573189106478,0.29627667957574016,1.1838622321677783,0.40683742795524463,1.5357786628062884,-0.4144556004615526,0.6253257035211524,1.3567254221388998,-1.2162121733666202,0.0,-0.8930772127243898,-0.5664572772702333,-0.03608102336097565
267,-2.6298967840655036,-1.8003907894530935,-0.6111953443380057,-1.0252901947719841,-0.41702107268800304,-0.09971573189106478,0.29627667957574016,1.1838622321677783,0.40683742795524463,1.5357786628062884,-0.4144556004615526,-0.9710506725330244,-1.8169932420198742,-1.2162121733666202,0.0,-0.8930772127243898,-0.5664572772702333,0.34416324788371144
268,1.137132900776744,1.3246182748088111,-0.6111953443380057,-1.0252901947719841,-0.41702107268800304,-0.09971573189106478,0.29627667957574016,1.1838622321677783,0.40683742795524463,1.5357786628062884,-0.4144556004615526,-0.7079827124978789,0.8794699104049334,-1.2162121733666202,0.0,-0.8930772127243898,-0.5664572772702333,0.7244075191283986
269,0.37083974648073253,0.6020776909199005,-1.4357598123591861,0.8083335278012291,0.16676217049808661,-0.09971573189106478,1.7144284534983059,-2.2056355641699628,0.40683742795524463,-0.651135495119281,-0.4144556004615526,-1.1085471241732296,0.0790869612941522,-1.2162121733666202,0.0,-0.8930772127243898,-0.5664572772702333,-1.176813837095037
270,1.0718031166720068,0.8699015653961683,-1.4357598123591861,0.8083335278012291,0.16676217049808661,-0.09971573189106478,1.7144284534983059,-2.2056355641699628,0.40683742795524463,-0.651135495119281,-0.4144556004615526,-2.0050058926499936,0.362023694427613,-1.2162121733666202,0.0,-0.8930772127243898,-0.5664572772702333,-0.7965695658503499
271,0.30486590107301353,-1.8003907894530935,-1.4357598123591861,0.8083335278012291,0.16676217049808661,-0.09971573189106478,1.7144284534983059,-2.2056355641699628,0.40683742795524463,-0.651135495119281,-0.4144556004615526,-1.1730902994812618,0.467606203469085,-1.2162121733666202,0.0,-0.8930772127243898,-0.5664572772702333,-0.41632529460566275
272,0.970780353846232,1.4651509624059185,-1.4357598123591861,0.8083335278012291,0.16676217049808661,-0.09971573189106478,1.7144284534983059,-2.2056355641699628,0.40683742795524463,-0.651135495119281,-0.4144556004615526,0.6087491043990858,1.3567254221388998,-1.2162121733666202,0.0,0.6882113771853678,-0.5664572772702333,-0.03608102336097565
273,-2.6298967840655036,-1.8003907894530935,-1.4357598123591861,0.8083335278012291,0.16676217049808661,-0.09971573189106478,1.7144284534983059,-2.2056355641699628,0.40683742795524463,-0.651135495119281,-0.4144556004615526,-1.4949477657099923,-1.8169932420198742,-1.2162121733666202,0.0,-0.8930772127243898,-0.5664572772702333,0.34416324788371144
274,-1.4903376519904794,-0.7872744836788448,-1.4357598123591861,0.8083335278012291,0.16676217049808661,-0.09971573189106478,1.7144284534983059,-2.2056355641699628,0.40683742795524463,-0.651135495119281,-0.4144556004615526,-0.9418995223624486,-0.9857118687908452,-1.2162121733666202,0.0,0.6882113771853678,-0.5664572772702333,0.7244075191283986
275,1.137132900776744,1.3246182748088111,-1.4357598123591861,0.8083335278012291,0.16676217049808661,-0.09971573189106478,1.7144284534983059,-2.2056355641699628,0.40683742795524463,-0.651135495119281,-0.4144556004615526,0.17808813119665193,0.8794699104049334,-1.2162121733666202,0.0,-0.8930772127243898,2.950733787502384,1.1046517903730857
276,-1.061677409431791,-1.1114641051651126,-1.4357598123591861,0.8083335278012291,0.16676217049808661,-0.09971573189106478,1.7144284534983059,-2.2056355641699628,0.40683742795524463,-0.651135495119281,-0.4144556004615526,-1.3799671845357986,-0.31586679806829226,-1.2162121733666202,0.0,-0.8930772127243898,-0.5664572772702333,1.4848960616177729
277,-0.6901638775236811,-0.011671080546193468,-1.4357598123591861,0.8083335278012291,0.16676217049808661,-0.09971573189106478,1.7144284534983059,-2.2056355641699628,0.40683742795524463,-0.651135495119281,-0.4144556004615526,-1.2463045789486673,-1.4375751556971499,-1.2162121733666202,0.0,-0.8930772127243898,-0.5664572772702333,1.8651403328624598
278,-0.8536955358016,0.02113477471958593,-1.4357598123591861,0.8083335278012291,0.16676217049808661,-0.09971573189106478,1.7144284534983059,-2.2056355641699628,0.40683742795524463,-0.651135495119281,-0.4144556004615526,-2.0050058926499936,-0.6236314843665781,-1.2162121733666202,0.0,-0.8930772127243898,-0.5664572772702333,2.245384604107147
279,-1.4511497669741948,-1.8003907894530935,-1.4357598123591861,0.8083335278012291,0.16676217049808661,-0.09971573189106478,1.7144284534983059,-2.2056355641699628,0.40683742795524463,-0.651135495119281,-0.4144556004615526,-1.249923822423884,-1.467299530710463,-1.2162121733666202,0.0,-0.8930772127243898,-0.5664572772702333,2.625628875351834
280,-1.297244079178044,-1.8003907894530935,-1.4357598123591861,1.0702797738831167,-0.41702107268800304,0.02143108269042598,-0.7582464343666804,-0.171936886367318,0.40683742795524463,1.5357786628062884,-0.4144556004615526,-1.3980808021208977,-2.198466369334027,-1.2162121733666202,0.0,-0.8930772127243898,-0.5664572772702333,-1.176813837095037
281,1.0718031166720068,0.8699015653961683,-1.4357598123591861,1.0702797738831167,-0.41702107268800304,0.02143108269042598,-0.7582464343666804,-0.171936886367318,0.40683742795524463,1.5357786628062884,-0.4144556004615526,-1.5367912083434156,0.362023694427613,-1.2162121733666202,0.0,-0.8930772127243898,-0.5664572772702333,-0.7965695658503499
282,0.970780353846232,1.4651509624059185,-1.4357598123591861,1.0702797738831167,-0.41702107268800304,0.02143108269042598,-0.7582464343666804,-0.171936886367318,0.40683742795524463,1.5357786628062884,-0.4144556004615526,-0.617084020601089,1.3567254221388998,-1.2162121733666202,0.0,-0.8930772127243898,-0.5664572772702333,-0.41632529460566275
283,0.37083974648073253,0.6020776909199005,-1.4357598123591861,1.0702797738831167,-0.41702107268800304,0.02143108269042598,-0.7582464343666804,-0.171936886367318,0.40683742795524463,1.5357786628062884,-0.4144556004615526,-1.2857682529957422,0.0790869612941522,-1.2162121733666202,0.0,-0.8930772127243898,-0.5664572772702333,-0.03608102336097565
284,0.30486590107301353,-1.8003907894530935,-1.4357598123591861,1.0702797738831167,-0.41702107268800304,0.02143108269042598,-0.7582464343666804,-0.171936886367318,0.40683742795524463,1.5357786628062884,-0.4144556004615526,-0.5979031901963746,0.467606203469085,-1.2162121733666202,0.0,0.6882113771853678,2.950733787502384,0.34416324788371144
285,1.137132900776744,1.3246182748088111,-1.4357598123591861,1.0702797738831167,-0.41702107268800304,0.02143108269042598,-0.7582464343666804,-0.171936886367318,0.40683742795524463,1.5357786628062884,-0.4144556004615526,-0.14100270179861948,0.8794699104049334,-1.2162121733666202,0.0,0.6882113771853678,-0.5664572772702333,0.7244075191283986
286,-1.061677409431791,-1.1114641051651126,-1.4357598123591861,1.0702797738831167,-0.41702107268800304,0.02143108269042598,-0.7582464343666804,-0.171936886367318,0.40683742795524463,1.5357786628062884,-0.4144556004615526,0.06608878583377485,-0.31586679806829226,-1.2162121733666202,0.0,0.6882113771853678,-0.5664572772702333,1.1046517903730857
287,-0.6901638775236811,-0.011671080546193468,-1.4357598123591861,1.0702797738831167,-0.41702107268800304,0.02143108269042598,-0.7582464343666804,-0.171936886367318,0.40683742795524463,1.5357786628062884,-0.4144556004615526,-1.2630493800912166,-1.4375751556971499,-1.2162121733666202,0.0,-0.8930772127243898,-0.5664572772702333,1.4848960616177729
288,-1.4903376519904794,-0.7872744836788448,-1.4357598123591861,1.0702797738831167,-0.41702107268800304,0.02143108269042598,-0.7582464343666804,-0.171936886367318,0.40683742795524463,1.5357786628062884,-0.4144556004615526,-2.0050058926499936,-0.9857118687908452,-1.2162121733666202,0.0,-0.8930772127243898,-0.5664572772702333,1.8651403328624598
289,-0.8536955358016,0.02113477471958593,-1.4357598123591861,1.0702797738831167,-0.41702107268800304,0.02143108269042598,-0.7582464343666804,-0.171936886367318,0.40683742795524463,1.5357786628062884,-0.4144556004615526,-0.4201600551033984,-0.6236314843665781,-1.2162121733666202,0.0,-0.8930772127243898,1.1921382551160753,2.245384604107147
290,-2.6298967840655036,-1.8003907894530935,-1.4357598123591861,1.0702797738831167,-0.41702107268800304,0.02143108269042598,-0.7582464343666804,-0.171936886367318,0.40683742795524463,1.5357786628062884,-0.4144556004615526,-2.0050058926499936,0.2778106993271268,-1.2162121733666202,0.0,-0.8930772127243898,-0.5664572772702333,2.625628875351834
291,0.37083974648073253,0.6020776909199005,-1.6419009293644813,-1.0252901947719841,-0.41702107268800304,0.38487152643489825,0.40536527756978363,2.3136948309470253,0.40683742795524463,-0.651135495119281,-0.4144556004615526,0.5778579333269637,-0.5727014162176188,-1.2162121733666202,0.0,0.6882113771853678,1.1921382551160753,-1.176813837095037
292,-1.297244079178044,-1.8003907894530935,-1.6419009293644813,-1.0252901947719841,-0.41702107268800304,0.38487152643489825,0.40536527756978363,2.3136948309470253,0.40683742795524463,-0.651135495119281,-0.4144556004615526,0.5597095153238332,0.9972388671325124,-1.2162121733666202,0.0,-0.8930772127243898,-0.5664572772702333,-0.7965695658503499
293,1.0718031166720068,0.8699015653961683,-1.6419009293644813,-1.0252901947719841,-0.41702107268800304,0.38487152643489825,0.40536527756978363,2.3136948309470253,0.40683742795524463,-0.651135495119281,-0.4144556004615526,-1.2613673598863884,0.5465587304869945,-1.2162121733666202,0.0,-0.8930772127243898,-0.5664572772702333,-0.41632529460566275
294,-2.6298967840655036,-1.8003907894530935,-1.6419009293644813,-1.0252901947719841,-0.41702107268800304,0.38487152643489825,0.40536527756978363,2.3136948309470253,0.40683742795524463,-0.651135495119281,-0.4144556004615526,-0.8886548827751253,-1.1053010566888661,-1.2162121733666202,0.0,-0.8930772127243898,-0.5664572772702333,-0.03608102336097565
295,0.30486590107301353,-1.8003907894530935,-1.6419009293644813,-1.0252901947719841,-0.41702107268800304,0.38487152643489825,0.40536527756978363,2.3136948309470253,0.40683742795524463,-0.651135495119281,-0.4144556004615526,-0.6654218012460512,-0.7669564867271592,-1.2162121733666202,0.0,-0.8930772127243898,-0.5664572772702333,0.34416324788371144
296,1.137132900776744,1.3246182748088111,-1.6419009293644813,-1.0252901947719841,-0.41702107268800304,0.38487152643489825,0.40536527756978363,2.3136948309470253,0.40683742795524463,-0.651135495119281,-0.4144556004615526,-1.2328890177977436,-0.22723974237948485,-1.2162121733666202,0.0,-0.8930772127243898,-0.5664572772702333,0.7244075191283986
297,-1.061677409431791,-1.1114641051651126,-1.6419009293644813,-1.0252901947719841,-0.41702107268800304,0.38487152643489825,0.40536527756978363,2.3136948309470253,0.40683742795524463,-0.651135495119281,-0.4144556004615526,0.5206402460144421,1.0642961834515856,-1.2162121733666202,0.0,-0.8930772127243898,1.1921382551160753,1.1046517903730857
298,0.14607233718679458,-0.33541013353221627,-1.6419009293644813,-1.0252901947719841,-0.41702107268800304,0.38487152643489825,0.40536527756978363,2.3136948309470253,0.40683742795524463,-0.651135495119281,-0.4144556004615526,-1.6299345272032004,-2.0126744636514555,-1.2162121733666202,0.0,-0.8930772127243898,-0.5664572772702333,1.4848960616177729
299,-0.8536955358016,0.02113477471958593,-1.6419009293644813,-1.0252901947719841,-0.41702107268800304,0.38487152643489825,0.40536527756978363,2.3136948309470253,0.40683742795524463,-0.651135495119281,-0.4144556004615526,0.7152731839917635,0.20096964046692992,-1.2162121733666202,0.0,-0.8930772127243898,2.950733787502384,1.8651403328624598
300,0.5138513120822684,1.2889898499299262,0.6256513576937649,0.15346791259651008,2.501895143242445,-0.0391423246003194,-0.43098064038454986,-1.0758029653907155,-1.7618165702686994,-0.651135495119281,-0.4144556004615526,-0.1603111337361137,-0.5885374274004618,-1.2162121733666202,0.0,0.6882113771853678,-0.5664572772702333,-1.176813837095037
301,1.0718031166720068,0.8699015653961683,0.6256513576937649,0.15346791259651008,2.501895143242445,-0.0391423246003194,-0.43098064038454986,-1.0758029653907155,-1.7618165702686994,-0.651135495119281,-0.4144556004615526,1.1539440534109828,0.09480465745091668,-1.2162121733666202,0.0,0.6882113771853678,-0.5664572772702333,-0.7965695658503499
302,0.970780353846232,1.4651509624059185,0.6256513576937649,0.15346791259651008,2.501895143242445,-0.0391423246003194,-0.43098064038454986,-1.0758029653907155,-1.7618165702686994,-0.651135495119281,-0.4144556004615526,0.0161675861684053,0.45331738878111777,-1.2162121733666202,0.0,-0.8930772127243898,-0.5664572772702333,-0.41632529460566275
303,0.37083974648073253,0.6020776909199005,0.6256513576937649,0.15346791259651008,2.501895143242445,-0.0391423246003194,-0.43098064038454986,-1.0758029653907155,-1.7618165702686994,-0.651135495119281,-0.4144556004615526,-0.6578295100456366,0.017845283564640664,-1.2162121733666202,0.0,-0.8930772127243898,-0.5664572772702333,-0.03608102336097565
304,0.30486590107301353,-1.8003907894530935,0.6256513576937649,0.15346791259651008,2.501895143242445,-0.0391423246003194,-0.43098064038454986,-1.0758029653907155,-1.7618165702686994,-0.651135495119281,-0.4144556004615526,-0.6036336590321345,0.3628792030777206,-1.2162121733666202,0.0,-0.8930772127243898,-0.5664572772702333,0.34416324788371144
305,1.137132900776744,1.3246182748088111,0.6256513576937649,0.15346791259651008,2.501895143242445,-0.0391423246003194,-0.43098064038454986,-1.0758029653907155,-1.7618165702686994,-0.651135495119281,-0.4144556004615526,-0.580584182156315,-0.24237496456170773,-1.2162121733666202,0.0,-0.8930772127243898,-0.5664572772702333,0.7244075191283986
306,-1.061677409431791,-1.1114641051651126,0.6256513576937649,0.15346791259651008,2.501895143242445,-0.0391423246003194,-0.43098064038454986,-1.0758029653907155,-1.7618165702686994,-0.651135495119281,-0.4144556004615526,-0.5107049427502071,-1.554160962163942,-1.2162121733666202,0.0,-0.8930772127243898,-0.5664572772702333,1.1046517903730857
307,-1.4903376519904794,-0.7872744836788448,0.6256513576937649,0.15346791259651008,2.501895143242445,-0.0391423246003194,-0.43098064038454986,-1.0758029653907155,-1.7618165702686994,-0.651135495119281,-0.4144556004615526,-0.19532615434490155,-1.0506031100170925,-1.2162121733666202,0.0,0.6882113771853678,1.1921382551160753,1.4848960616177729
308,-0.6901638775236811,-0.011671080546193468,0.6256513576937649,0.15346791259651008,2.501895143242445,-0.0391423246003194,-0.43098064038454986,-1.0758029653907155,-1.7618165702686994,-0.651135495119281,-0.4144556004615526,-1.0492066113608218,-0.23831584905162279,-1.2162121733666202,0.0,-0.8930772127243898,2.950733787502384,1.8651403328624598
309,-1.6452618553355312,-0.7610000098133125,0.6256513576937649,0.15346791259651008,2.501895143242445,-0.0391423246003194,-0.43098064038454986,-1.0758029653907155,-1.7618165702686994,-0.651135495119281,-0.4144556004615526,-1.8712151055231148,-2.3332199031129983,-1.2162121733666202,0.0,-0.8930772127243898,-0.5664572772702333,2.245384604107147
310,-1.4511497669741948,-1.8003907894530935,0.6256513576937649,0.15346791259651008,2.501895143242445,-0.0391423246003194,-0.43098064038454986,-1.0758029653907155,-1.7618165702686994,-0.651135495119281,-0.4144556004615526,-1.5705418137637461,-2.7799319358069527,-1.2162121733666202,0.0,-0.8930772127243898,-0.5664572772702333,2.625628875351834
311,0.5138513120822684,1.2889898499299262,0.83179247469906,1.594172266046892,-0.41702107268800304,0.6877385628886251,-0.17644057839844834,-0.3979034061231674,0.40683742795524463,-0.651135495119281,-0.4144556004615526,0.1726766661928423,-0.5885374274004618,-1.2162121733666202,0.0,-0.8930772127243898,-0.5664572772702333,-1.176813837095037
312,1.0718031166720068,0.8699015653961683,0.83179247469906,1.594172266046892,-0.41702107268800304,0.6877385628886251,-0.17644057839844834,-0.3979034061231674,0.40683742795524463,-0.651135495119281,-0.4144556004615526,0.5739486863681554,0.09480465745091668,-1.2162121733666202,0.0,0.6882113771853678,-0.5664572772702333,-0.7965695658503499
313,0.970780353846232,1.4651509624059185,0.83179247469906,1.594172266046892,-0.41702107268800304,0.6877385628886251,-0.17644057839844834,-0.3979034061231674,0.40683742795524463,-0.651135495119281,-0.4144556004615526,0.8758423127864758,0.45331738878111777,-1.2162121733666202,0.0,-0.8930772127243898,1.1921382551160753,-0.41632529460566275
314,0.37083974648073253,0.6020776909199005,0.83179247469906,1.594172266046892,-0.41702107268800304,0.6877385628886251,-0.17644057839844834,-0.3979034061231674,0.40683742795524463,-0.651135495119281,-0.4144556004615526,-0.06379217432732873,0.017845283564640664,-1.2162121733666202,0.0,-0.8930772127243898,-0.5664572772702333,-0.03608102336097565
315,0.30486590107301353,-1.8003907894530935,0.83179247469906,1.594172266046892,-0.41702107268800304,0.6877385628886251,-0.17644057839844834,-0.3979034061231674,0.40683742795524463,-0.651135495119281,-0.4144556004615526,-0.7821888038791658,0.3628792030777206,-1.2162121733666202,0.0,-0.8930772127243898,-0.5664572772702333,0.34416324788371144
316,1.137132900776744,1.3246182748088111,0.83179247469906,1.594172266046892,-0.41702107268800304,0.6877385628886251,-0.17644057839844834,-0.3979034061231674,0.40683742795524463,-0.651135495119281,-0.4144556004615526,0.4486497812477911,-0.24237496456170773,-1.2162121733666202,0.0,-0.8930772127243898,-0.5664572772702333,0.7244075191283986
317,-1.061677409431791,-1.1114641051651126,0.83179247469906,1.594172266046892,-0.41702107268800304,0.6877385628886251,-0.17644057839844834,-0.3979034061231674,0.40683742795524463,-0.651135495119281,-0.4144556004615526,-1.3689180518109783,-1.554160962163942,-1.2162121733666202,0.0,-0.8930772127243898,-0.5664572772702333,1.1046517903730857
318,-0.6901638775236811,-0.011671080546193468,0.83179247469906,1.594172266046892,-0.41702107268800304,0.6877385628886251,-0.17644057839844834,-0.3979034061231674,0.40683742795524463,-0.651135495119281,-0.4144556004615526,-0.45623068839245756,-0.23831584905162279,-1.2162121733666202,0.0,-0.8930772127243898,1.1921382551160753,1.4848960616177729
319,-0.8536955358016,0.02113477471958593,0.83179247469906,1.594172266046892,-0.41702107268800304,0.6877385628886251,-0.17644057839844834,-0.3979034061231674,0.40683742795524463,-0.651135495119281,-0.4144556004615526,-1.3475389950006433,-1.520641405160258,-1.2162121733666202,0.0,-0.8930772127243898,-0.5664572772702333,1.8651403328624598
320,-1.636524589597412,-1.0656736849377246,0.83179247469906,1.594172266046892,-0.41702107268800304,0.6877385628886251,-0.17644057839844834,-0.3979034061231674,0.40683742795524463,-0.651135495119281,-0.4144556004615526,-1.547636758622755,-1.7117292734332294,-1.2162121733666202,0.0,-0.8930772127243898,-0.5664572772702333,2.245384604107147
321,-1.6452618553355312,-0.7610000098133125,0.83179247469906,1.594172266046892,-0.41702107268800304,0.6877385628886251,-0.17644057839844834,-0.3979034061231674,0.40683742795524463,-0.651135495119281,-0.4144556004615526,-1.4631639639153764,-2.3332199031129983,-1.2162121733666202,0.0,-0.8930772127243898,-0.5664572772702333,2.625628875351834
322,0.5138513120822684,1.2889898499299262,0.6256513576937649,1.2012528969240606,-0.41702107268800304,0.7483119701793706,0.5871796075598562,-0.3979034061231674,0.40683742795524463,-0.651135495119281,-0.4144556004615526,0.1726766661928423,-0.5885374274004618,-1.2162121733666202,0.0,2.2694999670951255,-0.5664572772702333,-1.176813837095037
323,1.0718031166720068,0.8699015653961683,0.6256513576937649,1.2012528969240606,-0.41702107268800304,0.7483119701793706,0.5871796075598562,-0.3979034061231674,0.40683742795524463,-0.651135495119281,-0.4144556004615526,0.5739486863681554,0.09480465745091668,-1.2162121733666202,0.0,0.6882113771853678,-0.5664572772702333,-0.7965695658503499
324,0.970780353846232,1.4651509624059185,0.6256513576937649,1.2012528969240606,-0.41702107268800304,0.7483119701793706,0.5871796075598562,-0.3979034061231674,0.40683742795524463,-0.651135495119281,-0.4144556004615526,0.8758423127864758,0.45331738878111777,-1.2162121733666202,0.0,-0.8930772127243898,2.950733787502384,-0.41632529460566275
325,0.30486590107301353,-1.8003907894530935,0.6256513576937649,1.2012528969240606,-0.41702107268800304,0.7483119701793706,0.5871796075598562,-0.3979034061231674,0.40683742795524463,-0.651135495119281,-0.4144556004615526,-0.7821888038791658,0.3628792030777206,-1.2162121733666202,0.0,-0.8930772127243898,-0.5664572772702333,-0.03608102336097565
326,0.37083974648073253,0.6020776909199005,0.6256513576937649,1.2012528969240606,-0.41702107268800304,0.7483119701793706,0.5871796075598562,-0.3979034061231674,0.40683742795524463,-0.651135495119281,-0.4144556004615526,-0.06379217432732873,0.017845283564640664,-1.2162121733666202,0.0,-0.8930772127243898,1.1921382551160753,0.34416324788371144
327,-1.4035990704657106,-0.17716004986762007,0.6256513576937649,1.2012528969240606,-0.41702107268800304,0.7483119701793706,0.5871796075598562,-0.3979034061231674,0.40683742795524463,-0.651135495119281,-0.4144556004615526,-1.3017532450112828,-1.2034388202432313,-1.2162121733666202,0.0,-0.8930772127243898,-0.5664572772702333,0.7244075191283986
328,-1.061677409431791,-1.1114641051651126,0.6256513576937649,1.2012528969240606,-0.41702107268800304,0.7483119701793706,0.5871796075598562,-0.3979034061231674,0.40683742795524463,-0.651135495119281,-0.4144556004615526,-1.3689180518109783,-1.554160962163942,-1.2162121733666202,0.0,-0.8930772127243898,-0.5664572772702333,1.1046517903730857
329,-0.6901638775236811,-0.011671080546193468,0.6256513576937649,1.2012528969240606,-0.41702107268800304,0.7483119701793706,0.5871796075598562,-0.3979034061231674,0.40683742795524463,-0.651135495119281,-0.4144556004615526,-0.45623068839245756,-0.23831584905162279,-1.2162121733666202,0.0,-0.8930772127243898,-0.5664572772702333,1.4848960616177729
330,-1.9510811343395422,-1.8003907894530935,0.6256513576937649,1.2012528969240606,-0.41702107268800304,0.7483119701793706,0.5871796075598562,-0.3979034061231674,0.40683742795524463,-0.651135495119281,-0.4144556004615526,-1.6449265472909251,-2.3136360359502155,-1.2162121733666202,0.0,-0.8930772127243898,-0.5664572772702333,1.8651403328624598
331,-0.8536955358016,0.02113477471958593,0.6256513576937649,1.2012528969240606,-0.41702107268800304,0.7483119701793706,0.5871796075598562,-0.3979034061231674,0.40683742795524463,-0.651135495119281,-0.4144556004615526,-1.3475389950006433,-1.520641405160258,-1.2162121733666202,0.0,-0.8930772127243898,-0.5664572772702333,2.245384604107147
332,0.5138513120822684,1.2889898499299262,1.037933591704355,0.4154141586783977,1.334328656870266,0.2637247118534075,-0.21280344439646284,-1.0758029653907155,-1.7618165702686994,-0.651135495119281,-0.4144556004615526,-0.23911668036715542,-0.5885374274004618,-1.2162121733666202,0.0,-0.8930772127243898,-0.5664572772702333,-1.176813837095037
333,1.0718031166720068,0.8699015653961683,1.037933591704355,0.4154141586783977,1.334328656870266,0.2637247118534075,-0.21280344439646284,-1.0758029653907155,-1.7618165702686994,-0.651135495119281,-0.4144556004615526,0.3956545446563562,0.09480465745091668,-1.2162121733666202,0.0,-0.8930772127243898,-0.5664572772702333,-0.7965695658503499
334,0.970780353846232,1.4651509624059185,1.037933591704355,0.4154141586783977,1.334328656870266,0.2637247118534075,-0.21280344439646284,-1.0758029653907155,-1.7618165702686994,-0.651135495119281,-0.4144556004615526,1.235765636271372,0.45331738878111777,-1.2162121733666202,0.0,-0.8930772127243898,-0.5664572772702333,-0.41632529460566275
335,0.37083974648073253,0.6020776909199005,1.037933591704355,0.4154141586783977,1.334328656870266,0.2637247118534075,-0.21280344439646284,-1.0758029653907155,-1.7618165702686994,-0.651135495119281,-0.4144556004615526,-0.12604432211499134,0.017845283564640664,-1.2162121733666202,0.0,0.6882113771853678,-0.5664572772702333,-0.03608102336097565
336,-1.4035990704657106,-0.17716004986762007,1.037933591704355,0.4154141586783977,1.334328656870266,0.2637247118534075,-0.21280344439646284,-1.0758029653907155,-1.7618165702686994,-0.651135495119281,-0.4144556004615526,-0.5439741423877763,-1.2034388202432313,-1.2162121733666202,0.0,-0.8930772127243898,-0.5664572772702333,0.34416324788371144
337,1.137132900776744,1.3246182748088111,1.037933591704355,0.4154141586783977,1.334328656870266,0.2637247118534075,-0.21280344439646284,-1.0758029653907155,-1.7618165702686994,-0.651135495119281,-0.4144556004615526,0.5377678517553318,-0.24237496456170773,-1.2162121733666202,0.0,-0.8930772127243898,-0.5664572772702333,0.7244075191283986
338,-0.6901638775236811,-0.011671080546193468,1.037933591704355,0.4154141586783977,1.334328656870266,0.2637247118534075,-0.21280344439646284,-1.0758029653907155,-1.7618165702686994,-0.651135495119281,-0.4144556004615526,-0.8431939366873865,-0.23831584905162279,-1.2162121733666202,0.0,-0.8930772127243898,-0.5664572772702333,1.1046517903730857
339,-1.9510811343395422,-1.8003907894530935,1.037933591704355,0.4154141586783977,1.334328656870266,0.2637247118534075,-0.21280344439646284,-1.0758029653907155,-1.7618165702686994,-0.651135495119281,-0.4144556004615526,-1.4600533865503784,-2.3136360359502155,-1.2162121733666202,0.0,-0.8930772127243898,-0.5664572772702333,1.4848960616177729
340,-1.3858249755927365,-1.8003907894530935,1.037933591704355,0.4154141586783977,1.334328656870266,0.2637247118534075,-0.21280344439646284,-1.0758029653907155,-1.7618165702686994,-0.651135495119281,-0.4144556004615526,-1.3628395787949092,-1.4337253667716656,-1.2162121733666202,0.0,-0.8930772127243898,-0.5664572772702333,1.8651403328624598
341,-0.8536955358016,0.02113477471958593,1.037933591704355,0.4154141586783977,1.334328656870266,0.2637247118534075,-0.21280344439646284,-1.0758029653907155,-1.7618165702686994,-0.651135495119281,-0.4144556004615526,-1.036289856201675,-1.520641405160258,-1.2162121733666202,0.0,-0.8930772127243898,-0.5664572772702333,2.245384604107147
342,-1.6452618553355312,-0.7610000098133125,1.037933591704355,0.4154141586783977,1.334328656870266,0.2637247118534075,-0.21280344439646284,-1.0758029653907155,-1.7618165702686994,-0.651135495119281,-0.4144556004615526,-1.1096375372715324,-2.3332199031129983,-1.2162121733666202,0.0,-0.8930772127243898,-0.5664572772702333,2.625628875351834
343,0.5138513120822684,1.2889898499299262,0.6256513576937649,0.15346791259651008,0.7505454136841763,0.6877385628886251,-0.32189204239050634,-0.6238699258790168,0.40683742795524463,1.5357786628062884,2.412803684849147,-0.23911668036715542,-0.5885374274004618,-1.2162121733666202,0.0,-0.8930772127243898,-0.5664572772702333,-1.176813837095037
344,1.0718031166720068,0.8699015653961683,0.6256513576937649,0.15346791259651008,0.7505454136841763,0.6877385628886251,-0.32189204239050634,-0.6238699258790168,0.40683742795524463,1.5357786628062884,2.412803684849147,0.3956545446563562,0.09480465745091668,-1.2162121733666202,0.0,-0.8930772127243898,-0.5664572772702333,-0.7965695658503499
345,0.970780353846232,1.4651509624059185,0.6256513576937649,0.15346791259651008,0.7505454136841763,0.6877385628886251,-0.32189204239050634,-0.6238699258790168,0.40683742795524463,1.5357786628062884,2.412803684849147,1.235765636271372,0.45331738878111777,-1.2162121733666202,0.0,-0.8930772127243898,-0.5664572772702333,-0.41632529460566275
346,0.37083974648073253,0.6020776909199005,0.6256513576937649,0.15346791259651008,0.7505454136841763,0.6877385628886251,-0.32189204239050634,-0.6238699258790168,0.40683742795524463,1.5357786628062884,2.412803684849147,-0.12604432211499134,0.017845283564640664,-1.2162121733666202,0.0,0.6882113771853678,-0.5664572772702333,-0.03608102336097565
347,-1.4035990704657106,-0.17716004986762007,0.6256513576937649,0.15346791259651008,0.7505454136841763,0.6877385628886251,-0.32189204239050634,-0.6238699258790168,0.40683742795524463,1.5357786628062884,2.412803684849147,-0.5439741423877763,-1.2034388202432313,-1.2162121733666202,0.0,0.6882113771853678,1.1921382551160753,0.34416324788371144
348,1.137132900776744,1.3246182748088111,0.6256513576937649,0.15346791259651008,0.7505454136841763,0.6877385628886251,-0.32189204239050634,-0.6238699258790168,0.40683742795524463,1.5357786628062884,2.412803684849147,0.5377678517553318,-0.24237496456170773,-1.2162121733666202,0.0,-0.8930772127243898,-0.5664572772702333,0.7244075191283986
349,-1.061677409431791,-1.1114641051651126,0.6256513576937649,0.15346791259651008,0.7505454136841763,0.6877385628886251,-0.32189204239050634,-0.6238699258790168,0.40683742795524463,1.5357786628062884,2.412803684849147,0.61557578640282,-1.554160962163942,-1.2162121733666202,0.0,-0.8930772127243898,-0.5664572772702333,1.1046517903730857
350,-1.9510811343395422,-1.8003907894530935,0.6256513576937649,0.15346791259651008,0.7505454136841763,0.6877385628886251,-0.32189204239050634,-0.6238699258790168,0.40683742795524463,1.5357786628062884,2.412803684849147,-1.4600533865503784,-2.3136360359502155,-1.2162121733666202,0.0,-0.8930772127243898,-0.5664572772702333,1.4848960616177729
351,0.5138513120822684,-0.015670341449195345,0.6256513576937649,-0.23945145652632133,-0.41702107268800304,-1.553477506868954,-1.1218750943468254,0.7319291926560796,0.40683742795524463,-0.651135495119281,-0.4144556004615526,-0.12974476656561362,-0.2671392096355672,-1.0224045134400246,0.0,-0.8930772127243898,-0.5664572772702333,-1.176813837095037
352,1.0718031166720068,-0.32131218029314246,0.6256513576937649,-0.23945145652632133,-0.41702107268800304,-1.553477506868954,-1.1218750943468254,0.7319291926560796,0.40683742795524463,-0.651135495119281,-0.4144556004615526,-0.37005325320853055,0.2252242208130659,-1.0224045134400246,0.0,-0.8930772127243898,-0.5664572772702333,-0.7965695658503499
353,0.970780353846232,0.43060844877703947,0.6256513576937649,-0.23945145652632133,-0.41702107268800304,-1.553477506868954,-1.1218750943468254,0.7319291926560796,0.40683742795524463,-0.651135495119281,-0.4144556004615526,-0.6798059740321689,-0.03395849554613088,-1.0224045134400246,0.0,-0.8930772127243898,-0.5664572772702333,-0.41632529460566275
354,0.30486590107301353,0.18426291404799272,0.6256513576937649,-0.23945145652632133,-0.41702107268800304,-1.553477506868954,-1.1218750943468254,0.7319291926560796,0.40683742795524463,-0.651135495119281,-0.4144556004615526,-0.7007964261744918,-0.3210180522806423,-1.0224045134400246,0.0,-0.8930772127243898,2.950733787502384,-0.03608102336097565
355,0.37083974648073253,0.6578141315122034,0.6256513576937649,-0.23945145652632133,-0.41702107268800304,-1.553477506868954,-1.1218750943468254,0.7319291926560796,0.40683742795524463,-0.651135495119281,-0.4144556004615526,-0.5571693008911707,-0.15082643784434138,-1.0224045134400246,0.0,-0.8930772127243898,-0.5664572772702333,0.34416324788371144
356,1.137132900776744,0.3759444356894523,0.6256513576937649,-0.23945145652632133,-0.41702107268800304,-1.553477506868954,-1.1218750943468254,0.7319291926560796,0.40683742795524463,-0.651135495119281,-0.4144556004615526,-0.5910765081926405,0.6802365076442346,-1.0224045134400246,0.0,-0.8930772127243898,-0.5664572772702333,0.7244075191283986
357,-2.6298967840655036,-1.8003907894530935,0.6256513576937649,-0.23945145652632133,-0.41702107268800304,-1.553477506868954,-1.1218750943468254,0.7319291926560796,0.40683742795524463,-0.651135495119281,-0.4144556004615526,-2.0050058926499936,-2.800300322604196,-1.0224045134400246,0.0,-0.8930772127243898,-0.5664572772702333,1.1046517903730857
358,-1.3858249755927365,-1.7837234786506384,0.6256513576937649,-0.23945145652632133,-0.41702107268800304,-1.553477506868954,-1.1218750943468254,0.7319291926560796,0.40683742795524463,-0.651135495119281,-0.4144556004615526,-1.2314448004494603,-1.3138267395746697,-1.0224045134400246,0.0,-0.8930772127243898,-0.5664572772702333,1.4848960616177729
359,-0.8536955358016,0.002464109759016224,0.6256513576937649,-0.23945145652632133,-0.41702107268800304,-1.553477506868954,-1.1218750943468254,0.7319291926560796,0.40683742795524463,-0.651135495119281,-0.4144556004615526,-0.9127831726099034,-1.237149501519812,-1.0224045134400246,0.0,-0.8930772127243898,1.1921382551160753,1.8651403328624598
360,-1.4511497669741948,-1.591266681292228,0.6256513576937649,-0.23945145652632133,-0.41702107268800304,-1.553477506868954,-1.1218750943468254,0.7319291926560796,0.40683742795524463,-0.651135495119281,-0.4144556004615526,-1.1428545362820555,-1.3646111892299935,-1.0224045134400246,0.0,-0.8930772127243898,-0.5664572772702333,2.245384604107147
361,-2.6298967840655036,-1.8003907894530935,0.6256513576937649,-0.23945145652632133,-0.41702107268800304,-1.553477506868954,-1.1218750943468254,0.7319291926560796,0.40683742795524463,-0.651135495119281,-0.4144556004615526,-1.990122913872099,-2.75956354900971,-1.0224045134400246,0.0,-0.8930772127243898,-0.5664572772702333,2.625628875351834
362,0.5138513120822684,-0.015670341449195345,0.83179247469906,-0.23945145652632133,-0.41702107268800304,-1.1900370631244817,-1.1218750943468254,0.5059626729002302,0.40683742795524463,-0.651135495119281,-0.4144556004615526,-0.12974476656561362,-0.2671392096355672,-1.0224045134400246,0.0,0.6882113771853678,-0.5664572772702333,-1.176813837095037
363,1.0718031166720068,-0.32131218029314246,0.83179247469906,-0.23945145652632133,-0.41702107268800304,-1.1900370631244817,-1.1218750943468254,0.5059626729002302,0.40683742795524463,-0.651135495119281,-0.4144556004615526,-0.37005325320853055,0.2252242208130659,-1.0224045134400246,0.0,0.6882113771853678,-0.5664572772702333,-0.7965695658503499
364,0.970780353846232,0.43060844877703947,0.83179247469906,-0.23945145652632133,-0.41702107268800304,-1.1900370631244817,-1.1218750943468254,0.5059626729002302,0.40683742795524463,-0.651135495119281,-0.4144556004615526,-0.6798059740321689,-0.03395849554613088,-1.0224045134400246,0.0,-0.8930772127243898,-0.5664572772702333,-0.41632529460566275
365,0.30486590107301353,0.18426291404799272,0.83179247469906,-0.23945145652632133,-0.41702107268800304,-1.1900370631244817,-1.1218750943468254,0.5059626729002302,0.40683742795524463,-0.651135495119281,-0.4144556004615526,-0.7007964261744918,-0.3210180522806423,-1.0224045134400246,0.0,-0.8930772127243898,-0.5664572772702333,-0.03608102336097565
366,0.37083974648073253,0.6578141315122034,0.83179247469906,-0.23945145652632133,-0.41702107268800304,-1.1900370631244817,-1.1218750943468254,0.5059626729002302,0.40683742795524463,-0.651135495119281,-0.4144556004615526,-0.5571693008911707,-0.15082643784434138,-1.0224045134400246,0.0,0.6882113771853678,-0.5664572772702333,0.34416324788371144
367,1.137132900776744,0.3759444356894523,0.83179247469906,-0.23945145652632133,-0.41702107268800304,-1.1900370631244817,-1.1218750943468254,0.5059626729002302,0.40683742795524463,-0.651135495119281,-0.4144556004615526,-0.5910765081926405,0.6802365076442346,-1.0224045134400246,0.0,-0.8930772127243898,-0.5664572772702333,0.7244075191283986
368,-1.061677409431791,-0.13963253461580102,0.83179247469906,-0.23945145652632133,-0.41702107268800304,-1.1900370631244817,-1.1218750943468254,0.5059626729002302,0.40683742795524463,-0.651135495119281,-0.4144556004615526,-0.07145986643347688,-1.1232940418086828,-1.0224045134400246,0.0,-0.8930772127243898,-0.5664572772702333,1.1046517903730857
369,0.14607233718679458,-0.9002740845750243,0.83179247469906,-0.23945145652632133,-0.41702107268800304,-1.1900370631244817,-1.1218750943468254,0.5059626729002302,0.40683742795524463,-0.651135495119281,-0.4144556004615526,-1.027218547234946,-0.6046373721030188,-1.0224045134400246,0.0,-0.8930772127243898,1.1921382551160753,1.4848960616177729
370,-0.8536955358016,0.002464109759016224,0.83179247469906,-0.23945145652632133,-0.41702107268800304,-1.1900370631244817,-1.1218750943468254,0.5059626729002302,0.40683742795524463,-0.651135495119281,-0.4144556004615526,-0.9127831726099034,-1.237149501519812,-1.0224045134400246,0.0,-0.8930772127243898,-0.5664572772702333,1.8651403328624598
371,0.5138513120822684,-0.015670341449195345,0.6256513576937649,-0.10847833348537753,-0.41702107268800304,0.14257789727191675,-1.1218750943468254,0.5059626729002302,0.40683742795524463,1.5357786628062884,2.412803684849147,-0.12974476656561362,-0.2671392096355672,-1.0224045134400246,0.0,-0.8930772127243898,-0.5664572772702333,-1.176813837095037
372,1.0718031166720068,-0.32131218029314246,0.6256513576937649,-0.10847833348537753,-0.41702107268800304,0.14257789727191675,-1.1218750943468254,0.5059626729002302,0.40683742795524463,1.5357786628062884,2.412803684849147,-0.37005325320853055,0.2252242208130659,-1.0224045134400246,0.0,0.6882113771853678,-0.5664572772702333,-0.7965695658503499
373,0.970780353846232,0.43060844877703947,0.6256513576937649,-0.10847833348537753,-0.41702107268800304,0.14257789727191675,-1.1218750943468254,0.5059626729002302,0.40683742795524463,1.5357786628062884,2.412803684849147,-0.6798059740321689,-0.03395849554613088,-1.0224045134400246,0.0,-0.8930772127243898,-0.5664572772702333,-0.41632529460566275
374,0.30486590107301353,0.18426291404799272,0.6256513576937649,-0.10847833348537753,-0.41702107268800304,0.14257789727191675,-1.1218750943468254,0.5059626729002302,0.40683742795524463,1.5357786628062884,2.412803684849147,-0.7007964261744918,-0.3210180522806423,-1.0224045134400246,0.0,-0.8930772127243898,-0.5664572772702333,-0.03608102336097565
375,0.37083974648073253,0.6578141315122034,0.6256513576937649,-0.10847833348537753,-0.41702107268800304,0.14257789727191675,-1.1218750943468254,0.5059626729002302,0.40683742795524463,1.5357786628062884,2.412803684849147,-0.5571693008911707,-0.15082643784434138,-1.0224045134400246,0.0,-0.8930772127243898,-0.5664572772702333,0.34416324788371144
376,1.137132900776744,0.3759444356894523,0.6256513576937649,-0.10847833348537753,-0.41702107268800304,0.14257789727191675,-1.1218750943468254,0.5059626729002302,0.40683742795524463,1.5357786628062884,2.412803684849147,-0.5910765081926405,0.6802365076442346,-1.0224045134400246,0.0,-0.8930772127243898,1.1921382551160753,0.7244075191283986
377,-0.8536955358016,0.002464109759016224,0.6256513576937649,-0.10847833348537753,-0.41702107268800304,0.14257789727191675,-1.1218750943468254,0.5059626729002302,0.40683742795524463,1.5357786628062884,2.412803684849147,-0.9127831726099034,-1.237149501519812,-1.0224045134400246,0.0,-0.8930772127243898,-0.5664572772702333,1.1046517903730857
378,-1.061677409431791,-0.13963253461580102,0.6256513576937649,-0.10847833348537753,-0.41702107268800304,0.14257789727191675,-1.1218750943468254,0.5059626729002302,0.40683742795524463,1.5357786628062884,2.412803684849147,-0.07145986643347688,-1.1232940418086828,-1.0224045134400246,0.0,-0.8930772127243898,-0.5664572772702333,1.4848960616177729
379,0.14607233718679458,-0.9002740845750243,0.6256513576937649,-0.10847833348537753,-0.41702107268800304,0.14257789727191675,-1.1218750943468254,0.5059626729002302,0.40683742795524463,1.5357786628062884,2.412803684849147,-1.027218547234946,-0.6046373721030188,-1.0224045134400246,0.0,-0.8930772127243898,-0.5664572772702333,1.8651403328624598
380,-1.3858249755927365,-1.7837234786506384,0.6256513576937649,-0.10847833348537753,-0.41702107268800304,0.14257789727191675,-1.1218750943468254,0.5059626729002302,0.40683742795524463,1.5357786628062884,2.412803684849147,-1.2314448004494603,-1.3138267395746697,-1.0224045134400246,0.0,-0.8930772127243898,-0.5664572772702333,2.245384604107147
381,-2.6298967840655036,-1.8003907894530935,0.6256513576937649,-0.10847833348537753,-0.41702107268800304,0.14257789727191675,-1.1218750943468254,0.5059626729002302,0.40683742795524463,1.5357786628062884,2.412803684849147,-1.990122913872099,-2.75956354900971,-1.0224045134400246,0.0,-0.8930772127243898,-0.5664572772702333,2.625628875351834
382,0.5138513120822684,-0.015670341449195345,1.037933591704355,0.4154141586783977,-0.41702107268800304,-0.8265966193800093,-1.012786496352782,0.7319291926560796,0.40683742795524463,1.5357786628062884,2.412803684849147,-1.128220960500049,-0.2671392096355672,-1.0224045134400246,0.0,-0.8930772127243898,-0.5664572772702333,-1.176813837095037
383,1.0718031166720068,-0.32131218029314246,1.037933591704355,0.4154141586783977,-0.41702107268800304,-0.8265966193800093,-1.012786496352782,0.7319291926560796,0.40683742795524463,1.5357786628062884,2.412803684849147,-0.4013678293666959,0.2252242208130659,-1.0224045134400246,0.0,-0.8930772127243898,-0.5664572772702333,-0.7965695658503499
384,0.970780353846232,0.43060844877703947,1.037933591704355,0.4154141586783977,-0.41702107268800304,-0.8265966193800093,-1.012786496352782,0.7319291926560796,0.40683742795524463,1.5357786628062884,2.412803684849147,-0.4190696420050957,-0.03395849554613088,-1.0224045134400246,0.0,0.6882113771853678,-0.5664572772702333,-0.41632529460566275
385,0.30486590107301353,0.18426291404799272,1.037933591704355,0.4154141586783977,-0.41702107268800304,-0.8265966193800093,-1.012786496352782,0.7319291926560796,0.40683742795524463,1.5357786628062884,2.412803684849147,-0.8207650672664522,-0.3210180522806423,-1.0224045134400246,0.0,-0.8930772127243898,-0.5664572772702333,-0.03608102336097565
386,0.37083974648073253,0.6578141315122034,1.037933591704355,0.4154141586783977,-0.41702107268800304,-0.8265966193800093,-1.012786496352782,0.7319291926560796,0.40683742795524463,1.5357786628062884,2.412803684849147,0.016132785750374454,-0.15082643784434138,-1.0224045134400246,0.0,-0.8930772127243898,1.1921382551160753,0.34416324788371144
387,1.137132900776744,0.3759444356894523,1.037933591704355,0.4154141586783977,-0.41702107268800304,-0.8265966193800093,-1.012786496352782,0.7319291926560796,0.40683742795524463,1.5357786628062884,2.412803684849147,-0.7388564833609857,0.6802365076442346,-1.0224045134400246,0.0,-0.8930772127243898,-0.5664572772702333,0.7244075191283986
388,-1.061677409431791,-0.13963253461580102,1.037933591704355,0.4154141586783977,-0.41702107268800304,-0.8265966193800093,-1.012786496352782,0.7319291926560796,0.40683742795524463,1.5357786628062884,2.412803684849147,-1.7015421873715113,-1.1232940418086828,-1.0224045134400246,0.0,-0.8930772127243898,-0.5664572772702333,1.1046517903730857
389,0.14607233718679458,-0.9002740845750243,1.037933591704355,0.4154141586783977,-0.41702107268800304,-0.8265966193800093,-1.012786496352782,0.7319291926560796,0.40683742795524463,1.5357786628062884,2.412803684849147,-1.2041322723648518,-0.6046373721030188,-1.0224045134400246,0.0,-0.8930772127243898,-0.5664572772702333,1.4848960616177729
390,-1.3858249755927365,-1.7837234786506384,1.037933591704355,0.4154141586783977,-0.41702107268800304,-0.8265966193800093,-1.012786496352782,0.7319291926560796,0.40683742795524463,1.5357786628062884,2.412803684849147,-0.7443549494098728,-1.3138267395746697,-1.0224045134400246,0.0,-0.8930772127243898,-0.5664572772702333,1.8651403328624598
391,-0.8536955358016,0.002464109759016224,1.037933591704355,0.4154141586783977,-0.41702107268800304,-0.8265966193800093,-1.012786496352782,0.7319291926560796,0.40683742795524463,1.5357786628062884,2.412803684849147,-1.349505218619391,-1.237149501519812,-1.0224045134400246,0.0,-0.8930772127243898,-0.5664572772702333,2.245384604107147
392,-2.6298967840655036,-1.8003907894530935,1.037933591704355,0.4154141586783977,-0.41702107268800304,-0.8265966193800093,-1.012786496352782,0.7319291926560796,0.40683742795524463,1.5357786628062884,2.412803684849147,-2.0050058926499936,-2.75956354900971,-1.0224045134400246,0.0,-0.8930772127243898,-0.5664572772702333,2.625628875351834
393,0.5138513120822684,-0.015670341449195345,0.6256513576937649,1.0702797738831167,-0.41702107268800304,-0.4025827683447917,-0.5764321043766079,0.2799961531443808,0.40683742795524463,-0.651135495119281,-0.4144556004615526,0.533475800198184,-0.2671392096355672,-1.0224045134400246,0.0,-0.8930772127243898,-0.5664572772702333,-1.176813837095037
394,1.0718031166720068,-0.32131218029314246,0.6256513576937649,1.0702797738831167,-0.41702107268800304,-0.4025827683447917,-0.5764321043766079,0.2799961531443808,0.40683742795524463,-0.651135495119281,-0.4144556004615526,-0.5797605722629163,0.2252242208130659,-1.0224045134400246,0.0,-0.8930772127243898,-0.5664572772702333,-0.7965695658503499
395,0.30486590107301353,0.18426291404799272,0.6256513576937649,1.0702797738831167,-0.41702107268800304,-0.4025827683447917,-0.5764321043766079,0.2799961531443808,0.40683742795524463,-0.651135495119281,-0.4144556004615526,-0.744807354844275,-0.3210180522806423,-1.0224045134400246,0.0,-0.8930772127243898,-0.5664572772702333,-0.41632529460566275
396,0.970780353846232,0.43060844877703947,0.6256513576937649,1.0702797738831167,-0.41702107268800304,-0.4025827683447917,-0.5764321043766079,0.2799961531443808,0.40683742795524463,-0.651135495119281,-0.4144556004615526,-0.02379489387044629,-0.03395849554613088,-1.0224045134400246,0.0,0.6882113771853678,-0.5664572772702333,-0.03608102336097565
397,-1.4035990704657106,-0.44852889304003074,0.6256513576937649,1.0702797738831167,-0.41702107268800304,-0.4025827683447917,-0.5764321043766079,0.2799961531443808,0.40683742795524463,-0.651135495119281,-0.4144556004615526,-1.8323859590981373,-1.0273132521912907,-1.0224045134400246,0.0,-0.8930772127243898,-0.5664572772702333,0.34416324788371144
398,1.137132900776744,0.3759444356894523,0.6256513576937649,1.0702797738831167,-0.41702107268800304,-0.4025827683447917,-0.5764321043766079,0.2799961531443808,0.40683742795524463,-0.651135495119281,-0.4144556004615526,-0.5507196234161049,0.6802365076442346,-1.0224045134400246,0.0,-0.8930772127243898,2.950733787502384,0.7244075191283986
399,-1.061677409431791,-0.13963253461580102,0.6256513576937649,1.0702797738831167,-0.41702107268800304,-0.4025827683447917,-0.5764321043766079,0.2799961531443808,0.40683742795524463,-0.651135495119281,-0.4144556004615526,-1.8057636393044758,-1.1232940418086828,-1.0224045134400246,0.0,-0.8930772127243898,-0.5664572772702333,1.1046517903730857
400,0.14607233718679458,-0.9002740845750243,0.6256513576937649,1.0702797738831167,-0.41702107268800304,-0.4025827683447917,-0.5764321043766079,0.2799961531443808,0.40683742795524463,-0.651135495119281,-0.4144556004615526,-0.27662573093482634,-0.6046373721030188,-1.0224045134400246,0.0,-0.8930772127243898,1.1921382551160753,1.4848960616177729
401,-1.3858249755927365,-1.7837234786506384,0.6256513576937649,1.0702797738831167,-0.41702107268800304,-0.4025827683447917,-0.5764321043766079,0.2799961531443808,0.40683742795524463,-0.651135495119281,-0.4144556004615526,-1.487420435289902,-1.3138267395746697,-1.0224045134400246,0.0,-0.8930772127243898,-0.5664572772702333,1.8651403328624598
402,-0.8536955358016,0.002464109759016224,0.6256513576937649,1.0702797738831167,-0.41702107268800304,-0.4025827683447917,-0.5764321043766079,0.2799961531443808,0.40683742795524463,-0.651135495119281,-0.4144556004615526,-1.4526536576630682,-1.237149501519812,-1.0224045134400246,0.0,-0.8930772127243898,-0.5664572772702333,2.245384604107147
403,0.5138513120822684,-0.015670341449195345,-1.229618695353891,-0.5013977026082089,-0.41702107268800304,0.02143108269042598,-1.1218750943468254,-0.3979034061231674,0.40683742795524463,1.5357786628062884,2.412803684849147,-2.0050058926499936,-0.27826082208696634,-1.0224045134400246,0.0,-0.8930772127243898,-0.5664572772702333,-1.176813837095037
404,1.0718031166720068,-0.32131218029314246,-1.229618695353891,-0.5013977026082089,-0.41702107268800304,0.02143108269042598,-1.1218750943468254,-0.3979034061231674,0.40683742795524463,1.5357786628062884,2.412803684849147,-2.0050058926499936,0.2658335782256204,-1.0224045134400246,0.0,-0.8930772127243898,-0.5664572772702333,-0.7965695658503499
405,0.970780353846232,0.43060844877703947,-1.229618695353891,-0.5013977026082089,-0.41702107268800304,0.02143108269042598,-1.1218750943468254,-0.3979034061231674,0.40683742795524463,1.5357786628062884,2.412803684849147,-1.6482975477841881,0.8584644426980357,-1.0224045134400246,0.0,-0.8930772127243898,-0.5664572772702333,-0.41632529460566275
406,0.30486590107301353,0.18426291404799272,-1.229618695353891,-0.5013977026082089,-0.41702107268800304,0.02143108269042598,-1.1218750943468254,-0.3979034061231674,0.40683742795524463,1.5357786628062884,2.412803684849147,-1.3980808021208977,-0.2636170623207626,-1.0224045134400246,0.0,-0.8930772127243898,-0.5664572772702333,-0.03608102336097565
407,0.37083974648073253,0.6578141315122034,-1.229618695353891,-0.5013977026082089,-0.41702107268800304,0.02143108269042598,-1.1218750943468254,-0.3979034061231674,0.40683742795524463,1.5357786628062884,2.412803684849147,-1.8422849380070354,-1.151807963093652,-1.0224045134400246,0.0,-0.8930772127243898,-0.5664572772702333,0.34416324788371144
408,1.137132900776744,0.3759444356894523,-1.229618695353891,-0.5013977026082089,-0.41702107268800304,0.02143108269042598,-1.1218750943468254,-0.3979034061231674,0.40683742795524463,1.5357786628062884,2.412803684849147,-2.0050058926499936,-0.0016584934266425009,-1.0224045134400246,0.0,-0.8930772127243898,-0.5664572772702333,0.7244075191283986
409,-2.6298967840655036,-1.8003907894530935,-1.229618695353891,-0.5013977026082089,-0.41702107268800304,0.02143108269042598,-1.1218750943468254,-0.3979034061231674,0.40683742795524463,1.5357786628062884,2.412803684849147,-1.1374720716266047,-1.100404634840378,-1.0224045134400246,0.0,-0.8930772127243898,-0.5664572772702333,1.1046517903730857
410,-0.6901638775236811,-0.43040188924504635,-1.229618695353891,-0.5013977026082089,-0.41702107268800304,0.02143108269042598,-1.1218750943468254,-0.3979034061231674,0.40683742795524463,1.5357786628062884,2.412803684849147,-1.3675144349503974,-1.3413122302483396,-1.0224045134400246,0.0,-0.8930772127243898,-0.5664572772702333,1.4848960616177729
411,-0.8536955358016,0.002464109759016224,-1.229618695353891,-0.5013977026082089,-0.41702107268800304,0.02143108269042598,-1.1218750943468254,-0.3979034061231674,0.40683742795524463,1.5357786628062884,2.412803684849147,-1.8810810240348834,-1.807655456115508,-1.0224045134400246,0.0,-0.8930772127243898,-0.5664572772702333,1.8651403328624598
412,-1.6452618553355312,-1.234198964631877,-1.229618695353891,-0.5013977026082089,-0.41702107268800304,0.02143108269042598,-1.1218750943468254,-0.3979034061231674,0.40683742795524463,1.5357786628062884,2.412803684849147,-1.7230018651502843,-2.4931617958285415,-1.0224045134400246,0.0,-0.8930772127243898,-0.5664572772702333,2.245384604107147
413,-2.6298967840655036,-1.8003907894530935,-1.229618695353891,-0.5013977026082089,-0.41702107268800304,0.02143108269042598,-1.1218750943468254,-0.3979034061231674,0.40683742795524463,1.5357786628062884,2.412803684849147,-2.0050058926499936,-2.800300322604196,-1.0224045134400246,0.0,-0.8930772127243898,-0.5664572772702333,2.625628875351834
414,0.5138513120822684,-0.015670341449195345,-0.19891311032741552,-0.10847833348537753,-0.41702107268800304,0.506018341016389,2.078057113478451,1.6357952716794772,0.40683742795524463,-0.651135495119281,-0.4144556004615526,0.43535602155997577,-0.27826082208696634,-1.0224045134400246,0.0,0.6882113771853678,1.1921382551160753,-1.176813837095037
415,1.0718031166720068,-0.32131218029314246,-0.19891311032741552,-0.10847833348537753,-0.41702107268800304,0.506018341016389,2.078057113478451,1.6357952716794772,0.40683742795524463,-0.651135495119281,-0.4144556004615526,-2.0050058926499936,0.2658335782256204,-1.0224045134400246,0.0,-0.8930772127243898,-0.5664572772702333,-0.7965695658503499
416,0.970780353846232,0.43060844877703947,-0.19891311032741552,-0.10847833348537753,-0.41702107268800304,0.506018341016389,2.078057113478451,1.6357952716794772,0.40683742795524463,-0.651135495119281,-0.4144556004615526,-1.8313396265293405,0.8584644426980357,-1.0224045134400246,0.0,-0.8930772127243898,-0.5664572772702333,-0.41632529460566275
417,0.30486590107301353,0.18426291404799272,-0.19891311032741552,-0.10847833348537753,-0.41702107268800304,0.506018341016389,2.078057113478451,1.6357952716794772,0.40683742795524463,-0.651135495119281,-0.4144556004615526,1.1481207834604739,-0.2636170623207626,-1.0224045134400246,0.0,0.6882113771853678,-0.5664572772702333,-0.03608102336097565
418,0.37083974648073253,0.6578141315122034,-0.19891311032741552,-0.10847833348537753,-0.41702107268800304,0.506018341016389,2.078057113478451,1.6357952716794772,0.40683742795524463,-0.651135495119281,-0.4144556004615526,-0.8591383282152245,-1.151807963093652,-1.0224045134400246,0.0,-0.8930772127243898,-0.5664572772702333,0.34416324788371144
419,-0.6901638775236811,-0.43040188924504635,-0.19891311032741552,-0.10847833348537753,-0.41702107268800304,0.506018341016389,2.078057113478451,1.6357952716794772,0.40683742795524463,-0.651135495119281,-0.4144556004615526,0.06281754653886719,-1.3413122302483396,-1.0224045134400246,0.0,-0.8930772127243898,2.950733787502384,0.7244075191283986
420,1.137132900776744,0.3759444356894523,-0.19891311032741552,-0.10847833348537753,-0.41702107268800304,0.506018341016389,2.078057113478451,1.6357952716794772,0.40683742795524463,-0.651135495119281,-0.4144556004615526,-0.4139829809029082,-0.0016584934266425009,-1.0224045134400246,0.0,-0.8930772127243898,1.1921382551160753,1.1046517903730857
421,0.5138513120822684,-0.015670341449195345,1.037933591704355,-0.37042457956726516,-0.41702107268800304,-2.401505208939389,-0.9036978983587384,-0.6238699258790168,0.40683742795524463,-0.651135495119281,-0.4144556004615526,0.3237974814921569,-0.27826082208696634,-1.0224045134400246,0.0,0.6882113771853678,2.950733787502384,-1.176813837095037
422,1.0718031166720068,-0.32131218029314246,1.037933591704355,-0.37042457956726516,-0.41702107268800304,-2.401505208939389,-0.9036978983587384,-0.6238699258790168,0.40683742795524463,-0.651135495119281,-0.4144556004615526,-0.5366080539045628,0.2658335782256204,-1.0224045134400246,0.0,-0.8930772127243898,-0.5664572772702333,-0.7965695658503499
423,0.970780353846232,0.43060844877703947,1.037933591704355,-0.37042457956726516,-0.41702107268800304,-2.401505208939389,-0.9036978983587384,-0.6238699258790168,0.40683742795524463,-0.651135495119281,-0.4144556004615526,-0.09390033599375533,0.8584644426980357,-1.0224045134400246,0.0,-0.8930772127243898,1.1921382551160753,-0.41632529460566275
424,0.30486590107301353,0.18426291404799272,1.037933591704355,-0.37042457956726516,-0.41702107268800304,-2.401505208939389,-0.9036978983587384,-0.6238699258790168,0.40683742795524463,-0.651135495119281,-0.4144556004615526,-0.4626977660765388,-0.2636170623207626,-1.0224045134400246,0.0,-0.8930772127243898,-0.5664572772702333,-0.03608102336097565
425,0.37083974648073253,0.6578141315122034,1.037933591704355,-0.37042457956726516,-0.41702107268800304,-2.401505208939389,-0.9036978983587384,-0.6238699258790168,0.40683742795524463,-0.651135495119281,-0.4144556004615526,-0.9142215898885153,-1.151807963093652,-1.0224045134400246,0.0,-0.8930772127243898,-0.5664572772702333,0.34416324788371144
426,-0.6901638775236811,-0.43040188924504635,1.037933591704355,-0.37042457956726516,-0.41702107268800304,-2.401505208939389,-0.9036978983587384,-0.6238699258790168,0.40683742795524463,-0.651135495119281,-0.4144556004615526,-0.01823262705516925,-1.3413122302483396,-1.0224045134400246,0.0,-0.8930772127243898,1.1921382551160753,0.7244075191283986
427,1.137132900776744,0.3759444356894523,1.037933591704355,-0.37042457956726516,-0.41702107268800304,-2.401505208939389,-0.9036978983587384,-0.6238699258790168,0.40683742795524463,-0.651135495119281,-0.4144556004615526,-0.6673300241680804,-0.0016584934266425009,-1.0224045134400246,0.0,-0.8930772127243898,-0.5664572772702333,1.1046517903730857
428,-2.6298967840655036,-1.8003907894530935,1.037933591704355,-0.37042457956726516,-0.41702107268800304,-2.401505208939389,-0.9036978983587384,-0.6238699258790168,0.40683742795524463,-0.651135495119281,-0.4144556004615526,-0.6671618221475976,-1.100404634840378,-1.0224045134400246,0.0,-0.8930772127243898,-0.5664572772702333,1.4848960616177729
429,-0.8536955358016,0.002464109759016224,1.037933591704355,-0.37042457956726516,-0.41702107268800304,-2.401505208939389,-0.9036978983587384,-0.6238699258790168,0.40683742795524463,-0.651135495119281,-0.4144556004615526,-1.513855992840131,-1.807655456115508,-1.0224045134400246,0.0,-0.8930772127243898,-0.5664572772702333,1.8651403328624598
430,-1.636524589597412,-0.7170826140125632,1.037933591704355,-0.37042457956726516,-0.41702107268800304,-2.401505208939389,-0.9036978983587384,-0.6238699258790168,0.40683742795524463,-0.651135495119281,-0.4144556004615526,-1.1025730524112536,-1.2191747187117001,-1.0224045134400246,0.0,-0.8930772127243898,-0.5664572772702333,2.245384604107147
431,0.5138513120822684,-0.015670341449195345,0.2133691236831747,0.8083335278012291,3.085678386428535,-0.7054498047985186,-0.21280344439646284,-1.0758029653907155,-1.7618165702686994,1.5357786628062884,2.412803684849147,-1.3197856616209767,-0.27826082208696634,-1.0224045134400246,0.0,-0.8930772127243898,-0.5664572772702333,-1.176813837095037
432,1.0718031166720068,-0.32131218029314246,0.2133691236831747,0.8083335278012291,3.085678386428535,-0.7054498047985186,-0.21280344439646284,-1.0758029653907155,-1.7618165702686994,1.5357786628062884,2.412803684849147,1.1901712885811813,0.2658335782256204,-1.0224045134400246,0.0,0.6882113771853678,2.950733787502384,-0.7965695658503499
433,0.970780353846232,0.43060844877703947,0.2133691236831747,0.8083335278012291,3.085678386428535,-0.7054498047985186,-0.21280344439646284,-1.0758029653907155,-1.7618165702686994,1.5357786628062884,2.412803684849147,-0.24899419901826783,0.8584644426980357,-1.0224045134400246,0.0,-0.8930772127243898,1.1921382551160753,-0.41632529460566275
434,0.30486590107301353,0.18426291404799272,0.2133691236831747,0.8083335278012291,3.085678386428535,-0.7054498047985186,-0.21280344439646284,-1.0758029653907155,-1.7618165702686994,1.5357786628062884,2.412803684849147,0.20687387697790338,-0.2636170623207626,-1.0224045134400246,0.0,-0.8930772127243898,1.1921382551160753,-0.03608102336097565
435,0.017095316722317847,-1.8003907894530935,0.2133691236831747,0.8083335278012291,3.085678386428535,-0.7054498047985186,-0.21280344439646284,-1.0758029653907155,-1.7618165702686994,1.5357786628062884,2.412803684849147,-0.899849017241741,-0.4019819347418898,-1.0224045134400246,0.0,-0.8930772127243898,-0.5664572772702333,0.34416324788371144
436,0.14607233718679458,-0.9002740845750243,0.2133691236831747,0.8083335278012291,3.085678386428535,-0.7054498047985186,-0.21280344439646284,-1.0758029653907155,-1.7618165702686994,1.5357786628062884,2.412803684849147,1.2086039099982306,0.07950561446335379,-1.0224045134400246,0.0,-0.8930772127243898,2.950733787502384,0.7244075191283986
437,1.137132900776744,0.3759444356894523,0.2133691236831747,0.8083335278012291,3.085678386428535,-0.7054498047985186,-0.21280344439646284,-1.0758029653907155,-1.7618165702686994,1.5357786628062884,2.412803684849147,-0.7102563398092331,-0.0016584934266425009,-1.0224045134400246,0.0,-0.8930772127243898,-0.5664572772702333,1.1046517903730857
438,0.5138513120822684,-0.015670341449195345,0.2133691236831747,-0.8943170717310404,3.085678386428535,-0.09971573189106478,-0.43098064038454986,-1.5277360049024145,-1.7618165702686994,1.5357786628062884,-0.4144556004615526,-0.3947731501498348,-0.27826082208696634,-1.0224045134400246,0.0,0.6882113771853678,1.1921382551160753,-1.176813837095037
439,1.0718031166720068,-0.32131218029314246,0.2133691236831747,-0.8943170717310404,3.085678386428535,-0.09971573189106478,-0.43098064038454986,-1.5277360049024145,-1.7618165702686994,1.5357786628062884,-0.4144556004615526,-0.18069837863256707,0.2658335782256204,-1.0224045134400246,0.0,0.6882113771853678,-0.5664572772702333,-0.7965695658503499
440,0.970780353846232,0.43060844877703947,0.2133691236831747,-0.8943170717310404,3.085678386428535,-0.09971573189106478,-0.43098064038454986,-1.5277360049024145,-1.7618165702686994,1.5357786628062884,-0.4144556004615526,1.6359472433483828,0.8584644426980357,-1.0224045134400246,0.0,0.6882113771853678,-0.5664572772702333,-0.41632529460566275
441,0.30486590107301353,0.18426291404799272,0.2133691236831747,-0.8943170717310404,3.085678386428535,-0.09971573189106478,-0.43098064038454986,-1.5277360049024145,-1.7618165702686994,1.5357786628062884,-0.4144556004615526,-1.2801073849960443,-0.2636170623207626,-1.0224045134400246,0.0,-0.8930772127243898,-0.5664572772702333,-0.03608102336097565
442,0.017095316722317847,-1.8003907894530935,0.2133691236831747,-0.8943170717310404,3.085678386428535,-0.09971573189106478,-0.43098064038454986,-1.5277360049024145,-1.7618165702686994,1.5357786628062884,-0.4144556004615526,0.7943455338277087,-0.4019819347418898,-1.0224045134400246,0.0,0.6882113771853678,-0.5664572772702333,0.34416324788371144
443,1.137132900776744,0.3759444356894523,0.2133691236831747,-0.8943170717310404,3.085678386428535,-0.09971573189106478,-0.43098064038454986,-1.5277360049024145,-1.7618165702686994,1.5357786628062884,-0.4144556004615526,-0.7942993493539295,-0.0016584934266425009,-1.0224045134400246,0.0,-0.8930772127243898,-0.5664572772702333,0.7244075191283986
444,0.14607233718679458,-0.9002740845750243,0.2133691236831747,-0.8943170717310404,3.085678386428535,-0.09971573189106478,-0.43098064038454986,-1.5277360049024145,-1.7618165702686994,1.5357786628062884,-0.4144556004615526,-1.4154868112060348,0.07950561446335379,-1.0224045134400246,0.0,-0.8930772127243898,-0.5664572772702333,1.1046517903730857
445,-0.6901638775236811,-0.43040188924504635,0.2133691236831747,-0.8943170717310404,3.085678386428535,-0.09971573189106478,-0.43098064038454986,-1.5277360049024145,-1.7618165702686994,1.5357786628062884,-0.4144556004615526,-2.0050058926499936,-1.3413122302483396,-1.0224045134400246,0.0,-0.8930772127243898,-0.5664572772702333,1.4848960616177729
446,-1.636524589597412,-0.7170826140125632,0.2133691236831747,-0.8943170717310404,3.085678386428535,-0.09971573189106478,-0.43098064038454986,-1.5277360049024145,-1.7618165702686994,1.5357786628062884,-0.4144556004615526,-1.1025730524112536,-1.2191747187117001,-1.0224045134400246,0.0,-0.8930772127243898,-0.5664572772702333,1.8651403328624598
447,-1.2127971576383016,-1.8003907894530935,0.2133691236831747,-0.8943170717310404,3.085678386428535,-0.09971573189106478,-0.43098064038454986,-1.5277360049024145,-1.7618165702686994,1.5357786628062884,-0.4144556004615526,0.7821595874472115,0.16965256317947972,-1.0224045134400246,0.0,-0.8930772127243898,1.1921382551160753,2.245384604107147
448,0.5138513120822684,-0.015670341449195345,1.8624980597255354,0.15346791259651008,-0.41702107268800304,-2.583225430811625,-0.8309721663627093,0.0540296333885314,0.40683742795524463,-0.651135495119281,-0.4144556004615526,-1.541730547675939,-0.09775759807011321,-1.0224045134400246,0.0,-0.8930772127243898,-0.5664572772702333,-1.176813837095037
449,1.0718031166720068,-0.32131218029314246,1.8624980597255354,0.15346791259651008,-0.41702107268800304,-2.583225430811625,-0.8309721663627093,0.0540296333885314,0.40683742795524463,-0.651135495119281,-0.4144556004615526,-0.23773626378526175,0.6422664854288203,-1.0224045134400246,0.0,0.6882113771853678,-0.5664572772702333,-0.7965695658503499
450,0.970780353846232,0.43060844877703947,1.8624980597255354,0.15346791259651008,-0.41702107268800304,-2.583225430811625,-0.8309721663627093,0.0540296333885314,0.40683742795524463,-0.651135495119281,-0.4144556004615526,-0.7114569542313001,0.7209823823945722,-1.0224045134400246,0.0,-0.8930772127243898,-0.5664572772702333,-0.41632529460566275
451,0.30486590107301353,0.18426291404799272,1.8624980597255354,0.15346791259651008,-0.41702107268800304,-2.583225430811625,-0.8309721663627093,0.0540296333885314,0.40683742795524463,-0.651135495119281,-0.4144556004615526,0.053253231650033435,-0.3963847238927816,-1.0224045134400246,0.0,0.6882113771853678,-0.5664572772702333,-0.03608102336097565
452,0.37083974648073253,0.6578141315122034,1.8624980597255354,0.15346791259651008,-0.41702107268800304,-2.583225430811625,-0.8309721663627093,0.0540296333885314,0.40683742795524463,-0.651135495119281,-0.4144556004615526,-0.7672594245438966,0.6363507341248849,-1.0224045134400246,0.0,-0.8930772127243898,-0.5664572772702333,0.34416324788371144
453,0.14607233718679458,-0.9002740845750243,1.8624980597255354,0.15346791259651008,-0.41702107268800304,-2.583225430811625,-0.8309721663627093,0.0540296333885314,0.40683742795524463,-0.651135495119281,-0.4144556004615526,-1.3077911175396493,-0.32164603203444453,-1.0224045134400246,0.0,-0.8930772127243898,-0.5664572772702333,0.7244075191283986
454,1.137132900776744,0.3759444356894523,1.8624980597255354,0.15346791259651008,-0.41702107268800304,-2.583225430811625,-0.8309721663627093,0.0540296333885314,0.40683742795524463,-0.651135495119281,-0.4144556004615526,1.4175630200649518,1.2957021721498414,-1.0224045134400246,0.0,-0.8930772127243898,-0.5664572772702333,1.1046517903730857
455,0.017095316722317847,-1.8003907894530935,1.8624980597255354,0.15346791259651008,-0.41702107268800304,-2.583225430811625,-0.8309721663627093,0.0540296333885314,0.40683742795524463,-0.651135495119281,-0.4144556004615526,-1.3555720914961165,-0.06100713073889485,-1.0224045134400246,0.0,-0.8930772127243898,-0.5664572772702333,1.4848960616177729
456,-0.6901638775236811,-0.43040188924504635,1.8624980597255354,0.15346791259651008,-0.41702107268800304,-2.583225430811625,-0.8309721663627093,0.0540296333885314,0.40683742795524463,-0.651135495119281,-0.4144556004615526,-1.1304133868359978,-1.102507001842238,-1.0224045134400246,0.0,-0.8930772127243898,-0.5664572772702333,1.8651403328624598
457,-0.8536955358016,0.002464109759016224,1.8624980597255354,0.15346791259651008,-0.41702107268800304,-2.583225430811625,-0.8309721663627093,0.0540296333885314,0.40683742795524463,-0.651135495119281,-0.4144556004615526,-1.427875760025046,-0.7612045562285635,-1.0224045134400246,0.0,-0.8930772127243898,-0.5664572772702333,2.245384604107147
458,0.5138513120822684,-0.015670341449195345,0.007228006677879595,-1.5491826869357594,-0.41702107268800304,0.6271651555978798,-1.1218750943468254,-0.171936886367318,0.40683742795524463,1.5357786628062884,-0.4144556004615526,-1.541730547675939,-0.5885374274004618,-1.0224045134400246,0.0,-0.8930772127243898,-0.5664572772702333,-1.176813837095037
459,1.0718031166720068,-0.32131218029314246,0.007228006677879595,-1.5491826869357594,-0.41702107268800304,0.6271651555978798,-1.1218750943468254,-0.171936886367318,0.40683742795524463,1.5357786628062884,-0.4144556004615526,-0.23773626378526175,0.09480465745091668,-1.0224045134400246,0.0,0.6882113771853678,-0.5664572772702333,-0.7965695658503499
460,0.970780353846232,0.43060844877703947,0.007228006677879595,-1.5491826869357594,-0.41702107268800304,0.6271651555978798,-1.1218750943468254,-0.171936886367318,0.40683742795524463,1.5357786628062884,-0.4144556004615526,-0.7114569542313001,0.45331738878111777,-1.0224045134400246,0.0,-0.8930772127243898,-0.5664572772702333,-0.41632529460566275
461,0.30486590107301353,0.18426291404799272,0.007228006677879595,-1.5491826869357594,-0.41702107268800304,0.6271651555978798,-1.1218750943468254,-0.171936886367318,0.40683742795524463,1.5357786628062884,-0.4144556004615526,0.053253231650033435,0.3628792030777206,-1.0224045134400246,0.0,0.6882113771853678,-0.5664572772702333,-0.03608102336097565
462,0.37083974648073253,0.6578141315122034,0.007228006677879595,-1.5491826869357594,-0.41702107268800304,0.6271651555978798,-1.1218750943468254,-0.171936886367318,0.40683742795524463,1.5357786628062884,-0.4144556004615526,-0.7672594245438966,0.017845283564640664,-1.0224045134400246,0.0,-0.8930772127243898,-0.5664572772702333,0.34416324788371144
463,0.017095316722317847,-1.8003907894530935,0.007228006677879595,-1.5491826869357594,-0.41702107268800304,0.6271651555978798,-1.1218750943468254,-0.171936886367318,0.40683742795524463,1.5357786628062884,-0.4144556004615526,-1.3555720914961165,-0.7949425409727007,-1.0224045134400246,0.0,-0.8930772127243898,-0.5664572772702333,0.7244075191283986
464,1.137132900776744,0.3759444356894523,0.007228006677879595,-1.5491826869357594,-0.41702107268800304,0.6271651555978798,-1.1218750943468254,-0.171936886367318,0.40683742795524463,1.5357786628062884,-0.4144556004615526,1.4175630200649518,-0.24237496456170773,-1.0224045134400246,0.0,0.6882113771853678,1.1921382551160753,1.1046517903730857
465,-0.6901638775236811,-0.43040188924504635,0.007228006677879595,-1.5491826869357594,-0.41702107268800304,0.6271651555978798,-1.1218750943468254,-0.171936886367318,0.40683742795524463,1.5357786628062884,-0.4144556004615526,-1.1304133868359978,-0.23831584905162279,-1.0224045134400246,0.0,-0.8930772127243898,-0.5664572772702333,1.4848960616177729
466,-1.2127971576383016,-1.8003907894530935,0.007228006677879595,-1.5491826869357594,-0.41702107268800304,0.6271651555978798,-1.1218750943468254,-0.171936886367318,0.40683742795524463,1.5357786628062884,-0.4144556004615526,-1.436976069340134,-1.9741037651497957,-1.0224045134400246,0.0,-0.8930772127243898,-0.5664572772702333,1.8651403328624598
467,-0.8536955358016,0.002464109759016224,0.007228006677879595,-1.5491826869357594,-0.41702107268800304,0.6271651555978798,-1.1218750943468254,-0.171936886367318,0.40683742795524463,1.5357786628062884,-0.4144556004615526,-1.427875760025046,-1.520641405160258,-1.0224045134400246,0.0,-0.8930772127243898,-0.5664572772702333,2.245384604107147
468,-2.6298967840655036,-1.7837234786506384,0.007228006677879595,-1.5491826869357594,-0.41702107268800304,0.6271651555978798,-1.1218750943468254,-0.171936886367318,0.40683742795524463,1.5357786628062884,-0.4144556004615526,-0.4114135500382912,0.9616715500620813,-1.0224045134400246,0.0,-0.8930772127243898,-0.5664572772702333,2.625628875351834
469,0.5138513120822684,-0.015670341449195345,1.037933591704355,-0.10847833348537753,-0.41702107268800304,-1.9169179506134262,0.5871796075598562,0.2799961531443808,0.40683742795524463,-0.651135495119281,-0.4144556004615526,-1.082000205285302,-0.09775759807011321,-1.0224045134400246,0.0,-0.8930772127243898,-0.5664572772702333,-1.176813837095037
470,1.0718031166720068,-0.32131218029314246,1.037933591704355,-0.10847833348537753,-0.41702107268800304,-1.9169179506134262,0.5871796075598562,0.2799961531443808,0.40683742795524463,-0.651135495119281,-0.4144556004615526,0.060868723129135105,0.6422664854288203,-1.0224045134400246,0.0,-0.8930772127243898,1.1921382551160753,-0.7965695658503499
471,0.970780353846232,0.43060844877703947,1.037933591704355,-0.10847833348537753,-0.41702107268800304,-1.9169179506134262,0.5871796075598562,0.2799961531443808,0.40683742795524463,-0.651135495119281,-0.4144556004615526,0.4124805467743111,0.7209823823945722,-1.0224045134400246,0.0,-0.8930772127243898,-0.5664572772702333,-0.41632529460566275
472,0.30486590107301353,0.18426291404799272,1.037933591704355,-0.10847833348537753,-0.41702107268800304,-1.9169179506134262,0.5871796075598562,0.2799961531443808,0.40683742795524463,-0.651135495119281,-0.4144556004615526,0.2154753803012149,-0.3963847238927816,-1.0224045134400246,0.0,0.6882113771853678,1.1921382551160753,-0.03608102336097565
473,0.37083974648073253,0.6578141315122034,1.037933591704355,-0.10847833348537753,-0.41702107268800304,-1.9169179506134262,0.5871796075598562,0.2799961531443808,0.40683742795524463,-0.651135495119281,-0.4144556004615526,0.042992908400580634,0.6363507341248849,-1.0224045134400246,0.0,-0.8930772127243898,-0.5664572772702333,0.34416324788371144
474,1.137132900776744,0.3759444356894523,1.037933591704355,-0.10847833348537753,-0.41702107268800304,-1.9169179506134262,0.5871796075598562,0.2799961531443808,0.40683742795524463,-0.651135495119281,-0.4144556004615526,-1.0561028942006179,1.2957021721498414,-1.0224045134400246,0.0,-0.8930772127243898,-0.5664572772702333,0.7244075191283986
475,0.14607233718679458,-0.9002740845750243,1.037933591704355,-0.10847833348537753,-0.41702107268800304,-1.9169179506134262,0.5871796075598562,0.2799961531443808,0.40683742795524463,-0.651135495119281,-0.4144556004615526,-1.3852916484945308,-0.32164603203444453,-1.0224045134400246,0.0,-0.8930772127243898,-0.5664572772702333,1.1046517903730857
476,-0.6901638775236811,-0.43040188924504635,1.037933591704355,-0.10847833348537753,-0.41702107268800304,-1.9169179506134262,0.5871796075598562,0.2799961531443808,0.40683742795524463,-0.651135495119281,-0.4144556004615526,-0.760815547138503,-1.102507001842238,-1.0224045134400246,0.0,-0.8930772127243898,-0.5664572772702333,1.4848960616177729
477,-1.2127971576383016,-1.8003907894530935,1.037933591704355,-0.10847833348537753,-0.41702107268800304,-1.9169179506134262,0.5871796075598562,0.2799961531443808,0.40683742795524463,-0.651135495119281,-0.4144556004615526,-0.04306852538990963,-0.3546286208428486,-1.0224045134400246,0.0,-0.8930772127243898,-0.5664572772702333,1.8651403328624598
478,-0.8536955358016,0.002464109759016224,1.037933591704355,-0.10847833348537753,-0.41702107268800304,-1.9169179506134262,0.5871796075598562,0.2799961531443808,0.40683742795524463,-0.651135495119281,-0.4144556004615526,-1.6125975389471583,-0.7612045562285635,-1.0224045134400246,0.0,-0.8930772127243898,-0.5664572772702333,2.245384604107147
479,-1.636524589597412,-0.7170826140125632,1.037933591704355,-0.10847833348537753,-0.41702107268800304,-1.9169179506134262,0.5871796075598562,0.2799961531443808,0.40683742795524463,-0.651135495119281,-0.4144556004615526,-1.5255953338558983,-1.450762730527,-1.0224045134400246,0.0,-0.8930772127243898,-0.5664572772702333,2.625628875351834
480,0.37083974648073253,0.6578141315122034,-0.4050542273327106,0.4154141586783977,-0.41702107268800304,0.7483119701793706,0.005373751591624148,0.957895712411929,0.40683742795524463,1.5357786628062884,2.412803684849147,-0.583287014623384,0.017845283564640664,-1.0224045134400246,0.0,0.6882113771853678,-0.5664572772702333,-1.176813837095037
481,1.0718031166720068,-0.32131218029314246,-0.4050542273327106,0.4154141586783977,-0.41702107268800304,0.7483119701793706,0.005373751591624148,0.957895712411929,0.40683742795524463,1.5357786628062884,2.412803684849147,-0.12410709884460287,0.09480465745091668,-1.0224045134400246,0.0,0.6882113771853678,1.1921382551160753,-0.7965695658503499
482,0.970780353846232,0.43060844877703947,-0.4050542273327106,0.4154141586783977,-0.41702107268800304,0.7483119701793706,0.005373751591624148,0.957895712411929,0.40683742795524463,1.5357786628062884,2.412803684849147,0.35782649025673496,0.45331738878111777,-1.0224045134400246,0.0,0.6882113771853678,1.1921382551160753,-0.41632529460566275
483,0.30486590107301353,0.18426291404799272,-0.4050542273327106,0.4154141586783977,-0.41702107268800304,0.7483119701793706,0.005373751591624148,0.957895712411929,0.40683742795524463,1.5357786628062884,2.412803684849147,0.8230210782851952,0.3628792030777206,-1.0224045134400246,0.0,-0.8930772127243898,-0.5664572772702333,-0.03608102336097565
484,0.37083974648073253,0.6578141315122034,1.037933591704355,-0.6323708256491528,0.7505454136841763,0.506018341016389,-0.43098064038454986,-1.0758029653907155,0.40683742795524463,-0.651135495119281,-0.4144556004615526,-1.062059565753579,0.6363507341248849,-1.0224045134400246,0.0,-0.8930772127243898,-0.5664572772702333,-1.176813837095037
485,1.0718031166720068,-0.32131218029314246,1.037933591704355,-0.6323708256491528,0.7505454136841763,0.506018341016389,-0.43098064038454986,-1.0758029653907155,0.40683742795524463,-0.651135495119281,-0.4144556004615526,-0.6114115524620475,0.6422664854288203,-1.0224045134400246,0.0,0.6882113771853678,1.1921382551160753,-0.7965695658503499
486,0.970780353846232,0.43060844877703947,1.037933591704355,-0.6323708256491528,0.7505454136841763,0.506018341016389,-0.43098064038454986,-1.0758029653907155,0.40683742795524463,-0.651135495119281,-0.4144556004615526,-1.0774297503839065,0.7209823823945722,-1.0224045134400246,0.0,-0.8930772127243898,-0.5664572772702333,-0.41632529460566275
487,0.30486590107301353,0.18426291404799272,1.037933591704355,-0.6323708256491528,0.7505454136841763,0.506018341016389,-0.43098064038454986,-1.0758029653907155,0.40683742795524463,-0.651135495119281,-0.4144556004615526,-0.7084641182806402,-0.3963847238927816,-1.0224045134400246,0.0,-0.8930772127243898,-0.5664572772702333,-0.03608102336097565
488,0.017095316722317847,-1.8003907894530935,1.037933591704355,-0.6323708256491528,0.7505454136841763,0.506018341016389,-0.43098064038454986,-1.0758029653907155,0.40683742795524463,-0.651135495119281,-0.4144556004615526,-0.6568086977833959,-0.06100713073889485,-1.0224045134400246,0.0,0.6882113771853678,-0.5664572772702333,0.34416324788371144
489,1.137132900776744,0.3759444356894523,1.037933591704355,-0.6323708256491528,0.7505454136841763,0.506018341016389,-0.43098064038454986,-1.0758029653907155,0.40683742795524463,-0.651135495119281,-0.4144556004615526,-0.6143173873676301,1.2957021721498414,-1.0224045134400246,0.0,0.6882113771853678,1.1921382551160753,0.7244075191283986
490,0.14607233718679458,-0.9002740845750243,1.037933591704355,-0.6323708256491528,0.7505454136841763,0.506018341016389,-0.43098064038454986,-1.0758029653907155,0.40683742795524463,-0.651135495119281,-0.4144556004615526,-0.6200362560640462,-0.32164603203444453,-1.0224045134400246,0.0,-0.8930772127243898,-0.5664572772702333,1.1046517903730857
491,-1.5500656005762627,-1.8003907894530935,1.037933591704355,-0.6323708256491528,0.7505454136841763,0.506018341016389,-0.43098064038454986,-1.0758029653907155,0.40683742795524463,-0.651135495119281,-0.4144556004615526,-0.9901387018229896,-0.9106819399452374,-1.0224045134400246,0.0,-0.8930772127243898,-0.5664572772702333,1.4848960616177729
492,0.37083974648073253,0.6578141315122034,-1.8480420463697762,-0.7633439486900966,-0.41702107268800304,1.3540460430868244,-1.1218750943468254,1.1838622321677783,0.40683742795524463,1.5357786628062884,2.412803684849147,-0.22490070960152034,0.017845283564640664,-1.0224045134400246,0.0,0.6882113771853678,1.1921382551160753,-1.176813837095037
493,1.0718031166720068,-0.32131218029314246,-1.8480420463697762,-0.7633439486900966,-0.41702107268800304,1.3540460430868244,-1.1218750943468254,1.1838622321677783,0.40683742795524463,1.5357786628062884,2.412803684849147,1.31175814911158,0.09480465745091668,-1.0224045134400246,0.0,-0.8930772127243898,-0.5664572772702333,-0.7965695658503499
494,0.970780353846232,0.43060844877703947,-1.8480420463697762,-0.7633439486900966,-0.41702107268800304,1.3540460430868244,-1.1218750943468254,1.1838622321677783,0.40683742795524463,1.5357786628062884,2.412803684849147,1.3633613689817778,0.45331738878111777,-1.0224045134400246,0.0,-0.8930772127243898,-0.5664572772702333,-0.41632529460566275
495,0.30486590107301353,0.18426291404799272,-1.8480420463697762,-0.7633439486900966,-0.41702107268800304,1.3540460430868244,-1.1218750943468254,1.1838622321677783,0.40683742795524463,1.5357786628062884,2.412803684849147,-0.11446738305003498,0.3628792030777206,-1.0224045134400246,0.0,0.6882113771853678,-0.5664572772702333,-0.03608102336097565
496,0.017095316722317847,-1.8003907894530935,-1.8480420463697762,-0.7633439486900966,-0.41702107268800304,1.3540460430868244,-1.1218750943468254,1.1838622321677783,0.40683742795524463,1.5357786628062884,2.412803684849147,-1.3997396220470388,-0.7949425409727007,-1.0224045134400246,0.0,-0.8930772127243898,-0.5664572772702333,0.34416324788371144
497,1.137132900776744,0.3759444356894523,-1.8480420463697762,-0.7633439486900966,-0.41702107268800304,1.3540460430868244,-1.1218750943468254,1.1838622321677783,0.40683742795524463,1.5357786628062884,2.412803684849147,0.3311171694179962,-0.24237496456170773,-1.0224045134400246,0.0,-0.8930772127243898,-0.5664572772702333,0.7244075191283986
498,-1.5500656005762627,-1.8003907894530935,-1.8480420463697762,-0.7633439486900966,-0.41702107268800304,1.3540460430868244,-1.1218750943468254,1.1838622321677783,0.40683742795524463,1.5357786628062884,2.412803684849147,-1.2463045789486673,-1.2168357216576826,-1.0224045134400246,0.0,-0.8930772127243898,-0.5664572772702333,1.1046517903730857
499,0.14607233718679458,-0.9002740845750243,-1.8480420463697762,-0.7633439486900966,-0.41702107268800304,1.3540460430868244,-1.1218750943468254,1.1838622321677783,0.40683742795524463,1.5357786628062884,2.412803684849147,-0.5755381215418301,-0.3612451611474043,-1.0224045134400246,0.0,-0.8930772127243898,1.1921382551160753,1.4848960616177729
500,-0.6901638775236811,-0.43040188924504635,-1.8480420463697762,-0.7633439486900966,-0.41702107268800304,1.3540460430868244,-1.1218750943468254,1.1838622321677783,0.40683742795524463,1.5357786628062884,2.412803684849147,0.7973151694996815,-0.23831584905162279,-1.0224045134400246,0.0,-0.8930772127243898,-0.5664572772702333,1.8651403328624598
501,0.37083974648073253,0.6578141315122034,-1.6419009293644813,1.7251453890878359,-0.41702107268800304,-0.5237295829262825,0.22355094757971114,1.1838622321677783,0.40683742795524463,-0.651135495119281,-0.4144556004615526,-0.22490070960152034,0.6363507341248849,-1.0224045134400246,0.0,-0.8930772127243898,1.1921382551160753,-1.176813837095037
502,1.0718031166720068,-0.32131218029314246,-1.6419009293644813,1.7251453890878359,-0.41702107268800304,-0.5237295829262825,0.22355094757971114,1.1838622321677783,0.40683742795524463,-0.651135495119281,-0.4144556004615526,1.31175814911158,0.6422664854288203,-1.0224045134400246,0.0,2.2694999670951255,2.950733787502384,-0.7965695658503499
503,0.970780353846232,0.43060844877703947,-1.6419009293644813,1.7251453890878359,-0.41702107268800304,-0.5237295829262825,0.22355094757971114,1.1838622321677783,0.40683742795524463,-0.651135495119281,-0.4144556004615526,1.3633613689817778,0.7209823823945722,-1.0224045134400246,0.0,0.6882113771853678,2.950733787502384,-0.41632529460566275
504,0.14607233718679458,-0.9002740845750243,-1.6419009293644813,1.7251453890878359,-0.41702107268800304,-0.5237295829262825,0.22355094757971114,1.1838622321677783,0.40683742795524463,-0.651135495119281,-0.4144556004615526,-0.5755381215418301,-0.32164603203444453,-1.0224045134400246,0.0,-0.8930772127243898,-0.5664572772702333,-0.03608102336097565
505,1.137132900776744,0.3759444356894523,-1.6419009293644813,1.7251453890878359,-0.41702107268800304,-0.5237295829262825,0.22355094757971114,1.1838622321677783,0.40683742795524463,-0.651135495119281,-0.4144556004615526,0.3311171694179962,1.2957021721498414,-1.0224045134400246,0.0,-0.8930772127243898,-0.5664572772702333,0.34416324788371144
506,0.30486590107301353,0.18426291404799272,-1.6419009293644813,1.7251453890878359,-0.41702107268800304,-0.5237295829262825,0.22355094757971114,1.1838622321677783,0.40683742795524463,-0.651135495119281,-0.4144556004615526,-0.11446738305003498,-0.3963847238927816,-1.0224045134400246,0.0,-0.8930772127243898,-0.5664572772702333,0.7244075191283986
507,0.37083974648073253,0.6578141315122034,-1.4357598123591861,-0.37042457956726516,-0.41702107268800304,0.506018341016389,2.0416942474804363,0.7319291926560796,-6.099124566716587,-0.651135495119281,-0.4144556004615526,-1.0892270920963918,0.017845283564640664,-1.0224045134400246,0.0,-0.8930772127243898,-0.5664572772702333,-1.176813837095037
508,1.0718031166720068,-0.32131218029314246,-1.4357598123591861,-0.37042457956726516,-0.41702107268800304,0.506018341016389,2.0416942474804363,0.7319291926560796,-6.099124566716587,-0.651135495119281,-0.4144556004615526,1.012016348541506,0.09480465745091668,-1.0224045134400246,0.0,-0.8930772127243898,-0.5664572772702333,-0.7965695658503499
509,0.970780353846232,0.43060844877703947,-1.4357598123591861,-0.37042457956726516,-0.41702107268800304,0.506018341016389,2.0416942474804363,0.7319291926560796,-6.099124566716587,-0.651135495119281,-0.4144556004615526,1.8419947184398489,0.45331738878111777,-1.0224045134400246,0.0,-0.8930772127243898,-0.5664572772702333,-0.41632529460566275
510,0.30486590107301353,0.18426291404799272,-1.4357598123591861,-0.37042457956726516,-0.41702107268800304,0.506018341016389,2.0416942474804363,0.7319291926560796,-6.099124566716587,-0.651135495119281,-0.4144556004615526,0.7157719899835399,0.3628792030777206,-1.0224045134400246,0.0,-0.8930772127243898,2.950733787502384,-0.03608102336097565
511,0.017095316722317847,-1.8003907894530935,-1.4357598123591861,-0.37042457956726516,-0.41702107268800304,0.506018341016389,2.0416942474804363,0.7319291926560796,-6.099124566716587,-0.651135495119281,-0.4144556004615526,-0.5741635050296084,-0.7949425409727007,-1.0224045134400246,0.0,-0.8930772127243898,-0.5664572772702333,0.34416324788371144
512,1.137132900776744,0.3759444356894523,-1.4357598123591861,-0.37042457956726516,-0.41702107268800304,0.506018341016389,2.0416942474804363,0.7319291926560796,-6.099124566716587,-0.651135495119281,-0.4144556004615526,0.036607031691905184,-0.24237496456170773,-1.0224045134400246,0.0,-0.8930772127243898,-0.5664572772702333,0.7244075191283986
513,0.14607233718679458,-0.9002740845750243,-1.4357598123591861,-0.37042457956726516,-0.41702107268800304,0.506018341016389,2.0416942474804363,0.7319291926560796,-6.099124566716587,-0.651135495119281,-0.4144556004615526,-1.537069031680696,-0.3612451611474043,-1.0224045134400246,0.0,-0.8930772127243898,-0.5664572772702333,1.1046517903730857
514,-1.2127971576383016,-1.8003907894530935,-1.4357598123591861,-0.37042457956726516,-0.41702107268800304,0.506018341016389,2.0416942474804363,0.7319291926560796,-6.099124566716587,-0.651135495119281,-0.4144556004615526,-2.0050058926499936,-1.9741037651497957,-1.0224045134400246,0.0,-0.8930772127243898,-0.5664572772702333,1.4848960616177729
515,-0.6901638775236811,-0.43040188924504635,-1.4357598123591861,-0.37042457956726516,-0.41702107268800304,0.506018341016389,2.0416942474804363,0.7319291926560796,-6.099124566716587,-0.651135495119281,-0.4144556004615526,-1.442352733925913,-0.23831584905162279,-1.0224045134400246,0.0,-0.8930772127243898,-0.5664572772702333,1.8651403328624598
516,-1.636524589597412,-0.7170826140125632,-1.4357598123591861,-0.37042457956726516,-0.41702107268800304,0.506018341016389,2.0416942474804363,0.7319291926560796,-6.099124566716587,-0.651135495119281,-0.4144556004615526,-1.048388801537095,-1.7117292734332294,-1.0224045134400246,0.0,-0.8930772127243898,1.1921382551160753,2.245384604107147
517,-0.8536955358016,0.002464109759016224,-1.4357598123591861,-0.37042457956726516,-0.41702107268800304,0.506018341016389,2.0416942474804363,0.7319291926560796,-6.099124566716587,-0.651135495119281,-0.4144556004615526,-0.5037042586563183,-1.520641405160258,-1.0224045134400246,0.0,-0.8930772127243898,-0.5664572772702333,2.625628875351834
518,0.37083974648073253,0.6578141315122034,0.007228006677879595,0.5463872817193415,0.16676217049808661,1.3540460430868244,1.5326141235082333,0.2799961531443808,0.40683742795524463,1.5357786628062884,-0.4144556004615526,-1.062059565753579,0.017845283564640664,-1.0224045134400246,0.0,-0.8930772127243898,-0.5664572772702333,-1.176813837095037
519,1.0718031166720068,-0.32131218029314246,0.007228006677879595,0.5463872817193415,0.16676217049808661,1.3540460430868244,1.5326141235082333,0.2799961531443808,0.40683742795524463,1.5357786628062884,-0.4144556004615526,-0.6114115524620475,0.09480465745091668,-1.0224045134400246,0.0,0.6882113771853678,-0.5664572772702333,-0.7965695658503499
520,0.970780353846232,0.43060844877703947,0.007228006677879595,0.5463872817193415,0.16676217049808661,1.3540460430868244,1.5326141235082333,0.2799961531443808,0.40683742795524463,1.5357786628062884,-0.4144556004615526,-1.0774297503839065,0.45331738878111777,-1.0224045134400246,0.0,0.6882113771853678,-0.5664572772702333,-0.41632529460566275
521,0.30486590107301353,0.18426291404799272,0.007228006677879595,0.5463872817193415,0.16676217049808661,1.3540460430868244,1.5326141235082333,0.2799961531443808,0.40683742795524463,1.5357786628062884,-0.4144556004615526,-0.7084641182806402,0.3628792030777206,-1.0224045134400246,0.0,-0.8930772127243898,-0.5664572772702333,-0.03608102336097565
522,0.017095316722317847,-1.8003907894530935,0.007228006677879595,0.5463872817193415,0.16676217049808661,1.3540460430868244,1.5326141235082333,0.2799961531443808,0.40683742795524463,1.5357786628062884,-0.4144556004615526,-0.6568086977833959,-0.7949425409727007,-1.0224045134400246,0.0,-0.8930772127243898,-0.5664572772702333,0.34416324788371144
523,0.5138513120822684,-0.015670341449195345,0.007228006677879595,0.5463872817193415,0.16676217049808661,1.3540460430868244,1.5326141235082333,0.2799961531443808,0.40683742795524463,1.5357786628062884,-0.4144556004615526,-0.3846636287118494,-0.5885374274004618,-1.0224045134400246,0.0,-0.8930772127243898,-0.5664572772702333,0.7244075191283986
524,-1.5500656005762627,-1.8003907894530935,0.007228006677879595,0.5463872817193415,0.16676217049808661,1.3540460430868244,1.5326141235082333,0.2799961531443808,0.40683742795524463,1.5357786628062884,-0.4144556004615526,-0.9901387018229896,-1.2168357216576826,-1.0224045134400246,0.0,-0.8930772127243898,-0.5664572772702333,1.1046517903730857
525,-0.6901638775236811,-0.43040188924504635,0.007228006677879595,0.5463872817193415,0.16676217049808661,1.3540460430868244,1.5326141235082333,0.2799961531443808,0.40683742795524463,1.5357786628062884,-0.4144556004615526,1.428513551605351,-0.23831584905162279,-1.0224045134400246,0.0,0.6882113771853678,2.950733787502384,1.4848960616177729
526,-2.6298967840655036,-1.7837234786506384,0.007228006677879595,0.5463872817193415,0.16676217049808661,1.3540460430868244,1.5326141235082333,0.2799961531443808,0.40683742795524463,1.5357786628062884,-0.4144556004615526,0.11315635122060816,0.9616715500620813,-1.0224045134400246,0.0,-0.8930772127243898,1.1921382551160753,1.8651403328624598
527,-1.636524589597412,-0.7170826140125632,0.007228006677879595,0.5463872817193415,0.16676217049808661,1.3540460430868244,1.5326141235082333,0.2799961531443808,0.40683742795524463,1.5357786628062884,-0.4144556004615526,-0.996083773236607,-1.7117292734332294,-1.0224045134400246,0.0,-0.8930772127243898,-0.5664572772702333,2.245384604107147
528,-0.8536955358016,0.002464109759016224,0.007228006677879595,0.5463872817193415,0.16676217049808661,1.3540460430868244,1.5326141235082333,0.2799961531443808,0.40683742795524463,1.5357786628062884,-0.4144556004615526,-1.7789371570583659,-1.520641405160258,-1.0224045134400246,0.0,-0.8930772127243898,-0.5664572772702333,2.625628875351834
529,0.37083974648073253,0.6578141315122034,-1.229618695353891,1.2012528969240606,-0.41702107268800304,0.20315130456266212,-0.7218835683686659,2.765627870458724,0.40683742795524463,1.5357786628062884,2.412803684849147,0.042992908400580634,0.017845283564640664,-1.0224045134400246,0.0,0.6882113771853678,1.1921382551160753,-1.176813837095037
530,1.0718031166720068,-0.32131218029314246,-1.229618695353891,1.2012528969240606,-0.41702107268800304,0.20315130456266212,-0.7218835683686659,2.765627870458724,0.40683742795524463,1.5357786628062884,2.412803684849147,0.060868723129135105,0.09480465745091668,-1.0224045134400246,0.0,0.6882113771853678,-0.5664572772702333,-0.7965695658503499
531,0.970780353846232,0.43060844877703947,-1.229618695353891,1.2012528969240606,-0.41702107268800304,0.20315130456266212,-0.7218835683686659,2.765627870458724,0.40683742795524463,1.5357786628062884,2.412803684849147,0.4124805467743111,0.45331738878111777,-1.0224045134400246,0.0,0.6882113771853678,-0.5664572772702333,-0.41632529460566275
532,0.30486590107301353,0.18426291404799272,-1.229618695353891,1.2012528969240606,-0.41702107268800304,0.20315130456266212,-0.7218835683686659,2.765627870458724,0.40683742795524463,1.5357786628062884,2.412803684849147,0.2154753803012149,0.3628792030777206,-1.0224045134400246,0.0,-0.8930772127243898,-0.5664572772702333,-0.03608102336097565
533,0.37083974648073253,0.6578141315122034,-0.6111953443380057,-0.6323708256491528,-0.41702107268800304,-0.8871700266707547,0.07809948358765315,0.7319291926560796,0.40683742795524463,1.5357786628062884,2.412803684849147,0.042992908400580634,0.017845283564640664,-1.0224045134400246,0.0,-0.8930772127243898,-0.5664572772702333,-1.176813837095037
534,1.0718031166720068,-0.32131218029314246,-0.6111953443380057,-0.6323708256491528,-0.41702107268800304,-0.8871700266707547,0.07809948358765315,0.7319291926560796,0.40683742795524463,1.5357786628062884,2.412803684849147,0.060868723129135105,0.09480465745091668,-1.0224045134400246,0.0,-0.8930772127243898,-0.5664572772702333,-0.7965695658503499
535,0.970780353846232,0.43060844877703947,-0.6111953443380057,-0.6323708256491528,-0.41702107268800304,-0.8871700266707547,0.07809948358765315,0.7319291926560796,0.40683742795524463,1.5357786628062884,2.412803684849147,0.4124805467743111,0.45331738878111777,-1.0224045134400246,0.0,-0.8930772127243898,-0.5664572772702333,-0.41632529460566275
536,0.30486590107301353,0.18426291404799272,-0.6111953443380057,-0.6323708256491528,-0.41702107268800304,-0.8871700266707547,0.07809948358765315,0.7319291926560796,0.40683742795524463,1.5357786628062884,2.412803684849147,0.2154753803012149,0.3628792030777206,-1.0224045134400246,0.0,-0.8930772127243898,-0.5664572772702333,-0.03608102336097565
537,0.017095316722317847,-1.8003907894530935,-0.6111953443380057,-0.6323708256491528,-0.41702107268800304,-0.8871700266707547,0.07809948358765315,0.7319291926560796,0.40683742795524463,1.5357786628062884,2.412803684849147,2.0353168406713382,-0.7949425409727007,-1.0224045134400246,0.0,-0.8930772127243898,-0.5664572772702333,0.34416324788371144
538,0.5138513120822684,-0.015670341449195345,-0.6111953443380057,-0.6323708256491528,-0.41702107268800304,-0.8871700266707547,0.07809948358765315,0.7319291926560796,0.40683742795524463,1.5357786628062884,2.412803684849147,-1.082000205285302,-0.5885374274004618,-1.0224045134400246,0.0,-0.8930772127243898,1.1921382551160753,0.7244075191283986
539,-1.4120467582536522,-1.8003907894530935,-0.6111953443380057,-0.6323708256491528,-0.41702107268800304,-0.8871700266707547,0.07809948358765315,0.7319291926560796,0.40683742795524463,1.5357786628062884,2.412803684849147,-1.478046942693271,-1.9913358936403676,-1.0224045134400246,0.0,-0.8930772127243898,-0.5664572772702333,1.1046517903730857
540,-0.6901638775236811,-0.43040188924504635,-0.6111953443380057,-0.6323708256491528,-0.41702107268800304,-0.8871700266707547,0.07809948358765315,0.7319291926560796,0.40683742795524463,1.5357786628062884,2.412803684849147,-0.760815547138503,-0.23831584905162279,-1.0224045134400246,0.0,-0.8930772127243898,-0.5664572772702333,1.4848960616177729
541,-1.5500656005762627,-1.8003907894530935,-0.6111953443380057,-0.6323708256491528,-0.41702107268800304,-0.8871700266707547,0.07809948358765315,0.7319291926560796,0.40683742795524463,1.5357786628062884,2.412803684849147,-0.868946246030275,-1.2168357216576826,-1.0224045134400246,0.0,-0.8930772127243898,-0.5664572772702333,1.8651403328624598
542,-1.636524589597412,-0.7170826140125632,-0.6111953443380057,-0.6323708256491528,-0.41702107268800304,-0.8871700266707547,0.07809948358765315,0.7319291926560796,0.40683742795524463,1.5357786628062884,2.412803684849147,-1.5255953338558983,-1.7117292734332294,-1.0224045134400246,0.0,-0.8930772127243898,-0.5664572772702333,2.245384604107147
543,-0.8536955358016,0.002464109759016224,-0.6111953443380057,-0.6323708256491528,-0.41702107268800304,-0.8871700266707547,0.07809948358765315,0.7319291926560796,0.40683742795524463,1.5357786628062884,2.412803684849147,-1.6125975389471583,-1.520641405160258,-1.0224045134400246,0.0,-0.8930772127243898,-0.5664572772702333,2.625628875351834
544,0.37083974648073253,0.6578141315122034,1.037933591704355,-0.37042457956726516,-0.41702107268800304,-1.6746243214504446,-0.9036978983587384,-0.6238699258790168,0.40683742795524463,1.5357786628062884,2.412803684849147,0.10626586845048396,0.6363507341248849,-1.0224045134400246,0.0,0.6882113771853678,2.950733787502384,-1.176813837095037
545,1.0718031166720068,-0.32131218029314246,1.037933591704355,-0.37042457956726516,-0.41702107268800304,-1.6746243214504446,-0.9036978983587384,-0.6238699258790168,0.40683742795524463,1.5357786628062884,2.412803684849147,-0.16859363322747514,0.6422664854288203,-1.0224045134400246,0.0,-0.8930772127243898,-0.5664572772702333,-0.7965695658503499
546,0.970780353846232,0.43060844877703947,1.037933591704355,-0.37042457956726516,-0.41702107268800304,-1.6746243214504446,-0.9036978983587384,-0.6238699258790168,0.40683742795524463,1.5357786628062884,2.412803684849147,0.3958633471645417,0.7209823823945722,-1.0224045134400246,0.0,-0.8930772127243898,1.1921382551160753,-0.41632529460566275
547,0.30486590107301353,0.18426291404799272,1.037933591704355,-0.37042457956726516,-0.41702107268800304,-1.6746243214504446,-0.9036978983587384,-0.6238699258790168,0.40683742795524463,1.5357786628062884,2.412803684849147,-0.4669086166582812,-0.3963847238927816,-1.0224045134400246,0.0,-0.8930772127243898,-0.5664572772702333,-0.03608102336097565
548,0.017095316722317847,-1.8003907894530935,1.037933591704355,-0.37042457956726516,-0.41702107268800304,-1.6746243214504446,-0.9036978983587384,-0.6238699258790168,0.40683742795524463,1.5357786628062884,2.412803684849147,-0.33036337644425456,-0.06100713073889485,-1.0224045134400246,0.0,-0.8930772127243898,1.1921382551160753,0.34416324788371144
549,-0.6901638775236811,-0.43040188924504635,1.037933591704355,-0.37042457956726516,-0.41702107268800304,-1.6746243214504446,-0.9036978983587384,-0.6238699258790168,0.40683742795524463,1.5357786628062884,2.412803684849147,-1.4634707876010158,-1.102507001842238,-1.0224045134400246,0.0,-0.8930772127243898,-0.5664572772702333,0.7244075191283986
550,0.5138513120822684,-0.015670341449195345,1.037933591704355,-0.37042457956726516,-0.41702107268800304,-1.6746243214504446,-0.9036978983587384,-0.6238699258790168,0.40683742795524463,1.5357786628062884,2.412803684849147,-0.020517854505867034,-0.09775759807011321,-1.0224045134400246,0.0,-0.8930772127243898,-0.5664572772702333,1.1046517903730857
551,-1.4120467582536522,-1.8003907894530935,1.037933591704355,-0.37042457956726516,-0.41702107268800304,-1.6746243214504446,-0.9036978983587384,-0.6238699258790168,0.40683742795524463,1.5357786628062884,2.412803684849147,-0.807529308275355,-0.9487611760308784,-1.0224045134400246,0.0,-0.8930772127243898,-0.5664572772702333,1.4848960616177729
552,-1.5500656005762627,-1.8003907894530935,1.037933591704355,-0.37042457956726516,-0.41702107268800304,-1.6746243214504446,-0.9036978983587384,-0.6238699258790168,0.40683742795524463,1.5357786628062884,2.412803684849147,-1.1099739413124978,-0.9106819399452374,-1.0224045134400246,0.0,-0.8930772127243898,1.1921382551160753,1.8651403328624598
553,-1.3858249755927365,-1.7837234786506384,1.037933591704355,-0.37042457956726516,-0.41702107268800304,-1.6746243214504446,-0.9036978983587384,-0.6238699258790168,0.40683742795524463,1.5357786628062884,2.412803684849147,-1.2328078168223382,-1.3438332504194013,-1.0224045134400246,0.0,-0.8930772127243898,-0.5664572772702333,2.245384604107147
554,-1.4511497669741948,-1.591266681292228,1.037933591704355,-0.37042457956726516,-0.41702107268800304,-1.6746243214504446,-0.9036978983587384,-0.6238699258790168,0.40683742795524463,1.5357786628062884,2.412803684849147,-1.7038268348152417,-2.1279160293988766,-1.0224045134400246,0.0,-0.8930772127243898,-0.5664572772702333,2.625628875351834
555,0.37083974648073253,0.6578141315122034,1.8624980597255354,-0.23945145652632133,-0.41702107268800304,-2.583225430811625,-0.9764236303547674,-0.3979034061231674,0.40683742795524463,-0.651135495119281,-0.4144556004615526,0.10626586845048396,-0.15082643784434138,-1.0224045134400246,0.0,-0.8930772127243898,-0.5664572772702333,-1.176813837095037
556,1.0718031166720068,-0.32131218029314246,1.8624980597255354,-0.23945145652632133,-0.41702107268800304,-2.583225430811625,-0.9764236303547674,-0.3979034061231674,0.40683742795524463,-0.651135495119281,-0.4144556004615526,-0.16859363322747514,0.2252242208130659,-1.0224045134400246,0.0,0.6882113771853678,-0.5664572772702333,-0.7965695658503499
557,0.970780353846232,0.43060844877703947,1.8624980597255354,-0.23945145652632133,-0.41702107268800304,-2.583225430811625,-0.9764236303547674,-0.3979034061231674,0.40683742795524463,-0.651135495119281,-0.4144556004615526,0.3958633471645417,-0.03395849554613088,-1.0224045134400246,0.0,0.6882113771853678,1.1921382551160753,-0.41632529460566275
558,0.30486590107301353,0.18426291404799272,1.8624980597255354,-0.23945145652632133,-0.41702107268800304,-2.583225430811625,-0.9764236303547674,-0.3979034061231674,0.40683742795524463,-0.651135495119281,-0.4144556004615526,-0.4669086166582812,-0.3210180522806423,-1.0224045134400246,0.0,-0.8930772127243898,-0.5664572772702333,-0.03608102336097565
559,0.017095316722317847,-1.8003907894530935,1.8624980597255354,-0.23945145652632133,-0.41702107268800304,-2.583225430811625,-0.9764236303547674,-0.3979034061231674,0.40683742795524463,-0.651135495119281,-0.4144556004615526,-0.33036337644425456,0.12124351520158215,-1.0224045134400246,0.0,-0.8930772127243898,-0.5664572772702333,0.34416324788371144
560,0.5138513120822684,-0.015670341449195345,1.8624980597255354,-0.23945145652632133,-0.41702107268800304,-2.583225430811625,-0.9764236303547674,-0.3979034061231674,0.40683742795524463,-0.651135495119281,-0.4144556004615526,-0.020517854505867034,-0.2671392096355672,-1.0224045134400246,0.0,0.6882113771853678,-0.5664572772702333,0.7244075191283986
561,-1.5500656005762627,-1.8003907894530935,1.8624980597255354,-0.23945145652632133,-0.41702107268800304,-2.583225430811625,-0.9764236303547674,-0.3979034061231674,0.40683742795524463,-0.651135495119281,-0.4144556004615526,-1.1099739413124978,-2.3149702653981494,-1.0224045134400246,0.0,-0.8930772127243898,-0.5664572772702333,1.1046517903730857
562,-0.6901638775236811,-0.43040188924504635,1.8624980597255354,-0.23945145652632133,-0.41702107268800304,-2.583225430811625,-0.9764236303547674,-0.3979034061231674,0.40683742795524463,-0.651135495119281,-0.4144556004615526,-1.4634707876010158,-0.9816527532807602,-1.0224045134400246,0.0,-0.8930772127243898,-0.5664572772702333,1.4848960616177729
563,-1.3858249755927365,-1.7837234786506384,1.8624980597255354,-0.23945145652632133,-0.41702107268800304,-2.583225430811625,-0.9764236303547674,-0.3979034061231674,0.40683742795524463,-0.651135495119281,-0.4144556004615526,-1.2328078168223382,-1.3138267395746697,-1.0224045134400246,0.0,-0.8930772127243898,-0.5664572772702333,1.8651403328624598
564,-0.8536955358016,0.002464109759016224,1.8624980597255354,-0.23945145652632133,-0.41702107268800304,-2.583225430811625,-0.9764236303547674,-0.3979034061231674,0.40683742795524463,-0.651135495119281,-0.4144556004615526,-1.5923523957576644,-1.237149501519812,-1.0224045134400246,0.0,-0.8930772127243898,-0.5664572772702333,2.245384604107147
565,-1.4511497669741948,-1.591266681292228,1.8624980597255354,-0.23945145652632133,-0.41702107268800304,-2.583225430811625,-0.9764236303547674,-0.3979034061231674,0.40683742795524463,-0.651135495119281,-0.4144556004615526,-1.7038268348152417,-1.3646111892299935,-1.0224045134400246,0.0,-0.8930772127243898,-0.5664572772702333,2.625628875351834
566,0.37083974648073253,0.6578141315122034,1.8624980597255354,-1.287236440853872,-0.41702107268800304,-1.432330692287463,0.6599053395558852,-1.0758029653907155,0.40683742795524463,-0.651135495119281,-0.4144556004615526,0.10626586845048396,-0.3278803237932074,-1.0224045134400246,0.0,-0.8930772127243898,-0.5664572772702333,-1.176813837095037
567,1.0718031166720068,-0.32131218029314246,1.8624980597255354,-1.287236440853872,-0.41702107268800304,-1.432330692287463,0.6599053395558852,-1.0758029653907155,0.40683742795524463,-0.651135495119281,-0.4144556004615526,-0.16859363322747514,2.632197807890822,-1.0224045134400246,0.0,-0.8930772127243898,-0.5664572772702333,-0.7965695658503499
568,0.970780353846232,0.43060844877703947,1.8624980597255354,-1.287236440853872,-0.41702107268800304,-1.432330692287463,0.6599053395558852,-1.0758029653907155,0.40683742795524463,-0.651135495119281,-0.4144556004615526,0.3958633471645417,1.0881685152519283,-1.0224045134400246,0.0,-0.8930772127243898,-0.5664572772702333,-0.41632529460566275
569,-1.4120467582536522,-1.8003907894530935,1.8624980597255354,-1.287236440853872,-0.41702107268800304,-1.432330692287463,0.6599053395558852,-1.0758029653907155,0.40683742795524463,-0.651135495119281,-0.4144556004615526,-0.807529308275355,2.3817339988380413,-1.0224045134400246,0.0,0.6882113771853678,-0.5664572772702333,-0.03608102336097565
570,0.017095316722317847,-1.8003907894530935,1.8624980597255354,-1.287236440853872,-0.41702107268800304,-1.432330692287463,0.6599053395558852,-1.0758029653907155,0.40683742795524463,-0.651135495119281,-0.4144556004615526,-0.33036337644425456,0.018709893370600406,-1.0224045134400246,0.0,-0.8930772127243898,-0.5664572772702333,0.34416324788371144
571,0.5138513120822684,-0.015670341449195345,1.8624980597255354,-1.287236440853872,-0.41702107268800304,-1.432330692287463,0.6599053395558852,-1.0758029653907155,0.40683742795524463,-0.651135495119281,-0.4144556004615526,-0.020517854505867034,0.8919020892990498,-1.0224045134400246,0.0,0.6882113771853678,1.1921382551160753,0.7244075191283986
572,-1.5500656005762627,-1.8003907894530935,1.8624980597255354,-1.287236440853872,-0.41702107268800304,-1.432330692287463,0.6599053395558852,-1.0758029653907155,0.40683742795524463,-0.651135495119281,-0.4144556004615526,-1.1099739413124978,-1.3066732310748335,-1.0224045134400246,0.0,-0.8930772127243898,-0.5664572772702333,1.1046517903730857
573,-0.6901638775236811,-0.43040188924504635,1.8624980597255354,-1.287236440853872,-0.41702107268800304,-1.432330692287463,0.6599053395558852,-1.0758029653907155,0.40683742795524463,-0.651135495119281,-0.4144556004615526,-1.4634707876010158,-1.5921764901586173,-1.0224045134400246,0.0,-0.8930772127243898,-0.5664572772702333,1.4848960616177729
574,-1.2127971576383016,-1.8003907894530935,1.8624980597255354,-1.287236440853872,-0.41702107268800304,-1.432330692287463,0.6599053395558852,-1.0758029653907155,0.40683742795524463,-0.651135495119281,-0.4144556004615526,0.2533556353278822,-0.7177101324108585,-1.0224045134400246,0.0,-0.8930772127243898,-0.5664572772702333,1.8651403328624598
575,-0.8536955358016,0.002464109759016224,1.8624980597255354,-1.287236440853872,-0.41702107268800304,-1.432330692287463,0.6599053395558852,-1.0758029653907155,0.40683742795524463,-0.651135495119281,-0.4144556004615526,-1.5923523957576644,-1.0221893014464973,-1.0224045134400246,0.0,-0.8930772127243898,-0.5664572772702333,2.245384604107147
576,-1.4511497669741948,-1.591266681292228,1.8624980597255354,-1.287236440853872,-0.41702107268800304,-1.432330692287463,0.6599053395558852,-1.0758029653907155,0.40683742795524463,-0.651135495119281,-0.4144556004615526,-1.7038268348152417,-1.5947066114855315,-1.0224045134400246,0.0,-0.8930772127243898,-0.5664572772702333,2.625628875351834
577,0.37083974648073253,0.5776948600140751,0.4195102406884698,1.0702797738831167,0.16676217049808661,0.14257789727191675,0.07809948358765315,-1.301769485146565,0.40683742795524463,-0.651135495119281,-0.4144556004615526,-0.6578295100456366,-0.15082643784434138,-0.8285968535134288,0.0,-0.8930772127243898,-0.5664572772702333,-1.176813837095037
578,1.0718031166720068,0.6482144158623532,0.4195102406884698,1.0702797738831167,0.16676217049808661,0.14257789727191675,0.07809948358765315,-1.301769485146565,0.40683742795524463,-0.651135495119281,-0.4144556004615526,1.1539440534109828,0.2252242208130659,-0.8285968535134288,0.0,-0.8930772127243898,-0.5664572772702333,-0.7965695658503499
579,0.970780353846232,0.8431951415634586,0.4195102406884698,1.0702797738831167,0.16676217049808661,0.14257789727191675,0.07809948358765315,-1.301769485146565,0.40683742795524463,-0.651135495119281,-0.4144556004615526,0.0161675861684053,-0.03395849554613088,-0.8285968535134288,0.0,-0.8930772127243898,-0.5664572772702333,-0.41632529460566275
580,0.30486590107301353,0.6642486965404969,0.4195102406884698,1.0702797738831167,0.16676217049808661,0.14257789727191675,0.07809948358765315,-1.301769485146565,0.40683742795524463,-0.651135495119281,-0.4144556004615526,-0.6036336590321345,-0.3210180522806423,-0.8285968535134288,0.0,-0.8930772127243898,-0.5664572772702333,-0.03608102336097565
581,0.5138513120822684,0.38204386712252236,0.4195102406884698,1.0702797738831167,0.16676217049808661,0.14257789727191675,0.07809948358765315,-1.301769485146565,0.40683742795524463,-0.651135495119281,-0.4144556004615526,-0.1603111337361137,-0.2671392096355672,-0.8285968535134288,0.0,-0.8930772127243898,-0.5664572772702333,0.34416324788371144
582,1.137132900776744,0.33801476012336507,0.4195102406884698,1.0702797738831167,0.16676217049808661,0.14257789727191675,0.07809948358765315,-1.301769485146565,0.40683742795524463,-0.651135495119281,-0.4144556004615526,-0.580584182156315,0.6802365076442346,-0.8285968535134288,0.0,-0.8930772127243898,-0.5664572772702333,0.7244075191283986
583,0.017095316722317847,0.18144034443488705,0.4195102406884698,1.0702797738831167,0.16676217049808661,0.14257789727191675,0.07809948358765315,-1.301769485146565,0.40683742795524463,-0.651135495119281,-0.4144556004615526,0.08774044591868531,0.12124351520158215,-0.8285968535134288,0.0,-0.8930772127243898,-0.5664572772702333,1.1046517903730857
584,0.14607233718679458,0.0926895210064436,0.4195102406884698,1.0702797738831167,0.16676217049808661,0.14257789727191675,0.07809948358765315,-1.301769485146565,0.40683742795524463,-0.651135495119281,-0.4144556004615526,-0.15825210900261702,-0.6046373721030188,-0.8285968535134288,0.0,-0.8930772127243898,-0.5664572772702333,1.4848960616177729
585,-0.6901638775236811,0.10230413148274815,0.4195102406884698,1.0702797738831167,0.16676217049808661,0.14257789727191675,0.07809948358765315,-1.301769485146565,0.40683742795524463,-0.651135495119281,-0.4144556004615526,-1.0492066113608218,-0.9816527532807602,-0.8285968535134288,0.0,-0.8930772127243898,-0.5664572772702333,1.8651403328624598
586,-1.636524589597412,-0.4643620935610404,0.4195102406884698,1.0702797738831167,0.16676217049808661,0.14257789727191675,0.07809948358765315,-1.301769485146565,0.40683742795524463,-0.651135495119281,-0.4144556004615526,-1.511432723731244,-2.3469353449822767,-0.8285968535134288,0.0,-0.8930772127243898,-0.5664572772702333,2.245384604107147
587,0.5138513120822684,0.38204386712252236,0.4195102406884698,0.6773604047602854,-0.41702107268800304,0.44544493372564364,-0.10371484640241935,-1.301769485146565,0.40683742795524463,-0.651135495119281,-0.4144556004615526,-0.1603111337361137,-0.2671392096355672,-0.8285968535134288,0.0,-0.8930772127243898,-0.5664572772702333,-1.176813837095037
588,1.0718031166720068,0.6482144158623532,0.4195102406884698,0.6773604047602854,-0.41702107268800304,0.44544493372564364,-0.10371484640241935,-1.301769485146565,0.40683742795524463,-0.651135495119281,-0.4144556004615526,1.1539440534109828,0.2252242208130659,-0.8285968535134288,0.0,2.2694999670951255,1.1921382551160753,-0.7965695658503499
589,0.970780353846232,0.8431951415634586,0.4195102406884698,0.6773604047602854,-0.41702107268800304,0.44544493372564364,-0.10371484640241935,-1.301769485146565,0.40683742795524463,-0.651135495119281,-0.4144556004615526,0.0161675861684053,-0.03395849554613088,-0.8285968535134288,0.0,-0.8930772127243898,-0.5664572772702333,-0.41632529460566275
590,0.30486590107301353,0.6642486965404969,0.4195102406884698,0.6773604047602854,-0.41702107268800304,0.44544493372564364,-0.10371484640241935,-1.301769485146565,0.40683742795524463,-0.651135495119281,-0.4144556004615526,-0.6036336590321345,-0.3210180522806423,-0.8285968535134288,0.0,-0.8930772127243898,-0.5664572772702333,-0.03608102336097565
591,0.37083974648073253,0.5776948600140751,0.4195102406884698,0.6773604047602854,-0.41702107268800304,0.44544493372564364,-0.10371484640241935,-1.301769485146565,0.40683742795524463,-0.651135495119281,-0.4144556004615526,-0.6578295100456366,-0.15082643784434138,-0.8285968535134288,0.0,0.6882113771853678,-0.5664572772702333,0.34416324788371144
592,0.14607233718679458,0.0926895210064436,0.4195102406884698,0.6773604047602854,-0.41702107268800304,0.44544493372564364,-0.10371484640241935,-1.301769485146565,0.40683742795524463,-0.651135495119281,-0.4144556004615526,-0.15825210900261702,-0.6046373721030188,-0.8285968535134288,0.0,-0.8930772127243898,2.950733787502384,0.7244075191283986
593,0.5138513120822684,0.38204386712252236,0.83179247469906,0.9393066508421729,-0.41702107268800304,0.32429811914415285,0.6599053395558852,-1.0758029653907155,0.40683742795524463,-0.651135495119281,-0.4144556004615526,-0.23911668036715542,-0.2671392096355672,-0.8285968535134288,0.0,-0.8930772127243898,-0.5664572772702333,-1.176813837095037
594,1.0718031166720068,0.6482144158623532,0.83179247469906,0.9393066508421729,-0.41702107268800304,0.32429811914415285,0.6599053395558852,-1.0758029653907155,0.40683742795524463,-0.651135495119281,-0.4144556004615526,0.3956545446563562,0.2252242208130659,-0.8285968535134288,0.0,-0.8930772127243898,-0.5664572772702333,-0.7965695658503499
595,0.970780353846232,0.8431951415634586,0.83179247469906,0.9393066508421729,-0.41702107268800304,0.32429811914415285,0.6599053395558852,-1.0758029653907155,0.40683742795524463,-0.651135495119281,-0.4144556004615526,1.235765636271372,-0.03395849554613088,-0.8285968535134288,0.0,0.6882113771853678,2.950733787502384,-0.41632529460566275
596,0.30486590107301353,0.6642486965404969,0.83179247469906,0.9393066508421729,-0.41702107268800304,0.32429811914415285,0.6599053395558852,-1.0758029653907155,0.40683742795524463,-0.651135495119281,-0.4144556004615526,0.2718346573023064,-0.3210180522806423,-0.8285968535134288,0.0,-0.8930772127243898,-0.5664572772702333,-0.03608102336097565
597,0.37083974648073253,0.5776948600140751,0.83179247469906,0.9393066508421729,-0.41702107268800304,0.32429811914415285,0.6599053395558852,-1.0758029653907155,0.40683742795524463,-0.651135495119281,-0.4144556004615526,-0.12604432211499134,-0.15082643784434138,-0.8285968535134288,0.0,0.6882113771853678,-0.5664572772702333,0.34416324788371144
598,0.14607233718679458,0.0926895210064436,0.83179247469906,0.9393066508421729,-0.41702107268800304,0.32429811914415285,0.6599053395558852,-1.0758029653907155,0.40683742795524463,-0.651135495119281,-0.4144556004615526,-0.3797567697694883,-0.6046373721030188,-0.8285968535134288,0.0,-0.8930772127243898,-0.5664572772702333,0.7244075191283986
599,1.137132900776744,0.33801476012336507,0.83179247469906,0.9393066508421729,-0.41702107268800304,0.32429811914415285,0.6599053395558852,-1.0758029653907155,0.40683742795524463,-0.651135495119281,-0.4144556004615526,0.5377678517553318,0.6802365076442346,-0.8285968535134288,0.0,-0.8930772127243898,-0.5664572772702333,1.1046517903730857
600,0.017095316722317847,0.18144034443488705,0.83179247469906,0.9393066508421729,-0.41702107268800304,0.32429811914415285,0.6599053395558852,-1.0758029653907155,0.40683742795524463,-0.651135495119281,-0.4144556004615526,0.20903730296549256,0.12124351520158215,-0.8285968535134288,0.0,-0.8930772127243898,1.1921382551160753,1.4848960616177729
601,-0.6901638775236811,0.10230413148274815,0.83179247469906,0.9393066508421729,-0.41702107268800304,0.32429811914415285,0.6599053395558852,-1.0758029653907155,0.40683742795524463,-0.651135495119281,-0.4144556004615526,-0.8431939366873865,-0.9816527532807602,-0.8285968535134288,0.0,-0.8930772127243898,-0.5664572772702333,1.8651403328624598
602,-0.8536955358016,-0.6941296864463583,0.83179247469906,0.9393066508421729,-0.41702107268800304,0.32429811914415285,0.6599053395558852,-1.0758029653907155,0.40683742795524463,-0.651135495119281,-0.4144556004615526,-1.036289856201675,-1.237149501519812,-0.8285968535134288,0.0,-0.8930772127243898,-0.5664572772702333,2.245384604107147
603,0.5138513120822684,0.38204386712252236,0.6256513576937649,0.2844410356374539,-0.41702107268800304,0.6877385628886251,1.787154185494335,0.0540296333885314,0.40683742795524463,1.5357786628062884,2.412803684849147,-0.23911668036715542,-0.2671392096355672,-0.8285968535134288,0.0,-0.8930772127243898,-0.5664572772702333,-1.176813837095037
604,1.0718031166720068,0.6482144158623532,0.6256513576937649,0.2844410356374539,-0.41702107268800304,0.6877385628886251,1.787154185494335,0.0540296333885314,0.40683742795524463,1.5357786628062884,2.412803684849147,0.3956545446563562,0.2252242208130659,-0.8285968535134288,0.0,-0.8930772127243898,-0.5664572772702333,-0.7965695658503499
605,0.970780353846232,0.8431951415634586,0.6256513576937649,0.2844410356374539,-0.41702107268800304,0.6877385628886251,1.787154185494335,0.0540296333885314,0.40683742795524463,1.5357786628062884,2.412803684849147,1.235765636271372,-0.03395849554613088,-0.8285968535134288,0.0,-0.8930772127243898,-0.5664572772702333,-0.41632529460566275
606,0.30486590107301353,0.6642486965404969,0.6256513576937649,0.2844410356374539,-0.41702107268800304,0.6877385628886251,1.787154185494335,0.0540296333885314,0.40683742795524463,1.5357786628062884,2.412803684849147,0.2718346573023064,-0.3210180522806423,-0.8285968535134288,0.0,0.6882113771853678,-0.5664572772702333,-0.03608102336097565
607,0.37083974648073253,0.5776948600140751,0.6256513576937649,0.2844410356374539,-0.41702107268800304,0.6877385628886251,1.787154185494335,0.0540296333885314,0.40683742795524463,1.5357786628062884,2.412803684849147,-0.12604432211499134,-0.15082643784434138,-0.8285968535134288,0.0,-0.8930772127243898,-0.5664572772702333,0.34416324788371144
608,1.137132900776744,0.33801476012336507,0.6256513576937649,0.2844410356374539,-0.41702107268800304,0.6877385628886251,1.787154185494335,0.0540296333885314,0.40683742795524463,1.5357786628062884,2.412803684849147,0.5377678517553318,0.6802365076442346,-0.8285968535134288,0.0,0.6882113771853678,2.950733787502384,0.7244075191283986
609,0.14607233718679458,0.0926895210064436,0.6256513576937649,0.2844410356374539,-0.41702107268800304,0.6877385628886251,1.787154185494335,0.0540296333885314,0.40683742795524463,1.5357786628062884,2.412803684849147,-0.3797567697694883,-0.6046373721030188,-0.8285968535134288,0.0,-0.8930772127243898,-0.5664572772702333,1.1046517903730857
610,0.017095316722317847,0.18144034443488705,0.6256513576937649,0.2844410356374539,-0.41702107268800304,0.6877385628886251,1.787154185494335,0.0540296333885314,0.40683742795524463,1.5357786628062884,2.412803684849147,0.20903730296549256,0.12124351520158215,-0.8285968535134288,0.0,-0.8930772127243898,-0.5664572772702333,1.4848960616177729
611,-1.061677409431791,-0.5362892105092576,0.6256513576937649,0.2844410356374539,-0.41702107268800304,0.6877385628886251,1.787154185494335,0.0540296333885314,0.40683742795524463,1.5357786628062884,2.412803684849147,0.61557578640282,-1.1232940418086828,-0.8285968535134288,0.0,-0.8930772127243898,1.1921382551160753,1.8651403328624598
612,-0.6901638775236811,0.10230413148274815,0.6256513576937649,0.2844410356374539,-0.41702107268800304,0.6877385628886251,1.787154185494335,0.0540296333885314,0.40683742795524463,1.5357786628062884,2.412803684849147,-0.8431939366873865,-0.9816527532807602,-0.8285968535134288,0.0,-0.8930772127243898,-0.5664572772702333,2.245384604107147
613,0.5138513120822684,0.38204386712252236,0.4195102406884698,1.3322260199650044,-0.41702107268800304,0.8088853774701159,-0.6127949703746224,-0.3979034061231674,0.40683742795524463,1.5357786628062884,2.412803684849147,0.1726766661928423,-0.09775759807011321,-0.8285968535134288,0.0,-0.8930772127243898,-0.5664572772702333,-1.176813837095037
614,1.0718031166720068,0.6482144158623532,0.4195102406884698,1.3322260199650044,-0.41702107268800304,0.8088853774701159,-0.6127949703746224,-0.3979034061231674,0.40683742795524463,1.5357786628062884,2.412803684849147,0.5739486863681554,0.6422664854288203,-0.8285968535134288,0.0,-0.8930772127243898,-0.5664572772702333,-0.7965695658503499
615,0.970780353846232,0.8431951415634586,0.4195102406884698,1.3322260199650044,-0.41702107268800304,0.8088853774701159,-0.6127949703746224,-0.3979034061231674,0.40683742795524463,1.5357786628062884,2.412803684849147,0.8758423127864758,0.7209823823945722,-0.8285968535134288,0.0,2.2694999670951255,-0.5664572772702333,-0.41632529460566275
616,0.30486590107301353,0.6642486965404969,0.4195102406884698,1.3322260199650044,-0.41702107268800304,0.8088853774701159,-0.6127949703746224,-0.3979034061231674,0.40683742795524463,1.5357786628062884,2.412803684849147,-0.7821888038791658,-0.3963847238927816,-0.8285968535134288,0.0,-0.8930772127243898,-0.5664572772702333,-0.03608102336097565
617,0.37083974648073253,0.5776948600140751,0.4195102406884698,1.3322260199650044,-0.41702107268800304,0.8088853774701159,-0.6127949703746224,-0.3979034061231674,0.40683742795524463,1.5357786628062884,2.412803684849147,-0.06379217432732873,0.6363507341248849,-0.8285968535134288,0.0,-0.8930772127243898,-0.5664572772702333,0.34416324788371144
618,1.137132900776744,0.33801476012336507,0.4195102406884698,1.3322260199650044,-0.41702107268800304,0.8088853774701159,-0.6127949703746224,-0.3979034061231674,0.40683742795524463,1.5357786628062884,2.412803684849147,0.4486497812477911,1.2957021721498414,-0.8285968535134288,0.0,-0.8930772127243898,-0.5664572772702333,0.7244075191283986
619,0.017095316722317847,0.18144034443488705,0.4195102406884698,1.3322260199650044,-0.41702107268800304,0.8088853774701159,-0.6127949703746224,-0.3979034061231674,0.40683742795524463,1.5357786628062884,2.412803684849147,-0.582109600480004,-0.06100713073889485,-0.8285968535134288,0.0,-0.8930772127243898,-0.5664572772702333,1.1046517903730857
620,0.14607233718679458,0.0926895210064436,0.4195102406884698,1.3322260199650044,-0.41702107268800304,0.8088853774701159,-0.6127949703746224,-0.3979034061231674,0.40683742795524463,1.5357786628062884,2.412803684849147,-0.0714714665728205,-0.32164603203444453,-0.8285968535134288,0.0,-0.8930772127243898,1.1921382551160753,1.4848960616177729
621,-1.636524589597412,-0.4643620935610404,0.4195102406884698,1.3322260199650044,-0.41702107268800304,0.8088853774701159,-0.6127949703746224,-0.3979034061231674,0.40683742795524463,1.5357786628062884,2.412803684849147,-1.547636758622755,-1.450762730527,-0.8285968535134288,0.0,-0.8930772127243898,-0.5664572772702333,1.8651403328624598
622,-0.8536955358016,-0.6941296864463583,0.4195102406884698,1.3322260199650044,-0.41702107268800304,0.8088853774701159,-0.6127949703746224,-0.3979034061231674,0.40683742795524463,1.5357786628062884,2.412803684849147,-1.3475389950006433,-0.7612045562285635,-0.8285968535134288,0.0,-0.8930772127243898,2.950733787502384,2.245384604107147
623,-0.6901638775236811,0.10230413148274815,0.4195102406884698,1.3322260199650044,-0.41702107268800304,0.8088853774701159,-0.6127949703746224,-0.3979034061231674,0.40683742795524463,1.5357786628062884,2.412803684849147,-0.45623068839245756,-1.102507001842238,-0.8285968535134288,0.0,-0.8930772127243898,-0.5664572772702333,2.625628875351834
624,0.5138513120822684,0.38204386712252236,0.6256513576937649,1.463199143005948,-0.41702107268800304,0.8088853774701159,-0.43098064038454986,-0.6238699258790168,0.40683742795524463,1.5357786628062884,2.412803684849147,0.1726766661928423,-0.09775759807011321,-0.8285968535134288,0.0,0.6882113771853678,-0.5664572772702333,-1.176813837095037
625,1.0718031166720068,0.6482144158623532,0.6256513576937649,1.463199143005948,-0.41702107268800304,0.8088853774701159,-0.43098064038454986,-0.6238699258790168,0.40683742795524463,1.5357786628062884,2.412803684849147,0.5739486863681554,0.6422664854288203,-0.8285968535134288,0.0,0.6882113771853678,-0.5664572772702333,-0.7965695658503499
626,0.30486590107301353,0.6642486965404969,0.6256513576937649,1.463199143005948,-0.41702107268800304,0.8088853774701159,-0.43098064038454986,-0.6238699258790168,0.40683742795524463,1.5357786628062884,2.412803684849147,-0.7821888038791658,-0.3963847238927816,-0.8285968535134288,0.0,-0.8930772127243898,-0.5664572772702333,-0.41632529460566275
627,0.5138513120822684,0.38204386712252236,1.037933591704355,0.4154141586783977,-0.41702107268800304,0.32429811914415285,0.005373751591624148,-1.0758029653907155,0.40683742795524463,-0.651135495119281,-0.4144556004615526,-0.23911668036715542,-0.09775759807011321,-0.8285968535134288,0.0,-0.8930772127243898,-0.5664572772702333,-1.176813837095037
628,1.0718031166720068,0.6482144158623532,1.037933591704355,0.4154141586783977,-0.41702107268800304,0.32429811914415285,0.005373751591624148,-1.0758029653907155,0.40683742795524463,-0.651135495119281,-0.4144556004615526,0.3956545446563562,0.6422664854288203,-0.8285968535134288,0.0,-0.8930772127243898,-0.5664572772702333,-0.7965695658503499
629,0.970780353846232,0.8431951415634586,1.037933591704355,0.4154141586783977,-0.41702107268800304,0.32429811914415285,0.005373751591624148,-1.0758029653907155,0.40683742795524463,-0.651135495119281,-0.4144556004615526,1.235765636271372,0.7209823823945722,-0.8285968535134288,0.0,0.6882113771853678,-0.5664572772702333,-0.41632529460566275
630,0.30486590107301353,0.6642486965404969,1.037933591704355,0.4154141586783977,-0.41702107268800304,0.32429811914415285,0.005373751591624148,-1.0758029653907155,0.40683742795524463,-0.651135495119281,-0.4144556004615526,0.2718346573023064,-0.3963847238927816,-0.8285968535134288,0.0,-0.8930772127243898,-0.5664572772702333,-0.03608102336097565
631,0.37083974648073253,0.5776948600140751,1.037933591704355,0.4154141586783977,-0.41702107268800304,0.32429811914415285,0.005373751591624148,-1.0758029653907155,0.40683742795524463,-0.651135495119281,-0.4144556004615526,-0.12604432211499134,0.6363507341248849,-0.8285968535134288,0.0,0.6882113771853678,-0.5664572772702333,0.34416324788371144
632,1.137132900776744,0.33801476012336507,1.037933591704355,0.4154141586783977,-0.41702107268800304,0.32429811914415285,0.005373751591624148,-1.0758029653907155,0.40683742795524463,-0.651135495119281,-0.4144556004615526,0.5377678517553318,1.2957021721498414,-0.8285968535134288,0.0,0.6882113771853678,1.1921382551160753,0.7244075191283986
633,-1.061677409431791,-0.5362892105092576,1.037933591704355,0.4154141586783977,-0.41702107268800304,0.32429811914415285,0.005373751591624148,-1.0758029653907155,0.40683742795524463,-0.651135495119281,-0.4144556004615526,0.61557578640282,0.5990450962866818,-0.8285968535134288,0.0,-0.8930772127243898,1.1921382551160753,1.1046517903730857
634,0.5138513120822684,0.38204386712252236,0.83179247469906,0.5463872817193415,-0.41702107268800304,0.32429811914415285,0.07809948358765315,-0.6238699258790168,0.40683742795524463,-0.651135495119281,-0.4144556004615526,-0.23911668036715542,-0.09775759807011321,-0.8285968535134288,0.0,0.6882113771853678,1.1921382551160753,-1.176813837095037
635,1.0718031166720068,0.6482144158623532,0.83179247469906,0.5463872817193415,-0.41702107268800304,0.32429811914415285,0.07809948358765315,-0.6238699258790168,0.40683742795524463,-0.651135495119281,-0.4144556004615526,0.3956545446563562,0.6422664854288203,-0.8285968535134288,0.0,0.6882113771853678,-0.5664572772702333,-0.7965695658503499
636,0.017095316722317847,0.18144034443488705,0.83179247469906,0.5463872817193415,-0.41702107268800304,0.32429811914415285,0.07809948358765315,-0.6238699258790168,0.40683742795524463,-0.651135495119281,-0.4144556004615526,0.20903730296549256,-0.06100713073889485,-0.8285968535134288,0.0,-0.8930772127243898,-0.5664572772702333,-0.41632529460566275
637,0.30486590107301353,0.6642486965404969,0.83179247469906,0.5463872817193415,-0.41702107268800304,0.32429811914415285,0.07809948358765315,-0.6238699258790168,0.40683742795524463,-0.651135495119281,-0.4144556004615526,0.2718346573023064,-0.3963847238927816,-0.8285968535134288,0.0,-0.8930772127243898,-0.5664572772702333,-0.03608102336097565
638,0.37083974648073253,0.5776948600140751,0.83179247469906,0.5463872817193415,-0.41702107268800304,0.32429811914415285,0.07809948358765315,-0.6238699258790168,0.40683742795524463,-0.651135495119281,-0.4144556004615526,-0.12604432211499134,0.6363507341248849,-0.8285968535134288,0.0,-0.8930772127243898,-0.5664572772702333,0.34416324788371144
639,1.137132900776744,0.33801476012336507,0.83179247469906,0.5463872817193415,-0.41702107268800304,0.32429811914415285,0.07809948358765315,-0.6238699258790168,0.40683742795524463,-0.651135495119281,-0.4144556004615526,0.5377678517553318,1.2957021721498414,-0.8285968535134288,0.0,-0.8930772127243898,-0.5664572772702333,0.7244075191283986
640,-1.061677409431791,-0.5362892105092576,0.83179247469906,0.5463872817193415,-0.41702107268800304,0.32429811914415285,0.07809948358765315,-0.6238699258790168,0.40683742795524463,-0.651135495119281,-0.4144556004615526,0.61557578640282,0.5990450962866818,-0.8285968535134288,0.0,-0.8930772127243898,-0.5664572772702333,1.1046517903730857
641,0.14607233718679458,0.0926895210064436,0.83179247469906,0.5463872817193415,-0.41702107268800304,0.32429811914415285,0.07809948358765315,-0.6238699258790168,0.40683742795524463,-0.651135495119281,-0.4144556004615526,-0.3797567697694883,-0.32164603203444453,-0.8285968535134288,0.0,-0.8930772127243898,-0.5664572772702333,1.4848960616177729
642,-1.636524589597412,-0.4643620935610404,0.83179247469906,0.5463872817193415,-0.41702107268800304,0.32429811914415285,0.07809948358765315,-0.6238699258790168,0.40683742795524463,-0.651135495119281,-0.4144556004615526,-0.4175964243084532,-1.450762730527,-0.8285968535134288,0.0,-0.8930772127243898,1.1921382551160753,1.8651403328624598
643,-0.8536955358016,-0.6941296864463583,0.83179247469906,0.5463872817193415,-0.41702107268800304,0.32429811914415285,0.07809948358765315,-0.6238699258790168,0.40683742795524463,-0.651135495119281,-0.4144556004615526,-1.036289856201675,-0.7612045562285635,-0.8285968535134288,0.0,-0.8930772127243898,2.950733787502384,2.245384604107147
644,0.5138513120822684,0.38204386712252236,-0.4050542273327106,-0.23945145652632133,-0.41702107268800304,0.990605599342352,-0.8309721663627093,-0.6238699258790168,0.40683742795524463,1.5357786628062884,2.412803684849147,-0.1603111337361137,-0.09775759807011321,-0.8285968535134288,0.0,0.6882113771853678,-0.5664572772702333,-1.176813837095037
645,1.0718031166720068,0.6482144158623532,-0.4050542273327106,-0.23945145652632133,-0.41702107268800304,0.990605599342352,-0.8309721663627093,-0.6238699258790168,0.40683742795524463,1.5357786628062884,2.412803684849147,1.1539440534109828,0.6422664854288203,-0.8285968535134288,0.0,-0.8930772127243898,-0.5664572772702333,-0.7965695658503499
646,0.017095316722317847,0.18144034443488705,-0.4050542273327106,-0.23945145652632133,-0.41702107268800304,0.990605599342352,-0.8309721663627093,-0.6238699258790168,0.40683742795524463,1.5357786628062884,2.412803684849147,0.08774044591868531,-0.06100713073889485,-0.8285968535134288,0.0,0.6882113771853678,2.950733787502384,-0.41632529460566275
647,0.30486590107301353,0.6642486965404969,-0.4050542273327106,-0.23945145652632133,-0.41702107268800304,0.990605599342352,-0.8309721663627093,-0.6238699258790168,0.40683742795524463,1.5357786628062884,2.412803684849147,-0.6036336590321345,-0.3963847238927816,-0.8285968535134288,0.0,-0.8930772127243898,-0.5664572772702333,-0.03608102336097565
648,1.137132900776744,0.33801476012336507,-0.4050542273327106,-0.23945145652632133,-0.41702107268800304,0.990605599342352,-0.8309721663627093,-0.6238699258790168,0.40683742795524463,1.5357786628062884,2.412803684849147,-0.580584182156315,1.2957021721498414,-0.8285968535134288,0.0,-0.8930772127243898,-0.5664572772702333,0.34416324788371144
649,-1.4120467582536522,-0.6129305400302874,-0.4050542273327106,-0.23945145652632133,-0.41702107268800304,0.990605599342352,-0.8309721663627093,-0.6238699258790168,0.40683742795524463,1.5357786628062884,2.412803684849147,-0.6274719453833216,-0.9487611760308784,-0.8285968535134288,0.0,-0.8930772127243898,-0.5664572772702333,0.7244075191283986
650,-1.061677409431791,-0.5362892105092576,-0.4050542273327106,-0.23945145652632133,-0.41702107268800304,0.990605599342352,-0.8309721663627093,-0.6238699258790168,0.40683742795524463,1.5357786628062884,2.412803684849147,-0.5107049427502071,0.5990450962866818,-0.8285968535134288,0.0,0.6882113771853678,-0.5664572772702333,1.1046517903730857
651,0.14607233718679458,0.0926895210064436,-0.4050542273327106,-0.23945145652632133,-0.41702107268800304,0.990605599342352,-0.8309721663627093,-0.6238699258790168,0.40683742795524463,1.5357786628062884,2.412803684849147,-0.15825210900261702,-0.32164603203444453,-0.8285968535134288,0.0,-0.8930772127243898,-0.5664572772702333,1.4848960616177729
652,-1.2127971576383016,0.497463877317539,-0.4050542273327106,-0.23945145652632133,-0.41702107268800304,0.990605599342352,-0.8309721663627093,-0.6238699258790168,0.40683742795524463,1.5357786628062884,2.412803684849147,-1.264012191656739,-0.3546286208428486,-0.8285968535134288,0.0,-0.8930772127243898,-0.5664572772702333,1.8651403328624598
653,-0.8536955358016,-0.6941296864463583,-0.4050542273327106,-0.23945145652632133,-0.41702107268800304,0.990605599342352,-0.8309721663627093,-0.6238699258790168,0.40683742795524463,1.5357786628062884,2.412803684849147,-0.7668708198758847,-0.7612045562285635,-0.8285968535134288,0.0,-0.8930772127243898,-0.5664572772702333,2.245384604107147
654,-2.0150279340960173,-1.8003907894530935,-0.4050542273327106,-0.23945145652632133,-0.41702107268800304,0.990605599342352,-0.8309721663627093,-0.6238699258790168,0.40683742795524463,1.5357786628062884,2.412803684849147,-2.0050058926499936,-2.7799319358069527,-0.8285968535134288,0.0,-0.8930772127243898,-0.5664572772702333,2.625628875351834
655,0.5138513120822684,-0.04959330869905354,-0.19891311032741552,-1.5491826869357594,1.334328656870266,1.5357662649590604,0.9871711335380157,-0.3979034061231674,-1.7618165702686994,1.5357786628062884,2.412803684849147,-0.1603111337361137,-0.6257702559918471,-0.6347891935868331,0.0,-0.8930772127243898,-0.5664572772702333,-1.176813837095037
656,1.0718031166720068,0.16741686532808495,-0.19891311032741552,-1.5491826869357594,1.334328656870266,1.5357662649590604,0.9871711335380157,-0.3979034061231674,-1.7618165702686994,1.5357786628062884,2.412803684849147,1.1539440534109828,0.8770399017923932,-0.6347891935868331,0.0,0.6882113771853678,-0.5664572772702333,-0.7965695658503499
657,0.970780353846232,1.0243385734884425,-0.19891311032741552,-1.5491826869357594,1.334328656870266,1.5357662649590604,0.9871711335380157,-0.3979034061231674,-1.7618165702686994,1.5357786628062884,2.412803684849147,0.0161675861684053,0.8985823376945709,-0.6347891935868331,0.0,-0.8930772127243898,-0.5664572772702333,-0.41632529460566275
658,0.37083974648073253,0.012920277929993328,-0.19891311032741552,-1.5491826869357594,1.334328656870266,1.5357662649590604,0.9871711335380157,-0.3979034061231674,-1.7618165702686994,1.5357786628062884,2.412803684849147,-0.6578295100456366,-0.04224054737164048,-0.6347891935868331,0.0,0.6882113771853678,-0.5664572772702333,-0.03608102336097565
659,1.137132900776744,0.6646880939209014,-0.19891311032741552,-1.5491826869357594,1.334328656870266,1.5357662649590604,0.9871711335380157,-0.3979034061231674,-1.7618165702686994,1.5357786628062884,2.412803684849147,-0.580584182156315,-0.23387448499574498,-0.6347891935868331,0.0,-0.8930772127243898,-0.5664572772702333,0.34416324788371144
660,0.5138513120822684,-0.04959330869905354,-0.19891311032741552,-1.811128933017647,1.334328656870266,1.5963396722498058,0.9871711335380157,-0.171936886367318,-1.7618165702686994,1.5357786628062884,2.412803684849147,-0.1603111337361137,-0.6257702559918471,-0.6347891935868331,0.0,-0.8930772127243898,-0.5664572772702333,-1.176813837095037
661,1.0718031166720068,0.16741686532808495,-0.19891311032741552,-1.811128933017647,1.334328656870266,1.5963396722498058,0.9871711335380157,-0.171936886367318,-1.7618165702686994,1.5357786628062884,2.412803684849147,1.1539440534109828,0.8770399017923932,-0.6347891935868331,0.0,2.2694999670951255,1.1921382551160753,-0.7965695658503499
662,0.970780353846232,1.0243385734884425,-0.19891311032741552,-1.811128933017647,1.334328656870266,1.5963396722498058,0.9871711335380157,-0.171936886367318,-1.7618165702686994,1.5357786628062884,2.412803684849147,0.0161675861684053,0.8985823376945709,-0.6347891935868331,0.0,-0.8930772127243898,-0.5664572772702333,-0.41632529460566275
663,0.37083974648073253,0.012920277929993328,-0.19891311032741552,-1.811128933017647,1.334328656870266,1.5963396722498058,0.9871711335380157,-0.171936886367318,-1.7618165702686994,1.5357786628062884,2.412803684849147,-0.6578295100456366,-0.04224054737164048,-0.6347891935868331,0.0,-0.8930772127243898,-0.5664572772702333,-0.03608102336097565
664,1.137132900776744,0.6646880939209014,-0.19891311032741552,-1.811128933017647,1.334328656870266,1.5963396722498058,0.9871711335380157,-0.171936886367318,-1.7618165702686994,1.5357786628062884,2.412803684849147,-0.580584182156315,-0.23387448499574498,-0.6347891935868331,0.0,0.6882113771853678,-0.5664572772702333,0.34416324788371144
665,0.5138513120822684,-0.04959330869905354,0.4195102406884698,-0.7633439486900966,1.334328656870266,0.9300321920516067,-0.5764321043766079,-0.171936886367318,-1.7618165702686994,1.5357786628062884,2.412803684849147,0.1726766661928423,-0.6257702559918471,-0.6347891935868331,0.0,0.6882113771853678,-0.5664572772702333,-1.176813837095037
666,0.30486590107301353,-0.35899609122273246,0.4195102406884698,-0.7633439486900966,1.334328656870266,0.9300321920516067,-0.5764321043766079,-0.171936886367318,-1.7618165702686994,1.5357786628062884,2.412803684849147,-0.7821888038791658,-1.3388549181682432,-0.6347891935868331,0.0,0.6882113771853678,-0.5664572772702333,-0.7965695658503499
667,0.970780353846232,1.0243385734884425,0.4195102406884698,-0.7633439486900966,1.334328656870266,0.9300321920516067,-0.5764321043766079,-0.171936886367318,-1.7618165702686994,1.5357786628062884,2.412803684849147,0.8758423127864758,0.8985823376945709,-0.6347891935868331,0.0,0.6882113771853678,1.1921382551160753,-0.41632529460566275
668,0.017095316722317847,0.48560759545984994,0.4195102406884698,-0.7633439486900966,1.334328656870266,0.9300321920516067,-0.5764321043766079,-0.171936886367318,-1.7618165702686994,1.5357786628062884,2.412803684849147,-0.582109600480004,-0.5989582508512405,-0.6347891935868331,0.0,-0.8930772127243898,-0.5664572772702333,-0.03608102336097565
669,1.137132900776744,0.6646880939209014,0.4195102406884698,-0.7633439486900966,1.334328656870266,0.9300321920516067,-0.5764321043766079,-0.171936886367318,-1.7618165702686994,1.5357786628062884,2.412803684849147,0.4486497812477911,-0.23387448499574498,-0.6347891935868331,0.0,-0.8930772127243898,-0.5664572772702333,0.34416324788371144
670,0.5138513120822684,-0.04959330869905354,0.4195102406884698,-1.5491826869357594,2.501895143242445,0.8694587847608612,0.22355094757971114,0.0540296333885314,-1.7618165702686994,-0.651135495119281,-0.4144556004615526,0.1726766661928423,-0.6257702559918471,-0.6347891935868331,0.0,0.6882113771853678,-0.5664572772702333,-1.176813837095037
671,0.30486590107301353,-0.35899609122273246,0.4195102406884698,-1.5491826869357594,2.501895143242445,0.8694587847608612,0.22355094757971114,0.0540296333885314,-1.7618165702686994,-0.651135495119281,-0.4144556004615526,-0.7821888038791658,-1.3388549181682432,-0.6347891935868331,0.0,-0.8930772127243898,-0.5664572772702333,-0.7965695658503499
672,0.017095316722317847,0.48560759545984994,0.4195102406884698,-1.5491826869357594,2.501895143242445,0.8694587847608612,0.22355094757971114,0.0540296333885314,-1.7618165702686994,-0.651135495119281,-0.4144556004615526,-0.582109600480004,-0.5989582508512405,-0.6347891935868331,0.0,-0.8930772127243898,-0.5664572772702333,-0.41632529460566275
673,1.137132900776744,0.6646880939209014,0.4195102406884698,-1.5491826869357594,2.501895143242445,0.8694587847608612,0.22355094757971114,0.0540296333885314,-1.7618165702686994,-0.651135495119281,-0.4144556004615526,0.4486497812477911,-0.23387448499574498,-0.6347891935868331,0.0,-0.8930772127243898,-0.5664572772702333,-0.03608102336097565
674,0.970780353846232,1.0243385734884425,0.4195102406884698,-1.5491826869357594,2.501895143242445,0.8694587847608612,0.22355094757971114,0.0540296333885314,-1.7618165702686994,-0.651135495119281,-0.4144556004615526,0.8758423127864758,0.8985823376945709,-0.6347891935868331,0.0,-0.8930772127243898,-0.5664572772702333,0.34416324788371144
675,0.37083974648073253,0.012920277929993328,0.4195102406884698,-1.5491826869357594,2.501895143242445,0.8694587847608612,0.22355094757971114,0.0540296333885314,-1.7618165702686994,-0.651135495119281,-0.4144556004615526,-0.06379217432732873,-0.04224054737164048,-0.6347891935868331,0.0,-0.8930772127243898,-0.5664572772702333,0.7244075191283986
676,-1.061677409431791,1.011082177944041,0.4195102406884698,-1.5491826869357594,2.501895143242445,0.8694587847608612,0.22355094757971114,0.0540296333885314,-1.7618165702686994,-0.651135495119281,-0.4144556004615526,-1.3689180518109783,-1.3790547235674486,-0.6347891935868331,0.0,-0.8930772127243898,-0.5664572772702333,1.1046517903730857
677,0.14607233718679458,-0.05854509939813799,0.4195102406884698,-1.5491826869357594,2.501895143242445,0.8694587847608612,0.22355094757971114,0.0540296333885314,-1.7618165702686994,-0.651135495119281,-0.4144556004615526,-0.0714714665728205,-0.3217461447488189,-0.6347891935868331,0.0,-0.8930772127243898,-0.5664572772702333,1.4848960616177729
678,-1.9510811343395422,-1.8003907894530935,0.4195102406884698,-1.5491826869357594,2.501895143242445,0.8694587847608612,0.22355094757971114,0.0540296333885314,-1.7618165702686994,-0.651135495119281,-0.4144556004615526,-1.6449265472909251,-1.9900180462729675,-0.6347891935868331,0.0,-0.8930772127243898,-0.5664572772702333,1.8651403328624598
679,0.5138513120822684,-0.04959330869905354,-0.8173364613433008,0.2844410356374539,-0.41702107268800304,-0.4025827683447917,-1.0491493623507964,-1.9796690444141132,0.40683742795524463,1.5357786628062884,2.412803684849147,-1.80723859702202,-0.5885374274004618,-0.6347891935868331,0.0,-0.8930772127243898,-0.5664572772702333,-1.176813837095037
680,1.0718031166720068,0.16741686532808495,-0.8173364613433008,0.2844410356374539,-0.41702107268800304,-0.4025827683447917,-1.0491493623507964,-1.9796690444141132,0.40683742795524463,1.5357786628062884,2.412803684849147,1.012016348541506,0.09480465745091668,-0.6347891935868331,0.0,0.6882113771853678,-0.5664572772702333,-0.7965695658503499
681,0.37083974648073253,0.012920277929993328,-0.8173364613433008,0.2844410356374539,-0.41702107268800304,-0.4025827683447917,-1.0491493623507964,-1.9796690444141132,0.40683742795524463,1.5357786628062884,2.412803684849147,-1.0892270920963918,0.017845283564640664,-0.6347891935868331,0.0,-0.8930772127243898,-0.5664572772702333,-0.41632529460566275
682,0.30486590107301353,-0.35899609122273246,-0.8173364613433008,0.2844410356374539,-0.41702107268800304,-0.4025827683447917,-1.0491493623507964,-1.9796690444141132,0.40683742795524463,1.5357786628062884,2.412803684849147,0.7157719899835399,0.3628792030777206,-0.6347891935868331,0.0,0.6882113771853678,1.1921382551160753,-0.03608102336097565
683,1.137132900776744,0.6646880939209014,-0.8173364613433008,0.2844410356374539,-0.41702107268800304,-0.4025827683447917,-1.0491493623507964,-1.9796690444141132,0.40683742795524463,1.5357786628062884,2.412803684849147,0.036607031691905184,-0.24237496456170773,-0.6347891935868331,0.0,-0.8930772127243898,-0.5664572772702333,0.34416324788371144
684,0.017095316722317847,0.48560759545984994,-0.8173364613433008,0.2844410356374539,-0.41702107268800304,-0.4025827683447917,-1.0491493623507964,-1.9796690444141132,0.40683742795524463,1.5357786628062884,2.412803684849147,-0.5741635050296084,-0.7949425409727007,-0.6347891935868331,0.0,-0.8930772127243898,-0.5664572772702333,0.7244075191283986
685,-1.061677409431791,1.011082177944041,-0.8173364613433008,0.2844410356374539,-0.41702107268800304,-0.4025827683447917,-1.0491493623507964,-1.9796690444141132,0.40683742795524463,1.5357786628062884,2.412803684849147,-0.499447007517201,-1.554160962163942,-0.6347891935868331,0.0,-0.8930772127243898,1.1921382551160753,1.1046517903730857
686,0.14607233718679458,-0.05854509939813799,-0.8173364613433008,0.2844410356374539,-0.41702107268800304,-0.4025827683447917,-1.0491493623507964,-1.9796690444141132,0.40683742795524463,1.5357786628062884,2.412803684849147,-1.537069031680696,-0.3612451611474043,-0.6347891935868331,0.0,-0.8930772127243898,-0.5664572772702333,1.4848960616177729
687,-0.6901638775236811,-0.44206453835882836,-0.8173364613433008,0.2844410356374539,-0.41702107268800304,-0.4025827683447917,-1.0491493623507964,-1.9796690444141132,0.40683742795524463,1.5357786628062884,2.412803684849147,-1.442352733925913,-0.23831584905162279,-0.6347891935868331,0.0,-0.8930772127243898,-0.5664572772702333,1.8651403328624598
688,-0.8536955358016,1.1192037231764103,-0.8173364613433008,0.2844410356374539,-0.41702107268800304,-0.4025827683447917,-1.0491493623507964,-1.9796690444141132,0.40683742795524463,1.5357786628062884,2.412803684849147,-0.5037042586563183,-1.520641405160258,-0.6347891935868331,0.0,-0.8930772127243898,-0.5664572772702333,2.245384604107147
689,-1.6452618553355312,-1.8003907894530935,-0.8173364613433008,0.2844410356374539,-0.41702107268800304,-0.4025827683447917,-1.0491493623507964,-1.9796690444141132,0.40683742795524463,1.5357786628062884,2.412803684849147,-2.0050058926499936,-2.3332199031129983,-0.6347891935868331,0.0,-0.8930772127243898,-0.5664572772702333,2.625628875351834
690,0.5138513120822684,-0.04959330869905354,-1.0234775783485959,0.8083335278012291,-0.41702107268800304,-0.28143595376330094,-0.8309721663627093,1.4098287519236279,0.40683742795524463,1.5357786628062884,2.412803684849147,-1.082000205285302,-0.5885374274004618,-0.6347891935868331,0.0,-0.8930772127243898,-0.5664572772702333,-1.176813837095037
691,1.0718031166720068,0.16741686532808495,-1.0234775783485959,0.8083335278012291,-0.41702107268800304,-0.28143595376330094,-0.8309721663627093,1.4098287519236279,0.40683742795524463,1.5357786628062884,2.412803684849147,0.060868723129135105,0.09480465745091668,-0.6347891935868331,0.0,0.6882113771853678,-0.5664572772702333,-0.7965695658503499
692,0.017095316722317847,0.48560759545984994,-1.0234775783485959,0.8083335278012291,-0.41702107268800304,-0.28143595376330094,-0.8309721663627093,1.4098287519236279,0.40683742795524463,1.5357786628062884,2.412803684849147,2.0353168406713382,-0.7949425409727007,-0.6347891935868331,0.0,2.2694999670951255,-0.5664572772702333,-0.41632529460566275
693,-0.12468803895260275,-1.8003907894530935,-1.0234775783485959,0.8083335278012291,-0.41702107268800304,-0.28143595376330094,-0.8309721663627093,1.4098287519236279,0.40683742795524463,1.5357786628062884,2.412803684849147,-0.8659592101492869,-0.5574933847885781,-0.6347891935868331,0.0,-0.8930772127243898,1.1921382551160753,-0.03608102336097565
694,0.37083974648073253,0.012920277929993328,0.007228006677879595,0.8083335278012291,-0.41702107268800304,0.506018341016389,0.40536527756978363,-0.8498364456348662,0.40683742795524463,1.5357786628062884,-0.4144556004615526,-1.062059565753579,0.017845283564640664,-0.6347891935868331,0.0,-0.8930772127243898,-0.5664572772702333,-1.176813837095037
695,1.0718031166720068,0.16741686532808495,0.007228006677879595,0.8083335278012291,-0.41702107268800304,0.506018341016389,0.40536527756978363,-0.8498364456348662,0.40683742795524463,1.5357786628062884,-0.4144556004615526,-0.6114115524620475,0.09480465745091668,-0.6347891935868331,0.0,-0.8930772127243898,-0.5664572772702333,-0.7965695658503499
696,0.017095316722317847,0.48560759545984994,0.007228006677879595,0.8083335278012291,-0.41702107268800304,0.506018341016389,0.40536527756978363,-0.8498364456348662,0.40683742795524463,1.5357786628062884,-0.4144556004615526,-0.6568086977833959,-0.7949425409727007,-0.6347891935868331,0.0,-0.8930772127243898,-0.5664572772702333,-0.41632529460566275
697,-0.12468803895260275,-1.8003907894530935,0.007228006677879595,0.8083335278012291,-0.41702107268800304,0.506018341016389,0.40536527756978363,-0.8498364456348662,0.40683742795524463,1.5357786628062884,-0.4144556004615526,-0.7311887912548376,-0.5574933847885781,-0.6347891935868331,0.0,0.6882113771853678,-0.5664572772702333,-0.03608102336097565
698,1.137132900776744,0.6646880939209014,0.007228006677879595,0.8083335278012291,-0.41702107268800304,0.506018341016389,0.40536527756978363,-0.8498364456348662,0.40683742795524463,1.5357786628062884,-0.4144556004615526,-0.6143173873676301,-0.24237496456170773,-0.6347891935868331,0.0,-0.8930772127243898,-0.5664572772702333,0.34416324788371144
699,0.5138513120822684,-0.04959330869905354,0.007228006677879595,0.8083335278012291,-0.41702107268800304,0.506018341016389,0.40536527756978363,-0.8498364456348662,0.40683742795524463,1.5357786628062884,-0.4144556004615526,-0.3846636287118494,-0.5885374274004618,-0.6347891935868331,0.0,-0.8930772127243898,-0.5664572772702333,0.7244075191283986
700,-1.061677409431791,1.011082177944041,0.007228006677879595,0.8083335278012291,-0.41702107268800304,0.506018341016389,0.40536527756978363,-0.8498364456348662,0.40683742795524463,1.5357786628062884,-0.4144556004615526,-1.6277131005188927,-1.554160962163942,-0.6347891935868331,0.0,-0.8930772127243898,-0.5664572772702333,1.1046517903730857
701,0.14607233718679458,-0.05854509939813799,0.007228006677879595,0.8083335278012291,-0.41702107268800304,0.506018341016389,0.40536527756978363,-0.8498364456348662,0.40683742795524463,1.5357786628062884,-0.4144556004615526,-0.6200362560640462,-0.3612451611474043,-0.6347891935868331,0.0,-0.8930772127243898,-0.5664572772702333,1.4848960616177729
702,0.37083974648073253,0.012920277929993328,-0.4050542273327106,-0.7633439486900966,-0.41702107268800304,0.990605599342352,1.5326141235082333,0.957895712411929,0.40683742795524463,1.5357786628062884,2.412803684849147,-0.583287014623384,0.017845283564640664,-0.6347891935868331,0.0,-0.8930772127243898,-0.5664572772702333,-1.176813837095037
703,1.0718031166720068,0.16741686532808495,-0.4050542273327106,-0.7633439486900966,-0.41702107268800304,0.990605599342352,1.5326141235082333,0.957895712411929,0.40683742795524463,1.5357786628062884,2.412803684849147,-0.12410709884460287,0.09480465745091668,-0.6347891935868331,0.0,-0.8930772127243898,-0.5664572772702333,-0.7965695658503499
704,0.37083974648073253,0.012920277929993328,-2.4664653973856616,-0.10847833348537753,-0.41702107268800304,0.32429811914415285,0.7326310715519142,2.3136948309470253,0.40683742795524463,1.5357786628062884,2.412803684849147,-0.22490070960152034,0.017845283564640664,-0.6347891935868331,0.0,0.6882113771853678,-0.5664572772702333,-1.176813837095037
705,1.0718031166720068,0.16741686532808495,-2.4664653973856616,-0.10847833348537753,-0.41702107268800304,0.32429811914415285,0.7326310715519142,2.3136948309470253,0.40683742795524463,1.5357786628062884,2.412803684849147,1.31175814911158,0.09480465745091668,-0.6347891935868331,0.0,-0.8930772127243898,-0.5664572772702333,-0.7965695658503499
706,0.017095316722317847,0.48560759545984994,-2.4664653973856616,-0.10847833348537753,-0.41702107268800304,0.32429811914415285,0.7326310715519142,2.3136948309470253,0.40683742795524463,1.5357786628062884,2.412803684849147,-1.3997396220470388,-0.7949425409727007,-0.6347891935868331,0.0,-0.8930772127243898,-0.5664572772702333,-0.41632529460566275
707,0.30486590107301353,-0.35899609122273246,-2.4664653973856616,-0.10847833348537753,-0.41702107268800304,0.32429811914415285,0.7326310715519142,2.3136948309470253,0.40683742795524463,1.5357786628062884,2.412803684849147,-0.11446738305003498,0.3628792030777206,-0.6347891935868331,0.0,-0.8930772127243898,-0.5664572772702333,-0.03608102336097565
708,1.137132900776744,0.6646880939209014,-2.4664653973856616,-0.10847833348537753,-0.41702107268800304,0.32429811914415285,0.7326310715519142,2.3136948309470253,0.40683742795524463,1.5357786628062884,2.412803684849147,0.3311171694179962,-0.24237496456170773,-0.6347891935868331,0.0,0.6882113771853678,-0.5664572772702333,0.34416324788371144
709,-0.12468803895260275,-1.8003907894530935,-2.4664653973856616,-0.10847833348537753,-0.41702107268800304,0.32429811914415285,0.7326310715519142,2.3136948309470253,0.40683742795524463,1.5357786628062884,2.412803684849147,-0.46195535715854547,-0.5574933847885781,-0.6347891935868331,0.0,-0.8930772127243898,-0.5664572772702333,0.7244075191283986
710,-1.061677409431791,1.011082177944041,-2.4664653973856616,-0.10847833348537753,-0.41702107268800304,0.32429811914415285,0.7326310715519142,2.3136948309470253,0.40683742795524463,1.5357786628062884,2.412803684849147,-0.7435487397254895,-1.554160962163942,-0.6347891935868331,0.0,-0.8930772127243898,1.1921382551160753,1.1046517903730857
711,0.14607233718679458,-0.05854509939813799,-2.4664653973856616,-0.10847833348537753,-0.41702107268800304,0.32429811914415285,0.7326310715519142,2.3136948309470253,0.40683742795524463,1.5357786628062884,2.412803684849147,-0.5755381215418301,-0.3612451611474043,-0.6347891935868331,0.0,-0.8930772127243898,-0.5664572772702333,1.4848960616177729
712,-0.6901638775236811,-0.44206453835882836,-2.4664653973856616,-0.10847833348537753,-0.41702107268800304,0.32429811914415285,0.7326310715519142,2.3136948309470253,0.40683742795524463,1.5357786628062884,2.412803684849147,0.7973151694996815,-0.23831584905162279,-0.6347891935868331,0.0,-0.8930772127243898,-0.5664572772702333,1.8651403328624598
713,-1.636524589597412,-0.7835284348255673,-2.4664653973856616,-0.10847833348537753,-0.41702107268800304,0.32429811914415285,0.7326310715519142,2.3136948309470253,0.40683742795524463,1.5357786628062884,2.412803684849147,-1.601437044884639,-1.7117292734332294,-0.6347891935868331,0.0,-0.8930772127243898,-0.5664572772702333,2.245384604107147
714,-0.8536955358016,1.1192037231764103,-2.4664653973856616,-0.10847833348537753,-0.41702107268800304,0.32429811914415285,0.7326310715519142,2.3136948309470253,0.40683742795524463,1.5357786628062884,2.412803684849147,-1.6281220054307561,-1.520641405160258,-0.6347891935868331,0.0,-0.8930772127243898,-0.5664572772702333,2.625628875351834
715,-0.12468803895260275,-1.8003907894530935,0.6256513576937649,-1.4182095638948156,0.16676217049808661,0.7483119701793706,-0.5400692383785933,-0.3979034061231674,0.40683742795524463,1.5357786628062884,2.412803684849147,0.39624615176288186,0.14456977765079307,-0.6347891935868331,0.0,0.6882113771853678,1.1921382551160753,-1.176813837095037
716,1.0718031166720068,0.16741686532808495,0.6256513576937649,-1.4182095638948156,0.16676217049808661,0.7483119701793706,-0.5400692383785933,-0.3979034061231674,0.40683742795524463,1.5357786628062884,2.412803684849147,0.5739486863681554,2.632197807890822,-0.6347891935868331,0.0,2.2694999670951255,-0.5664572772702333,-0.7965695658503499
717,0.970780353846232,1.0243385734884425,0.6256513576937649,-1.4182095638948156,0.16676217049808661,0.7483119701793706,-0.5400692383785933,-0.3979034061231674,0.40683742795524463,1.5357786628062884,2.412803684849147,0.8758423127864758,1.0881685152519283,-0.6347891935868331,0.0,0.6882113771853678,-0.5664572772702333,-0.41632529460566275
718,0.30486590107301353,-0.35899609122273246,0.6256513576937649,-1.4182095638948156,0.16676217049808661,0.7483119701793706,-0.5400692383785933,-0.3979034061231674,0.40683742795524463,1.5357786628062884,2.412803684849147,-0.7821888038791658,-0.5278600213337872,-0.6347891935868331,0.0,-0.8930772127243898,-0.5664572772702333,-0.03608102336097565
719,-0.12468803895260275,-1.8003907894530935,0.6256513576937649,-0.6323708256491528,3.6694616296146245,0.8694587847608612,-0.06735198040440485,-0.3979034061231674,-1.7618165702686994,-0.651135495119281,-0.4144556004615526,0.39624615176288186,0.14456977765079307,-0.6347891935868331,0.0,-0.8930772127243898,-0.5664572772702333,-1.176813837095037
720,1.0718031166720068,0.16741686532808495,0.6256513576937649,-0.6323708256491528,3.6694616296146245,0.8694587847608612,-0.06735198040440485,-0.3979034061231674,-1.7618165702686994,-0.651135495119281,-0.4144556004615526,0.5739486863681554,2.632197807890822,-0.6347891935868331,0.0,-0.8930772127243898,-0.5664572772702333,-0.7965695658503499
721,-0.12468803895260275,-1.8003907894530935,0.83179247469906,-0.7633439486900966,3.085678386428535,0.38487152643489825,0.6962682055538997,-0.8498364456348662,-1.7618165702686994,-0.651135495119281,-0.4144556004615526,0.0823985817509374,0.14456977765079307,-0.6347891935868331,0.0,0.6882113771853678,1.1921382551160753,-1.176813837095037
722,1.0718031166720068,0.16741686532808495,0.83179247469906,-0.7633439486900966,3.085678386428535,0.38487152643489825,0.6962682055538997,-0.8498364456348662,-1.7618165702686994,-0.651135495119281,-0.4144556004615526,1.1539440534109828,2.632197807890822,-0.6347891935868331,0.0,2.2694999670951255,-0.5664572772702333,-0.7965695658503499
723,0.970780353846232,1.0243385734884425,0.83179247469906,-0.7633439486900966,3.085678386428535,0.38487152643489825,0.6962682055538997,-0.8498364456348662,-1.7618165702686994,-0.651135495119281,-0.4144556004615526,0.0161675861684053,1.0881685152519283,-0.6347891935868331,0.0,0.6882113771853678,-0.5664572772702333,-0.41632529460566275
724,0.14607233718679458,-0.05854509939813799,0.83179247469906,-0.7633439486900966,3.085678386428535,0.38487152643489825,0.6962682055538997,-0.8498364456348662,-1.7618165702686994,-0.651135495119281,-0.4144556004615526,-0.15825210900261702,-0.2505478025169911,-0.6347891935868331,0.0,-0.8930772127243898,-0.5664572772702333,-0.03608102336097565
725,1.137132900776744,0.6646880939209014,0.83179247469906,-0.7633439486900966,3.085678386428535,0.38487152643489825,0.6962682055538997,-0.8498364456348662,-1.7618165702686994,-0.651135495119281,-0.4144556004615526,-0.580584182156315,1.678687911566631,-0.6347891935868331,0.0,-0.8930772127243898,-0.5664572772702333,0.34416324788371144
726,-1.061677409431791,1.011082177944041,0.83179247469906,-0.7633439486900966,3.085678386428535,0.38487152643489825,0.6962682055538997,-0.8498364456348662,-1.7618165702686994,-0.651135495119281,-0.4144556004615526,-0.5107049427502071,-1.6217279432107385,-0.6347891935868331,0.0,-0.8930772127243898,-0.5664572772702333,0.7244075191283986
727,0.30486590107301353,-0.35899609122273246,0.83179247469906,-0.7633439486900966,3.085678386428535,0.38487152643489825,0.6962682055538997,-0.8498364456348662,-1.7618165702686994,-0.651135495119281,-0.4144556004615526,-0.6036336590321345,-0.5278600213337872,-0.6347891935868331,0.0,-0.8930772127243898,-0.5664572772702333,1.1046517903730857
728,0.017095316722317847,0.48560759545984994,0.83179247469906,-0.7633439486900966,3.085678386428535,0.38487152643489825,0.6962682055538997,-0.8498364456348662,-1.7618165702686994,-0.651135495119281,-0.4144556004615526,0.08774044591868531,0.018709893370600406,-0.6347891935868331,0.0,-0.8930772127243898,2.950733787502384,1.4848960616177729
729,-0.6901638775236811,-0.44206453835882836,0.83179247469906,-0.7633439486900966,3.085678386428535,0.38487152643489825,0.6962682055538997,-0.8498364456348662,-1.7618165702686994,-0.651135495119281,-0.4144556004615526,-1.0492066113608218,-1.5921764901586173,-0.6347891935868331,0.0,-0.8930772127243898,1.1921382551160753,1.8651403328624598
730,-1.2127971576383016,-0.4345352035861376,0.83179247469906,-0.7633439486900966,3.085678386428535,0.38487152643489825,0.6962682055538997,-0.8498364456348662,-1.7618165702686994,-0.651135495119281,-0.4144556004615526,-1.264012191656739,-0.7177101324108585,-0.6347891935868331,0.0,-0.8930772127243898,-0.5664572772702333,2.245384604107147
731,-0.8536955358016,1.1192037231764103,0.83179247469906,-0.7633439486900966,3.085678386428535,0.38487152643489825,0.6962682055538997,-0.8498364456348662,-1.7618165702686994,-0.651135495119281,-0.4144556004615526,-0.7668708198758847,-1.0221893014464973,-0.6347891935868331,0.0,-0.8930772127243898,-0.5664572772702333,2.625628875351834
732,-0.12468803895260275,1.0118120244403062,-2.0541831633750713,0.022494789555566278,-0.41702107268800304,0.14257789727191675,-0.7582464343666804,1.1838622321677783,0.40683742795524463,-0.651135495119281,-0.4144556004615526,-0.6774395456060658,-0.37173879384500064,-0.44098153366023735,0.0,-0.8930772127243898,-0.5664572772702333,-1.176813837095037
733,1.0718031166720068,2.2017746047074485,-2.0541831633750713,0.022494789555566278,-0.41702107268800304,0.14257789727191675,-0.7582464343666804,1.1838622321677783,0.40683742795524463,-0.651135495119281,-0.4144556004615526,-0.15083381989235725,0.8770399017923932,-0.44098153366023735,0.0,-0.8930772127243898,-0.5664572772702333,-0.7965695658503499
734,0.970780353846232,0.3081506330823264,-2.0541831633750713,0.022494789555566278,-0.41702107268800304,0.14257789727191675,-0.7582464343666804,1.1838622321677783,0.40683742795524463,-0.651135495119281,-0.4144556004615526,-0.29546435722890324,0.8985823376945709,-0.44098153366023735,0.0,0.6882113771853678,-0.5664572772702333,-0.41632529460566275
735,0.37083974648073253,-0.14534470056105725,-2.0541831633750713,0.022494789555566278,-0.41702107268800304,0.14257789727191675,-0.7582464343666804,1.1838622321677783,0.40683742795524463,-0.651135495119281,-0.4144556004615526,-0.9156136066097524,-0.04224054737164048,-0.44098153366023735,0.0,-0.8930772127243898,-0.5664572772702333,-0.03608102336097565
736,0.30486590107301353,-0.37833702337374914,-2.0541831633750713,0.022494789555566278,-0.41702107268800304,0.14257789727191675,-0.7582464343666804,1.1838622321677783,0.40683742795524463,-0.651135495119281,-0.4144556004615526,-1.2000432232462173,-1.3388549181682432,-0.44098153366023735,0.0,-0.8930772127243898,-0.5664572772702333,0.34416324788371144
737,1.137132900776744,-0.06368381452490018,-2.0541831633750713,0.022494789555566278,-0.41702107268800304,0.14257789727191675,-0.7582464343666804,1.1838622321677783,0.40683742795524463,-0.651135495119281,-0.4144556004615526,-1.0146961968134827,-0.23387448499574498,-0.44098153366023735,0.0,-0.8930772127243898,-0.5664572772702333,0.7244075191283986
738,0.017095316722317847,-0.06568716868301484,-2.0541831633750713,0.022494789555566278,-0.41702107268800304,0.14257789727191675,-0.7582464343666804,1.1838622321677783,0.40683742795524463,-0.651135495119281,-0.4144556004615526,-0.9159848110687492,-0.5989582508512405,-0.44098153366023735,0.0,-0.8930772127243898,-0.5664572772702333,1.1046517903730857
739,0.14607233718679458,-0.2822430505032949,-2.0541831633750713,0.022494789555566278,-0.41702107268800304,0.14257789727191675,-0.7582464343666804,1.1838622321677783,0.40683742795524463,-0.651135495119281,-0.4144556004615526,-1.2528006569811077,-0.3217461447488189,-0.44098153366023735,0.0,-0.8930772127243898,-0.5664572772702333,1.4848960616177729
740,-1.636524589597412,-1.2679752178411594,-2.0541831633750713,0.022494789555566278,-0.41702107268800304,0.14257789727191675,-0.7582464343666804,1.1838622321677783,0.40683742795524463,-0.651135495119281,-0.4144556004615526,-1.1550520828018962,-1.2089814241572263,-0.44098153366023735,0.0,-0.8930772127243898,-0.5664572772702333,1.8651403328624598
741,-1.9510811343395422,-1.7837234786506384,-2.0541831633750713,0.022494789555566278,-0.41702107268800304,0.14257789727191675,-0.7582464343666804,1.1838622321677783,0.40683742795524463,-0.651135495119281,-0.4144556004615526,-2.0050058926499936,-1.9900180462729675,-0.44098153366023735,0.0,-0.8930772127243898,-0.5664572772702333,2.245384604107147
742,-0.8536955358016,-0.5269948388017224,-2.0541831633750713,0.022494789555566278,-0.41702107268800304,0.14257789727191675,-0.7582464343666804,1.1838622321677783,0.40683742795524463,-0.651135495119281,-0.4144556004615526,-0.7587507223353342,-1.6026155159211009,-0.44098153366023735,0.0,-0.8930772127243898,-0.5664572772702333,2.625628875351834
743,-0.12468803895260275,1.0118120244403062,-1.8480420463697762,0.5463872817193415,-0.41702107268800304,-0.16028913918181015,1.7144284534983059,0.2799961531443808,0.40683742795524463,1.5357786628062884,-0.4144556004615526,-0.18277480357507936,-0.9317784192106568,-0.44098153366023735,0.0,-0.8930772127243898,-0.5664572772702333,-1.176813837095037
744,1.0718031166720068,2.2017746047074485,-1.8480420463697762,0.5463872817193415,-0.41702107268800304,-0.16028913918181015,1.7144284534983059,0.2799961531443808,0.40683742795524463,1.5357786628062884,-0.4144556004615526,-0.5939997433072386,0.362023694427613,-0.44098153366023735,0.0,-0.8930772127243898,1.1921382551160753,-0.7965695658503499
745,0.970780353846232,0.3081506330823264,-1.8480420463697762,0.5463872817193415,-0.41702107268800304,-0.16028913918181015,1.7144284534983059,0.2799961531443808,0.40683742795524463,1.5357786628062884,-0.4144556004615526,0.026253907327703448,1.3567254221388998,-0.44098153366023735,0.0,2.2694999670951255,-0.5664572772702333,-0.41632529460566275
746,0.37083974648073253,-0.14534470056105725,-1.8480420463697762,0.5463872817193415,-0.41702107268800304,-0.16028913918181015,1.7144284534983059,0.2799961531443808,0.40683742795524463,1.5357786628062884,-0.4144556004615526,0.2978421697107549,0.0790869612941522,-0.44098153366023735,0.0,-0.8930772127243898,1.1921382551160753,-0.03608102336097565
747,-0.6901638775236811,0.27860674481005704,-1.8480420463697762,0.5463872817193415,-0.41702107268800304,-0.16028913918181015,1.7144284534983059,0.2799961531443808,0.40683742795524463,1.5357786628062884,-0.4144556004615526,-0.6031174528313423,-1.4375751556971499,-0.44098153366023735,0.0,0.6882113771853678,2.950733787502384,0.34416324788371144
748,-0.12468803895260275,1.0118120244403062,-1.0234775783485959,0.5463872817193415,-0.41702107268800304,-0.4025827683447917,0.5871796075598562,0.5059626729002302,0.40683742795524463,-0.651135495119281,-0.4144556004615526,-0.18277480357507936,-0.5574933847885781,-0.44098153366023735,0.0,-0.8930772127243898,-0.5664572772702333,-1.176813837095037
749,1.0718031166720068,2.2017746047074485,-1.0234775783485959,0.5463872817193415,-0.41702107268800304,-0.4025827683447917,0.5871796075598562,0.5059626729002302,0.40683742795524463,-0.651135495119281,-0.4144556004615526,-0.5939997433072386,0.09480465745091668,-0.44098153366023735,0.0,-0.8930772127243898,-0.5664572772702333,-0.7965695658503499
750,0.970780353846232,0.3081506330823264,-1.0234775783485959,0.5463872817193415,-0.41702107268800304,-0.4025827683447917,0.5871796075598562,0.5059626729002302,0.40683742795524463,-0.651135495119281,-0.4144556004615526,0.026253907327703448,0.45331738878111777,-0.44098153366023735,0.0,-0.8930772127243898,-0.5664572772702333,-0.41632529460566275
751,0.017095316722317847,-0.06568716868301484,-1.0234775783485959,0.5463872817193415,-0.41702107268800304,-0.4025827683447917,0.5871796075598562,0.5059626729002302,0.40683742795524463,-0.651135495119281,-0.4144556004615526,-0.8889042857710134,-0.7949425409727007,-0.44098153366023735,0.0,0.6882113771853678,-0.5664572772702333,-0.03608102336097565
752,0.37083974648073253,-0.14534470056105725,-1.0234775783485959,0.5463872817193415,-0.41702107268800304,-0.4025827683447917,0.5871796075598562,0.5059626729002302,0.40683742795524463,-0.651135495119281,-0.4144556004615526,0.2978421697107549,0.017845283564640664,-0.44098153366023735,0.0,2.2694999670951255,-0.5664572772702333,0.34416324788371144
753,1.137132900776744,-0.06368381452490018,-1.0234775783485959,0.5463872817193415,-0.41702107268800304,-0.4025827683447917,0.5871796075598562,0.5059626729002302,0.40683742795524463,-0.651135495119281,-0.4144556004615526,0.10650947137670032,-0.24237496456170773,-0.44098153366023735,0.0,-0.8930772127243898,-0.5664572772702333,0.7244075191283986
754,0.30486590107301353,-0.37833702337374914,-1.0234775783485959,0.5463872817193415,-0.41702107268800304,-0.4025827683447917,0.5871796075598562,0.5059626729002302,0.40683742795524463,-0.651135495119281,-0.4144556004615526,-0.3061074850766962,0.3628792030777206,-0.44098153366023735,0.0,-0.8930772127243898,1.1921382551160753,1.1046517903730857
755,-0.6901638775236811,0.27860674481005704,-1.0234775783485959,0.5463872817193415,-0.41702107268800304,-0.4025827683447917,0.5871796075598562,0.5059626729002302,0.40683742795524463,-0.651135495119281,-0.4144556004615526,-0.6031174528313423,-0.23831584905162279,-0.44098153366023735,0.0,-0.8930772127243898,-0.5664572772702333,1.4848960616177729
756,-1.636524589597412,-1.2679752178411594,-1.0234775783485959,0.5463872817193415,-0.41702107268800304,-0.4025827683447917,0.5871796075598562,0.5059626729002302,0.40683742795524463,-0.651135495119281,-0.4144556004615526,-1.601437044884639,-1.7117292734332294,-0.44098153366023735,0.0,-0.8930772127243898,-0.5664572772702333,1.8651403328624598
757,-0.8536955358016,-0.5269948388017224,-1.0234775783485959,0.5463872817193415,-0.41702107268800304,-0.4025827683447917,0.5871796075598562,0.5059626729002302,0.40683742795524463,-0.651135495119281,-0.4144556004615526,-0.7627875708269223,-1.520641405160258,-0.44098153366023735,0.0,-0.8930772127243898,-0.5664572772702333,2.245384604107147
758,-0.12468803895260275,1.0118120244403062,-1.229618695353891,-0.6323708256491528,-0.41702107268800304,1.3540460430868244,2.0416942474804363,0.0540296333885314,0.40683742795524463,-0.651135495119281,-0.4144556004615526,-0.6774395456060658,-1.134388350792525,-0.44098153366023735,0.0,-0.8930772127243898,-0.5664572772702333,-1.176813837095037
759,1.0718031166720068,2.2017746047074485,-1.229618695353891,-0.6323708256491528,-0.41702107268800304,1.3540460430868244,2.0416942474804363,0.0540296333885314,0.40683742795524463,-0.651135495119281,-0.4144556004615526,-0.15083381989235725,0.6422664854288203,-0.44098153366023735,0.0,-0.8930772127243898,-0.5664572772702333,-0.7965695658503499
760,0.970780353846232,0.3081506330823264,-1.229618695353891,-0.6323708256491528,-0.41702107268800304,1.3540460430868244,2.0416942474804363,0.0540296333885314,0.40683742795524463,-0.651135495119281,-0.4144556004615526,-0.29546435722890324,0.7209823823945722,-0.44098153366023735,0.0,-0.8930772127243898,-0.5664572772702333,-0.41632529460566275
761,0.017095316722317847,-0.06568716868301484,-1.229618695353891,-0.6323708256491528,-0.41702107268800304,1.3540460430868244,2.0416942474804363,0.0540296333885314,0.40683742795524463,-0.651135495119281,-0.4144556004615526,-0.9159848110687492,-0.06100713073889485,-0.44098153366023735,0.0,-0.8930772127243898,-0.5664572772702333,-0.03608102336097565
762,0.37083974648073253,-0.14534470056105725,-1.229618695353891,-0.6323708256491528,-0.41702107268800304,1.3540460430868244,2.0416942474804363,0.0540296333885314,0.40683742795524463,-0.651135495119281,-0.4144556004615526,-0.9156136066097524,0.6363507341248849,-0.44098153366023735,0.0,-0.8930772127243898,-0.5664572772702333,0.34416324788371144
763,1.137132900776744,-0.06368381452490018,-1.229618695353891,-0.6323708256491528,-0.41702107268800304,1.3540460430868244,2.0416942474804363,0.0540296333885314,0.40683742795524463,-0.651135495119281,-0.4144556004615526,-1.0146961968134827,1.2957021721498414,-0.44098153366023735,0.0,-0.8930772127243898,1.1921382551160753,0.7244075191283986
764,-1.061677409431791,-0.7794919368564295,-1.229618695353891,-0.6323708256491528,-0.41702107268800304,1.3540460430868244,2.0416942474804363,0.0540296333885314,0.40683742795524463,-0.651135495119281,-0.4144556004615526,-1.1989296098692277,0.5990450962866818,-0.44098153366023735,0.0,-0.8930772127243898,-0.5664572772702333,1.1046517903730857
765,0.14607233718679458,-0.2822430505032949,-1.229618695353891,-0.6323708256491528,-0.41702107268800304,1.3540460430868244,2.0416942474804363,0.0540296333885314,0.40683742795524463,-0.651135495119281,-0.4144556004615526,-1.2528006569811077,-0.32164603203444453,-0.44098153366023735,0.0,-0.8930772127243898,-0.5664572772702333,1.4848960616177729
766,-0.6901638775236811,0.27860674481005704,-1.229618695353891,-0.6323708256491528,-0.41702107268800304,1.3540460430868244,2.0416942474804363,0.0540296333885314,0.40683742795524463,-0.651135495119281,-0.4144556004615526,-1.6864759263919873,-1.102507001842238,-0.44098153366023735,0.0,-0.8930772127243898,-0.5664572772702333,1.8651403328624598
767,-0.8536955358016,-0.5269948388017224,-1.229618695353891,-0.6323708256491528,-0.41702107268800304,1.3540460430868244,2.0416942474804363,0.0540296333885314,0.40683742795524463,-0.651135495119281,-0.4144556004615526,-0.7587507223353342,-0.7612045562285635,-0.44098153366023735,0.0,-0.8930772127243898,-0.5664572772702333,2.245384604107147
768,0.5138513120822684,-0.5216624909310531,1.037933591704355,0.15346791259651008,1.334328656870266,0.6271651555978798,0.5871796075598562,0.2799961531443808,-1.7618165702686994,-0.651135495119281,-0.4144556004615526,3.998495422841191,-0.08848352025671259,-0.44098153366023735,0.0,-0.8930772127243898,-0.5664572772702333,-1.176813837095037
769,0.37083974648073253,-0.14534470056105725,1.037933591704355,0.15346791259651008,1.334328656870266,0.6271651555978798,0.5871796075598562,0.2799961531443808,-1.7618165702686994,-0.651135495119281,-0.4144556004615526,1.0427393175931454,0.4290719095908337,-0.44098153366023735,0.0,0.6882113771853678,-0.5664572772702333,-0.7965695658503499
770,0.970780353846232,0.3081506330823264,1.037933591704355,0.15346791259651008,1.334328656870266,0.6271651555978798,0.5871796075598562,0.2799961531443808,-1.7618165702686994,-0.651135495119281,-0.4144556004615526,-0.9051154805037552,0.8792969884437408,-0.44098153366023735,0.0,-0.8930772127243898,-0.5664572772702333,-0.41632529460566275
771,0.30486590107301353,-0.37833702337374914,1.037933591704355,0.15346791259651008,1.334328656870266,0.6271651555978798,0.5871796075598562,0.2799961531443808,-1.7618165702686994,-0.651135495119281,-0.4144556004615526,-0.9488248055506036,-1.1742059076459375,-0.44098153366023735,0.0,-0.8930772127243898,1.1921382551160753,-0.03608102336097565
772,1.137132900776744,-0.06368381452490018,1.037933591704355,0.15346791259651008,1.334328656870266,0.6271651555978798,0.5871796075598562,0.2799961531443808,-1.7618165702686994,-0.651135495119281,-0.4144556004615526,1.5421891171033848,1.1955985589313987,-0.44098153366023735,0.0,0.6882113771853678,-0.5664572772702333,0.34416324788371144
773,0.017095316722317847,-0.06568716868301484,1.037933591704355,0.15346791259651008,1.334328656870266,0.6271651555978798,0.5871796075598562,0.2799961531443808,-1.7618165702686994,-0.651135495119281,-0.4144556004615526,-1.5686910115314678,0.18435092988079693,-0.44098153366023735,0.0,-0.8930772127243898,-0.5664572772702333,0.7244075191283986
774,-0.6901638775236811,0.27860674481005704,1.037933591704355,0.15346791259651008,1.334328656870266,0.6271651555978798,0.5871796075598562,0.2799961531443808,-1.7618165702686994,-0.651135495119281,-0.4144556004615526,-1.6598536065983256,-0.9077513677608262,-0.44098153366023735,0.0,-0.8930772127243898,-0.5664572772702333,1.1046517903730857
775,-1.061677409431791,-0.7794919368564295,1.037933591704355,0.15346791259651008,1.334328656870266,0.6271651555978798,0.5871796075598562,0.2799961531443808,-1.7618165702686994,-0.651135495119281,-0.4144556004615526,-1.506944049812221,-1.1360811657810357,-0.44098153366023735,0.0,-0.8930772127243898,-0.5664572772702333,1.4848960616177729
776,-1.636524589597412,-1.2679752178411594,1.037933591704355,0.15346791259651008,1.334328656870266,0.6271651555978798,0.5871796075598562,0.2799961531443808,-1.7618165702686994,-0.651135495119281,-0.4144556004615526,-1.4606113532528076,-1.9704569319998158,-0.44098153366023735,0.0,-0.8930772127243898,-0.5664572772702333,1.8651403328624598
777,-0.8536955358016,-0.5269948388017224,1.037933591704355,0.15346791259651008,1.334328656870266,0.6271651555978798,0.5871796075598562,0.2799961531443808,-1.7618165702686994,-0.651135495119281,-0.4144556004615526,-1.013518782670103,-2.010994390281138,-0.44098153366023735,0.0,-0.8930772127243898,1.1921382551160753,2.245384604107147
778,-1.6452618553355312,-1.7837234786506384,1.037933591704355,0.15346791259651008,1.334328656870266,0.6271651555978798,0.5871796075598562,0.2799961531443808,-1.7618165702686994,-0.651135495119281,-0.4144556004615526,-1.601437044884639,-0.874368328094925,-0.44098153366023735,0.0,-0.8930772127243898,-0.5664572772702333,2.625628875351834
779,0.5138513120822684,-0.5216624909310531,0.6256513576937649,0.5463872817193415,0.7505454136841763,1.0511790066330975,1.3144369275201464,0.957895712411929,0.40683742795524463,-0.651135495119281,-0.4144556004615526,3.998495422841191,-0.09775759807011321,-0.44098153366023735,0.0,2.2694999670951255,2.950733787502384,-1.176813837095037
780,0.37083974648073253,-0.14534470056105725,0.6256513576937649,0.5463872817193415,0.7505454136841763,1.0511790066330975,1.3144369275201464,0.957895712411929,0.40683742795524463,-0.651135495119281,-0.4144556004615526,1.0427393175931454,0.6363507341248849,-0.44098153366023735,0.0,0.6882113771853678,2.950733787502384,-0.7965695658503499
781,1.137132900776744,-0.06368381452490018,0.6256513576937649,0.5463872817193415,0.7505454136841763,1.0511790066330975,1.3144369275201464,0.957895712411929,0.40683742795524463,-0.651135495119281,-0.4144556004615526,1.5421891171033848,1.2957021721498414,-0.44098153366023735,0.0,0.6882113771853678,1.1921382551160753,-0.41632529460566275
782,0.5138513120822684,-0.5216624909310531,0.83179247469906,-0.6323708256491528,0.16676217049808661,0.5665917483071344,-0.030989114406390354,0.5059626729002302,0.40683742795524463,-0.651135495119281,-0.4144556004615526,-1.3406021116731446,-0.08848352025671259,-0.44098153366023735,0.0,-0.8930772127243898,-0.5664572772702333,-1.176813837095037
783,0.37083974648073253,-0.14534470056105725,0.83179247469906,-0.6323708256491528,0.16676217049808661,0.5665917483071344,-0.030989114406390354,0.5059626729002302,0.40683742795524463,-0.651135495119281,-0.4144556004615526,-0.9121915655033778,0.4290719095908337,-0.44098153366023735,0.0,-0.8930772127243898,-0.5664572772702333,-0.7965695658503499
784,0.970780353846232,0.3081506330823264,0.83179247469906,-0.6323708256491528,0.16676217049808661,0.5665917483071344,-0.030989114406390354,0.5059626729002302,0.40683742795524463,-0.651135495119281,-0.4144556004615526,0.6762329150307314,0.8792969884437408,-0.44098153366023735,0.0,0.6882113771853678,1.1921382551160753,-0.41632529460566275
785,0.30486590107301353,-0.37833702337374914,0.83179247469906,-0.6323708256491528,0.16676217049808661,0.5665917483071344,-0.030989114406390354,0.5059626729002302,0.40683742795524463,-0.651135495119281,-0.4144556004615526,-1.2317754044207538,-1.1742059076459375,-0.44098153366023735,0.0,-0.8930772127243898,-0.5664572772702333,-0.03608102336097565
786,0.017095316722317847,-0.06568716868301484,0.83179247469906,-0.6323708256491528,0.16676217049808661,0.5665917483071344,-0.030989114406390354,0.5059626729002302,0.40683742795524463,-0.651135495119281,-0.4144556004615526,-1.0406631087342286,0.18435092988079693,-0.44098153366023735,0.0,-0.8930772127243898,-0.5664572772702333,0.34416324788371144
787,1.137132900776744,-0.06368381452490018,0.83179247469906,-0.6323708256491528,0.16676217049808661,0.5665917483071344,-0.030989114406390354,0.5059626729002302,0.40683742795524463,-0.651135495119281,-0.4144556004615526,-0.7947459547186597,1.1955985589313987,-0.44098153366023735,0.0,-0.8930772127243898,2.950733787502384,0.7244075191283986
788,-1.061677409431791,-0.7794919368564295,0.83179247469906,-0.6323708256491528,0.16676217049808661,0.5665917483071344,-0.030989114406390354,0.5059626729002302,0.40683742795524463,-0.651135495119281,-0.4144556004615526,-0.649384608603464,-1.1360811657810357,-0.44098153366023735,0.0,-0.8930772127243898,-0.5664572772702333,1.1046517903730857
789,-0.6901638775236811,0.27860674481005704,0.83179247469906,-0.6323708256491528,0.16676217049808661,0.5665917483071344,-0.030989114406390354,0.5059626729002302,0.40683742795524463,-0.651135495119281,-0.4144556004615526,-0.2698802499064978,-0.9077513677608262,-0.44098153366023735,0.0,-0.8930772127243898,1.1921382551160753,1.4848960616177729
790,-1.2127971576383016,-1.7837234786506384,0.83179247469906,-0.6323708256491528,0.16676217049808661,0.5665917483071344,-0.030989114406390354,0.5059626729002302,0.40683742795524463,-0.651135495119281,-0.4144556004615526,-0.7968397798701875,-1.330727585992221,-0.44098153366023735,0.0,-0.8930772127243898,-0.5664572772702333,1.8651403328624598
791,0.5138513120822684,-0.5216624909310531,0.83179247469906,1.0702797738831167,-0.41702107268800304,0.20315130456266212,-0.5764321043766079,0.2799961531443808,0.40683742795524463,1.5357786628062884,-0.4144556004615526,-1.3406021116731446,-0.09775759807011321,-0.44098153366023735,0.0,-0.8930772127243898,-0.5664572772702333,-1.176813837095037
792,0.37083974648073253,-0.14534470056105725,0.83179247469906,1.0702797738831167,-0.41702107268800304,0.20315130456266212,-0.5764321043766079,0.2799961531443808,0.40683742795524463,1.5357786628062884,-0.4144556004615526,-0.9121915655033778,0.6363507341248849,-0.44098153366023735,0.0,-0.8930772127243898,-0.5664572772702333,-0.7965695658503499
793,0.970780353846232,0.3081506330823264,0.83179247469906,1.0702797738831167,-0.41702107268800304,0.20315130456266212,-0.5764321043766079,0.2799961531443808,0.40683742795524463,1.5357786628062884,-0.4144556004615526,0.6762329150307314,0.7209823823945722,-0.44098153366023735,0.0,-0.8930772127243898,-0.5664572772702333,-0.41632529460566275
794,0.30486590107301353,-0.37833702337374914,0.83179247469906,1.0702797738831167,-0.41702107268800304,0.20315130456266212,-0.5764321043766079,0.2799961531443808,0.40683742795524463,1.5357786628062884,-0.4144556004615526,-1.2317754044207538,-0.3963847238927816,-0.44098153366023735,0.0,-0.8930772127243898,1.1921382551160753,-0.03608102336097565
795,0.017095316722317847,-0.06568716868301484,0.83179247469906,1.0702797738831167,-0.41702107268800304,0.20315130456266212,-0.5764321043766079,0.2799961531443808,0.40683742795524463,1.5357786628062884,-0.4144556004615526,-1.0406631087342286,-0.06100713073889485,-0.44098153366023735,0.0,-0.8930772127243898,-0.5664572772702333,0.34416324788371144
796,1.137132900776744,-0.06368381452490018,0.83179247469906,1.0702797738831167,-0.41702107268800304,0.20315130456266212,-0.5764321043766079,0.2799961531443808,0.40683742795524463,1.5357786628062884,-0.4144556004615526,-0.7947459547186597,1.2957021721498414,-0.44098153366023735,0.0,-0.8930772127243898,-0.5664572772702333,0.7244075191283986
797,-1.061677409431791,-0.7794919368564295,0.83179247469906,1.0702797738831167,-0.41702107268800304,0.20315130456266212,-0.5764321043766079,0.2799961531443808,0.40683742795524463,1.5357786628062884,-0.4144556004615526,-0.649384608603464,0.5990450962866818,-0.44098153366023735,0.0,-0.8930772127243898,-0.5664572772702333,1.1046517903730857
798,-2.6298967840655036,-1.8003907894530935,0.83179247469906,1.0702797738831167,-0.41702107268800304,0.20315130456266212,-0.5764321043766079,0.2799961531443808,0.40683742795524463,1.5357786628062884,-0.4144556004615526,-1.6064384449626508,-2.1898157206965028,-0.44098153366023735,0.0,-0.8930772127243898,-0.5664572772702333,1.4848960616177729
799,-1.636524589597412,-1.2679752178411594,0.83179247469906,1.0702797738831167,-0.41702107268800304,0.20315130456266212,-0.5764321043766079,0.2799961531443808,0.40683742795524463,1.5357786628062884,-0.4144556004615526,-1.3584663262623555,-1.450762730527,-0.44098153366023735,0.0,-0.8930772127243898,-0.5664572772702333,1.8651403328624598
800,-1.9510811343395422,-1.7837234786506384,0.83179247469906,1.0702797738831167,-0.41702107268800304,0.20315130456266212,-0.5764321043766079,0.2799961531443808,0.40683742795524463,1.5357786628062884,-0.4144556004615526,-1.5156197940273322,-1.3417308834175412,-0.44098153366023735,0.0,-0.8930772127243898,-0.5664572772702333,2.245384604107147
801,-0.8536955358016,-0.5269948388017224,0.83179247469906,1.0702797738831167,-0.41702107268800304,0.20315130456266212,-0.5764321043766079,0.2799961531443808,0.40683742795524463,1.5357786628062884,-0.4144556004615526,-1.277218950299477,-0.7612045562285635,-0.44098153366023735,0.0,-0.8930772127243898,-0.5664572772702333,2.625628875351834
802,0.5138513120822684,-0.5216624909310531,0.83179247469906,0.15346791259651008,-0.41702107268800304,0.14257789727191675,0.7326310715519142,0.7319291926560796,0.40683742795524463,-0.651135495119281,-0.4144556004615526,-1.3406021116731446,-0.09775759807011321,-0.44098153366023735,0.0,-0.8930772127243898,-0.5664572772702333,-1.176813837095037
803,0.37083974648073253,-0.14534470056105725,0.83179247469906,0.15346791259651008,-0.41702107268800304,0.14257789727191675,0.7326310715519142,0.7319291926560796,0.40683742795524463,-0.651135495119281,-0.4144556004615526,-0.9121915655033778,0.6363507341248849,-0.44098153366023735,0.0,-0.8930772127243898,1.1921382551160753,-0.7965695658503499
804,0.970780353846232,0.3081506330823264,0.83179247469906,0.15346791259651008,-0.41702107268800304,0.14257789727191675,0.7326310715519142,0.7319291926560796,0.40683742795524463,-0.651135495119281,-0.4144556004615526,0.6762329150307314,0.7209823823945722,-0.44098153366023735,0.0,0.6882113771853678,1.1921382551160753,-0.41632529460566275
805,0.017095316722317847,-0.06568716868301484,0.83179247469906,0.15346791259651008,-0.41702107268800304,0.14257789727191675,0.7326310715519142,0.7319291926560796,0.40683742795524463,-0.651135495119281,-0.4144556004615526,-1.0406631087342286,-0.06100713073889485,-0.44098153366023735,0.0,0.6882113771853678,-0.5664572772702333,-0.03608102336097565
806,1.137132900776744,-0.06368381452490018,0.83179247469906,0.15346791259651008,-0.41702107268800304,0.14257789727191675,0.7326310715519142,0.7319291926560796,0.40683742795524463,-0.651135495119281,-0.4144556004615526,-0.7947459547186597,1.2957021721498414,-0.44098153366023735,0.0,-0.8930772127243898,-0.5664572772702333,0.34416324788371144
807,-0.12468803895260275,1.0118120244403062,0.83179247469906,0.15346791259651008,-0.41702107268800304,0.14257789727191675,0.7326310715519142,0.7319291926560796,0.40683742795524463,-0.651135495119281,-0.4144556004615526,-1.513855992840131,-1.134388350792525,-0.44098153366023735,0.0,-0.8930772127243898,-0.5664572772702333,0.7244075191283986
808,0.30486590107301353,-0.37833702337374914,0.83179247469906,0.15346791259651008,-0.41702107268800304,0.14257789727191675,0.7326310715519142,0.7319291926560796,0.40683742795524463,-0.651135495119281,-0.4144556004615526,-1.2317754044207538,-0.3963847238927816,-0.44098153366023735,0.0,-0.8930772127243898,-0.5664572772702333,1.1046517903730857
809,-1.636524589597412,-1.2679752178411594,0.83179247469906,0.15346791259651008,-0.41702107268800304,0.14257789727191675,0.7326310715519142,0.7319291926560796,0.40683742795524463,-0.651135495119281,-0.4144556004615526,-1.3584663262623555,-1.450762730527,-0.44098153366023735,0.0,-0.8930772127243898,-0.5664572772702333,1.4848960616177729
810,-1.9510811343395422,-1.7837234786506384,0.83179247469906,0.15346791259651008,-0.41702107268800304,0.14257789727191675,0.7326310715519142,0.7319291926560796,0.40683742795524463,-0.651135495119281,-0.4144556004615526,-1.5156197940273322,-1.3417308834175412,-0.44098153366023735,0.0,-0.8930772127243898,-0.5664572772702333,1.8651403328624598
811,-0.8536955358016,-0.5269948388017224,0.83179247469906,0.15346791259651008,-0.41702107268800304,0.14257789727191675,0.7326310715519142,0.7319291926560796,0.40683742795524463,-0.651135495119281,-0.4144556004615526,-1.277218950299477,-0.7612045562285635,-0.44098153366023735,0.0,-0.8930772127243898,-0.5664572772702333,2.245384604107147
812,-1.4511497669741948,-1.8003907894530935,0.83179247469906,0.15346791259651008,-0.41702107268800304,0.14257789727191675,0.7326310715519142,0.7319291926560796,0.40683742795524463,-0.651135495119281,-0.4144556004615526,-1.8032214687673163,-2.1279160293988766,-0.44098153366023735,0.0,-0.8930772127243898,-0.5664572772702333,2.625628875351834
813,0.5138513120822684,-0.5216624909310531,0.6256513576937649,0.2844410356374539,-0.41702107268800304,0.8088853774701159,0.18718808158169664,-1.0758029653907155,0.40683742795524463,-0.651135495119281,-0.4144556004615526,-0.23911668036715542,-0.27826082208696634,-0.44098153366023735,0.0,0.6882113771853678,-0.5664572772702333,-1.176813837095037
814,1.0718031166720068,2.2017746047074485,0.6256513576937649,0.2844410356374539,-0.41702107268800304,0.8088853774701159,0.18718808158169664,-1.0758029653907155,0.40683742795524463,-0.651135495119281,-0.4144556004615526,0.3956545446563562,0.2658335782256204,-0.44098153366023735,0.0,-0.8930772127243898,-0.5664572772702333,-0.7965695658503499
815,0.970780353846232,0.3081506330823264,0.6256513576937649,0.2844410356374539,-0.41702107268800304,0.8088853774701159,0.18718808158169664,-1.0758029653907155,0.40683742795524463,-0.651135495119281,-0.4144556004615526,1.235765636271372,0.8584644426980357,-0.44098153366023735,0.0,2.2694999670951255,2.950733787502384,-0.41632529460566275
816,0.37083974648073253,-0.14534470056105725,0.6256513576937649,0.2844410356374539,-0.41702107268800304,0.8088853774701159,0.18718808158169664,-1.0758029653907155,0.40683742795524463,-0.651135495119281,-0.4144556004615526,-0.12604432211499134,-1.151807963093652,-0.44098153366023735,0.0,0.6882113771853678,-0.5664572772702333,-0.03608102336097565
817,0.017095316722317847,-0.06568716868301484,0.6256513576937649,0.2844410356374539,-0.41702107268800304,0.8088853774701159,0.18718808158169664,-1.0758029653907155,0.40683742795524463,-0.651135495119281,-0.4144556004615526,0.20903730296549256,-0.4019819347418898,-0.44098153366023735,0.0,-0.8930772127243898,-0.5664572772702333,0.34416324788371144
818,0.14607233718679458,-0.2822430505032949,0.6256513576937649,0.2844410356374539,-0.41702107268800304,0.8088853774701159,0.18718808158169664,-1.0758029653907155,0.40683742795524463,-0.651135495119281,-0.4144556004615526,-0.3797567697694883,0.07950561446335379,-0.44098153366023735,0.0,-0.8930772127243898,1.1921382551160753,0.7244075191283986
819,0.30486590107301353,-0.37833702337374914,0.6256513576937649,0.2844410356374539,-0.41702107268800304,0.8088853774701159,0.18718808158169664,-1.0758029653907155,0.40683742795524463,-0.651135495119281,-0.4144556004615526,0.2718346573023064,-0.2636170623207626,-0.44098153366023735,0.0,-0.8930772127243898,-0.5664572772702333,1.1046517903730857
820,0.5138513120822684,-0.5216624909310531,0.83179247469906,0.4154141586783977,0.7505454136841763,0.38487152643489825,-0.10371484640241935,-1.0758029653907155,0.40683742795524463,-0.651135495119281,-0.4144556004615526,-0.23911668036715542,-0.27826082208696634,-0.44098153366023735,0.0,-0.8930772127243898,-0.5664572772702333,-1.176813837095037
821,1.0718031166720068,2.2017746047074485,0.83179247469906,0.4154141586783977,0.7505454136841763,0.38487152643489825,-0.10371484640241935,-1.0758029653907155,0.40683742795524463,-0.651135495119281,-0.4144556004615526,0.3956545446563562,0.2658335782256204,-0.44098153366023735,0.0,-0.8930772127243898,-0.5664572772702333,-0.7965695658503499
822,0.970780353846232,0.3081506330823264,0.83179247469906,0.4154141586783977,0.7505454136841763,0.38487152643489825,-0.10371484640241935,-1.0758029653907155,0.40683742795524463,-0.651135495119281,-0.4144556004615526,1.235765636271372,0.8584644426980357,-0.44098153366023735,0.0,0.6882113771853678,-0.5664572772702333,-0.41632529460566275
823,0.37083974648073253,-0.14534470056105725,0.83179247469906,0.4154141586783977,0.7505454136841763,0.38487152643489825,-0.10371484640241935,-1.0758029653907155,0.40683742795524463,-0.651135495119281,-0.4144556004615526,-0.12604432211499134,-1.151807963093652,-0.44098153366023735,0.0,-0.8930772127243898,-0.5664572772702333,-0.03608102336097565
824,0.017095316722317847,-0.06568716868301484,0.83179247469906,0.4154141586783977,0.7505454136841763,0.38487152643489825,-0.10371484640241935,-1.0758029653907155,0.40683742795524463,-0.651135495119281,-0.4144556004615526,0.20903730296549256,-0.4019819347418898,-0.44098153366023735,0.0,-0.8930772127243898,-0.5664572772702333,0.34416324788371144
825,0.30486590107301353,-0.37833702337374914,0.83179247469906,0.4154141586783977,0.7505454136841763,0.38487152643489825,-0.10371484640241935,-1.0758029653907155,0.40683742795524463,-0.651135495119281,-0.4144556004615526,0.2718346573023064,-0.2636170623207626,-0.44098153366023735,0.0,0.6882113771853678,-0.5664572772702333,0.7244075191283986
826,-2.6298967840655036,-1.8003907894530935,0.83179247469906,0.4154141586783977,0.7505454136841763,0.38487152643489825,-0.10371484640241935,-1.0758029653907155,0.40683742795524463,-0.651135495119281,-0.4144556004615526,-1.3249593237682415,-1.7541042550811126,-0.44098153366023735,0.0,-0.8930772127243898,-0.5664572772702333,1.1046517903730857
827,0.14607233718679458,-0.2822430505032949,0.83179247469906,0.4154141586783977,0.7505454136841763,0.38487152643489825,-0.10371484640241935,-1.0758029653907155,0.40683742795524463,-0.651135495119281,-0.4144556004615526,-0.3797567697694883,0.07950561446335379,-0.44098153366023735,0.0,-0.8930772127243898,-0.5664572772702333,1.4848960616177729
828,-1.636524589597412,-1.2679752178411594,0.83179247469906,0.4154141586783977,0.7505454136841763,0.38487152643489825,-0.10371484640241935,-1.0758029653907155,0.40683742795524463,-0.651135495119281,-0.4144556004615526,-0.4175964243084532,-1.2191747187117001,-0.44098153366023735,0.0,-0.8930772127243898,-0.5664572772702333,1.8651403328624598
829,-1.9510811343395422,-1.7837234786506384,0.83179247469906,0.4154141586783977,0.7505454136841763,0.38487152643489825,-0.10371484640241935,-1.0758029653907155,0.40683742795524463,-0.651135495119281,-0.4144556004615526,-1.4600533865503784,-1.3233010428168186,-0.44098153366023735,0.0,-0.8930772127243898,-0.5664572772702333,2.245384604107147
830,-0.8536955358016,-0.5269948388017224,0.83179247469906,0.4154141586783977,0.7505454136841763,0.38487152643489825,-0.10371484640241935,-1.0758029653907155,0.40683742795524463,-0.651135495119281,-0.4144556004615526,-1.036289856201675,-1.807655456115508,-0.44098153366023735,0.0,-0.8930772127243898,-0.5664572772702333,2.625628875351834
831,0.5138513120822684,-0.5216624909310531,-0.4050542273327106,-0.23945145652632133,-0.41702107268800304,0.5665917483071344,-0.43098064038454986,-0.6238699258790168,0.40683742795524463,1.5357786628062884,2.412803684849147,-0.1603111337361137,-0.27826082208696634,-0.44098153366023735,0.0,-0.8930772127243898,-0.5664572772702333,-1.176813837095037
832,1.0718031166720068,2.2017746047074485,-0.4050542273327106,-0.23945145652632133,-0.41702107268800304,0.5665917483071344,-0.43098064038454986,-0.6238699258790168,0.40683742795524463,1.5357786628062884,2.412803684849147,1.1539440534109828,0.2658335782256204,-0.44098153366023735,0.0,-0.8930772127243898,-0.5664572772702333,-0.7965695658503499
833,0.970780353846232,0.3081506330823264,-0.4050542273327106,-0.23945145652632133,-0.41702107268800304,0.5665917483071344,-0.43098064038454986,-0.6238699258790168,0.40683742795524463,1.5357786628062884,2.412803684849147,0.0161675861684053,0.8584644426980357,-0.44098153366023735,0.0,-0.8930772127243898,-0.5664572772702333,-0.41632529460566275
834,0.37083974648073253,-0.14534470056105725,-0.4050542273327106,-0.23945145652632133,-0.41702107268800304,0.5665917483071344,-0.43098064038454986,-0.6238699258790168,0.40683742795524463,1.5357786628062884,2.412803684849147,-0.6578295100456366,-1.151807963093652,-0.44098153366023735,0.0,-0.8930772127243898,-0.5664572772702333,-0.03608102336097565
835,0.30486590107301353,-0.37833702337374914,-0.4050542273327106,-0.23945145652632133,-0.41702107268800304,0.5665917483071344,-0.43098064038454986,-0.6238699258790168,0.40683742795524463,1.5357786628062884,2.412803684849147,-0.6036336590321345,-0.2636170623207626,-0.44098153366023735,0.0,0.6882113771853678,-0.5664572772702333,0.34416324788371144
836,1.137132900776744,-0.06368381452490018,-0.4050542273327106,-0.23945145652632133,-0.41702107268800304,0.5665917483071344,-0.43098064038454986,-0.6238699258790168,0.40683742795524463,1.5357786628062884,2.412803684849147,-0.580584182156315,-0.0016584934266425009,-0.44098153366023735,0.0,-0.8930772127243898,-0.5664572772702333,0.7244075191283986
837,-2.6298967840655036,-1.8003907894530935,-0.4050542273327106,-0.23945145652632133,-0.41702107268800304,0.5665917483071344,-0.43098064038454986,-0.6238699258790168,0.40683742795524463,1.5357786628062884,2.412803684849147,-1.8032214687673163,-1.4402235920501425,-0.44098153366023735,0.0,-0.8930772127243898,-0.5664572772702333,1.1046517903730857
838,0.14607233718679458,-0.2822430505032949,-0.4050542273327106,-0.23945145652632133,-0.41702107268800304,0.5665917483071344,-0.43098064038454986,-0.6238699258790168,0.40683742795524463,1.5357786628062884,2.412803684849147,-0.15825210900261702,0.07950561446335379,-0.44098153366023735,0.0,0.6882113771853678,2.950733787502384,1.4848960616177729
839,-1.636524589597412,-1.2679752178411594,-0.4050542273327106,-0.23945145652632133,-0.41702107268800304,0.5665917483071344,-0.43098064038454986,-0.6238699258790168,0.40683742795524463,1.5357786628062884,2.412803684849147,-1.511432723731244,-1.2191747187117001,-0.44098153366023735,0.0,-0.8930772127243898,-0.5664572772702333,1.8651403328624598
840,-0.8536955358016,-0.5269948388017224,-0.4050542273327106,-0.23945145652632133,-0.41702107268800304,0.5665917483071344,-0.43098064038454986,-0.6238699258790168,0.40683742795524463,1.5357786628062884,2.412803684849147,-0.7668708198758847,-1.807655456115508,-0.44098153366023735,0.0,-0.8930772127243898,-0.5664572772702333,2.245384604107147
841,-1.6452618553355312,-1.7837234786506384,-0.4050542273327106,-0.23945145652632133,-0.41702107268800304,0.5665917483071344,-0.43098064038454986,-0.6238699258790168,0.40683742795524463,1.5357786628062884,2.412803684849147,-1.8712151055231148,-2.4931617958285415,-0.44098153366023735,0.0,-0.8930772127243898,-0.5664572772702333,2.625628875351834
842,1.0718031166720068,2.2017746047074485,-0.19891311032741552,-0.6323708256491528,0.16676217049808661,1.1117524139238428,-0.35825490838852087,0.0540296333885314,0.40683742795524463,1.5357786628062884,2.412803684849147,1.1539440534109828,0.2658335782256204,-0.44098153366023735,0.0,2.2694999670951255,-0.5664572772702333,-1.176813837095037
843,0.37083974648073253,-0.14534470056105725,-0.19891311032741552,-0.6323708256491528,0.16676217049808661,1.1117524139238428,-0.35825490838852087,0.0540296333885314,0.40683742795524463,1.5357786628062884,2.412803684849147,-0.6578295100456366,-1.151807963093652,-0.44098153366023735,0.0,-0.8930772127243898,-0.5664572772702333,-0.7965695658503499
844,0.970780353846232,0.3081506330823264,-0.19891311032741552,-0.6323708256491528,0.16676217049808661,1.1117524139238428,-0.35825490838852087,0.0540296333885314,0.40683742795524463,1.5357786628062884,2.412803684849147,0.0161675861684053,0.8584644426980357,-0.44098153366023735,0.0,0.6882113771853678,2.950733787502384,-0.41632529460566275
845,0.017095316722317847,-0.06568716868301484,-0.19891311032741552,-0.6323708256491528,0.16676217049808661,1.1117524139238428,-0.35825490838852087,0.0540296333885314,0.40683742795524463,1.5357786628062884,2.412803684849147,0.08774044591868531,-0.4019819347418898,-0.44098153366023735,0.0,-0.8930772127243898,-0.5664572772702333,-0.03608102336097565
846,1.0718031166720068,2.2017746047074485,0.6256513576937649,0.5463872817193415,0.16676217049808661,0.6271651555978798,-0.06735198040440485,-1.301769485146565,0.40683742795524463,-0.651135495119281,-0.4144556004615526,0.3956545446563562,0.2658335782256204,-0.44098153366023735,0.0,2.2694999670951255,-0.5664572772702333,-1.176813837095037
847,-0.12468803895260275,1.0118120244403062,0.6256513576937649,0.5463872817193415,0.16676217049808661,0.6271651555978798,-0.06735198040440485,-1.301769485146565,0.40683742795524463,-0.651135495119281,-0.4144556004615526,0.022889866918046866,-0.07014469121451233,-0.44098153366023735,0.0,-0.8930772127243898,-0.5664572772702333,-0.7965695658503499
848,0.017095316722317847,-0.06568716868301484,0.6256513576937649,0.5463872817193415,0.16676217049808661,0.6271651555978798,-0.06735198040440485,-1.301769485146565,0.40683742795524463,-0.651135495119281,-0.4144556004615526,0.20903730296549256,-0.4019819347418898,-0.44098153366023735,0.0,0.6882113771853678,1.1921382551160753,-0.41632529460566275
849,0.970780353846232,0.3081506330823264,0.6256513576937649,0.5463872817193415,0.16676217049808661,0.6271651555978798,-0.06735198040440485,-1.301769485146565,0.40683742795524463,-0.651135495119281,-0.4144556004615526,1.235765636271372,0.8584644426980357,-0.44098153366023735,0.0,2.2694999670951255,-0.5664572772702333,-0.03608102336097565
850,1.137132900776744,-0.06368381452490018,0.6256513576937649,0.5463872817193415,0.16676217049808661,0.6271651555978798,-0.06735198040440485,-1.301769485146565,0.40683742795524463,-0.651135495119281,-0.4144556004615526,0.5377678517553318,-0.0016584934266425009,-0.44098153366023735,0.0,-0.8930772127243898,1.1921382551160753,0.34416324788371144
851,0.14607233718679458,-0.2822430505032949,0.6256513576937649,0.5463872817193415,0.16676217049808661,0.6271651555978798,-0.06735198040440485,-1.301769485146565,0.40683742795524463,-0.651135495119281,-0.4144556004615526,-0.3797567697694883,0.07950561446335379,-0.44098153366023735,0.0,-0.8930772127243898,-0.5664572772702333,0.7244075191283986
852,-1.297244079178044,-1.8003907894530935,0.4195102406884698,-1.4182095638948156,1.334328656870266,0.990605599342352,0.33263954557375464,-0.3979034061231674,-1.7618165702686994,-0.651135495119281,-0.4144556004615526,-1.7141207984687912,-1.1765267023882506,-0.24717387373364158,0.0,-0.8930772127243898,-0.5664572772702333,-1.176813837095037
853,1.0718031166720068,1.1196803576229506,0.4195102406884698,-1.4182095638948156,1.334328656870266,0.990605599342352,0.33263954557375464,-0.3979034061231674,-1.7618165702686994,-0.651135495119281,-0.4144556004615526,0.5739486863681554,0.8770399017923932,-0.24717387373364158,0.0,0.6882113771853678,-0.5664572772702333,-0.7965695658503499
854,0.970780353846232,1.725951926208944,0.4195102406884698,-1.4182095638948156,1.334328656870266,0.990605599342352,0.33263954557375464,-0.3979034061231674,-1.7618165702686994,-0.651135495119281,-0.4144556004615526,0.8758423127864758,0.8985823376945709,-0.24717387373364158,0.0,0.6882113771853678,2.950733787502384,-0.41632529460566275
855,0.37083974648073253,0.5304857075669069,0.4195102406884698,-1.4182095638948156,1.334328656870266,0.990605599342352,0.33263954557375464,-0.3979034061231674,-1.7618165702686994,-0.651135495119281,-0.4144556004615526,-0.06379217432732873,-0.04224054737164048,-0.24717387373364158,0.0,-0.8930772127243898,-0.5664572772702333,-0.03608102336097565
856,1.137132900776744,0.30559617034539954,0.4195102406884698,-1.4182095638948156,1.334328656870266,0.990605599342352,0.33263954557375464,-0.3979034061231674,-1.7618165702686994,-0.651135495119281,-0.4144556004615526,0.4486497812477911,-0.23387448499574498,-0.24717387373364158,0.0,0.6882113771853678,1.1921382551160753,0.34416324788371144
857,0.017095316722317847,-0.35739489737888597,0.4195102406884698,-1.4182095638948156,1.334328656870266,0.990605599342352,0.33263954557375464,-0.3979034061231674,-1.7618165702686994,-0.651135495119281,-0.4144556004615526,-0.582109600480004,-0.5989582508512405,-0.24717387373364158,0.0,-0.8930772127243898,-0.5664572772702333,0.7244075191283986
858,0.30486590107301353,-0.3452779560582453,0.4195102406884698,-1.4182095638948156,1.334328656870266,0.990605599342352,0.33263954557375464,-0.3979034061231674,-1.7618165702686994,-0.651135495119281,-0.4144556004615526,-0.7821888038791658,-1.3388549181682432,-0.24717387373364158,0.0,-0.8930772127243898,-0.5664572772702333,1.1046517903730857
859,-0.6901638775236811,0.055027952316535164,0.4195102406884698,-1.4182095638948156,1.334328656870266,0.990605599342352,0.33263954557375464,-0.3979034061231674,-1.7618165702686994,-0.651135495119281,-0.4144556004615526,-0.45623068839245756,-0.5810198726665375,-0.24717387373364158,0.0,-0.8930772127243898,-0.5664572772702333,1.4848960616177729
860,-0.8536955358016,-0.30118182234004315,0.4195102406884698,-1.4182095638948156,1.334328656870266,0.990605599342352,0.33263954557375464,-0.3979034061231674,-1.7618165702686994,-0.651135495119281,-0.4144556004615526,-1.3475389950006433,-1.6026155159211009,-0.24717387373364158,0.0,-0.8930772127243898,-0.5664572772702333,1.8651403328624598
861,-1.2127971576383016,-0.24706891783126853,0.4195102406884698,-1.4182095638948156,1.334328656870266,0.990605599342352,0.33263954557375464,-0.3979034061231674,-1.7618165702686994,-0.651135495119281,-0.4144556004615526,0.25869749949563015,-0.5496481884439746,-0.24717387373364158,0.0,-0.8930772127243898,1.1921382551160753,2.245384604107147
862,-1.636524589597412,-0.7241055246858049,0.4195102406884698,-1.4182095638948156,1.334328656870266,0.990605599342352,0.33263954557375464,-0.3979034061231674,-1.7618165702686994,-0.651135495119281,-0.4144556004615526,-1.547636758622755,-1.2089814241572263,-0.24717387373364158,0.0,-0.8930772127243898,-0.5664572772702333,2.625628875351834
863,-1.297244079178044,-1.8003907894530935,0.6256513576937649,-1.0252901947719841,4.253244872800714,0.6877385628886251,1.1689854635280883,-0.6238699258790168,-3.9304705684926433,-0.651135495119281,-0.4144556004615526,-1.7141207984687912,-1.1765267023882506,-0.24717387373364158,0.0,-0.8930772127243898,-0.5664572772702333,-1.176813837095037
864,1.0718031166720068,1.1196803576229506,0.6256513576937649,-1.0252901947719841,4.253244872800714,0.6877385628886251,1.1689854635280883,-0.6238699258790168,-3.9304705684926433,-0.651135495119281,-0.4144556004615526,0.5739486863681554,0.8770399017923932,-0.24717387373364158,0.0,0.6882113771853678,-0.5664572772702333,-0.7965695658503499
865,0.970780353846232,1.725951926208944,0.6256513576937649,-1.0252901947719841,4.253244872800714,0.6877385628886251,1.1689854635280883,-0.6238699258790168,-3.9304705684926433,-0.651135495119281,-0.4144556004615526,0.8758423127864758,0.8985823376945709,-0.24717387373364158,0.0,0.6882113771853678,-0.5664572772702333,-0.41632529460566275
866,0.37083974648073253,0.5304857075669069,1.037933591704355,-1.0252901947719841,-0.41702107268800304,0.20315130456266212,-0.43098064038454986,-0.3979034061231674,0.40683742795524463,-0.651135495119281,-0.4144556004615526,-0.03957688344747327,-0.04224054737164048,-0.24717387373364158,0.0,0.6882113771853678,-0.5664572772702333,-1.176813837095037
867,1.0718031166720068,1.1196803576229506,1.037933591704355,-1.0252901947719841,-0.41702107268800304,0.20315130456266212,-0.43098064038454986,-0.3979034061231674,0.40683742795524463,-0.651135495119281,-0.4144556004615526,0.2684126161959317,0.8770399017923932,-0.24717387373364158,0.0,0.6882113771853678,-0.5664572772702333,-0.7965695658503499
868,0.970780353846232,1.725951926208944,1.037933591704355,-1.0252901947719841,-0.41702107268800304,0.20315130456266212,-0.43098064038454986,-0.3979034061231674,0.40683742795524463,-0.651135495119281,-0.4144556004615526,-0.2771999378323368,0.8985823376945709,-0.24717387373364158,0.0,-0.8930772127243898,-0.5664572772702333,-0.41632529460566275
869,0.017095316722317847,-0.35739489737888597,1.037933591704355,-1.0252901947719841,-0.41702107268800304,0.20315130456266212,-0.43098064038454986,-0.3979034061231674,0.40683742795524463,-0.651135495119281,-0.4144556004615526,-0.5926019265163296,-0.5989582508512405,-0.24717387373364158,0.0,0.6882113771853678,-0.5664572772702333,-0.03608102336097565
870,1.137132900776744,0.30559617034539954,1.037933591704355,-1.0252901947719841,-0.41702107268800304,0.20315130456266212,-0.43098064038454986,-0.3979034061231674,0.40683742795524463,-0.651135495119281,-0.4144556004615526,-0.3836602166586243,-0.23387448499574498,-0.24717387373364158,0.0,-0.8930772127243898,-0.5664572772702333,0.34416324788371144
871,0.30486590107301353,-0.3452779560582453,1.037933591704355,-1.0252901947719841,-0.41702107268800304,0.20315130456266212,-0.43098064038454986,-0.3979034061231674,0.40683742795524463,-0.651135495119281,-0.4144556004615526,0.05098540440835128,-1.3388549181682432,-0.24717387373364158,0.0,-0.8930772127243898,-0.5664572772702333,0.7244075191283986
872,0.14607233718679458,0.4487503473984782,1.037933591704355,-1.0252901947719841,-0.41702107268800304,0.20315130456266212,-0.43098064038454986,-0.3979034061231674,0.40683742795524463,-0.651135495119281,-0.4144556004615526,-0.4568512958473425,-0.3217461447488189,-0.24717387373364158,0.0,-0.8930772127243898,-0.5664572772702333,1.1046517903730857
873,-0.6901638775236811,0.055027952316535164,1.037933591704355,-1.0252901947719841,-0.41702107268800304,0.20315130456266212,-0.43098064038454986,-0.3979034061231674,0.40683742795524463,-0.651135495119281,-0.4144556004615526,-0.6501850182181754,-0.5810198726665375,-0.24717387373364158,0.0,-0.8930772127243898,-0.5664572772702333,1.4848960616177729
874,-1.2127971576383016,-0.24706891783126853,1.037933591704355,-1.0252901947719841,-0.41702107268800304,0.20315130456266212,-0.43098064038454986,-0.3979034061231674,0.40683742795524463,-0.651135495119281,-0.4144556004615526,-0.13222139631548127,-0.5496481884439746,-0.24717387373364158,0.0,-0.8930772127243898,1.1921382551160753,1.8651403328624598
875,-1.636524589597412,-0.7241055246858049,1.037933591704355,-1.0252901947719841,-0.41702107268800304,0.20315130456266212,-0.43098064038454986,-0.3979034061231674,0.40683742795524463,-0.651135495119281,-0.4144556004615526,-0.1326564015408679,-1.2089814241572263,-0.24717387373364158,0.0,0.6882113771853678,-0.5664572772702333,2.245384604107147
876,-0.12468803895260275,-0.9109313329031357,0.007228006677879595,-0.37042457956726516,-0.41702107268800304,-1.3111838777059723,-0.7946093003646949,1.4098287519236279,0.40683742795524463,1.5357786628062884,2.412803684849147,-0.3396202876404821,0.18633498185657832,-0.24717387373364158,0.0,0.6882113771853678,1.1921382551160753,-1.176813837095037
877,1.0718031166720068,1.1196803576229506,0.007228006677879595,-0.37042457956726516,-0.41702107268800304,-1.3111838777059723,-0.7946093003646949,1.4098287519236279,0.40683742795524463,1.5357786628062884,2.412803684849147,-0.4013678293666959,0.2252242208130659,-0.24717387373364158,0.0,-0.8930772127243898,-0.5664572772702333,-0.7965695658503499
878,0.970780353846232,1.725951926208944,0.007228006677879595,-0.37042457956726516,-0.41702107268800304,-1.3111838777059723,-0.7946093003646949,1.4098287519236279,0.40683742795524463,1.5357786628062884,2.412803684849147,-0.4190696420050957,-0.03395849554613088,-0.24717387373364158,0.0,-0.8930772127243898,-0.5664572772702333,-0.41632529460566275
879,0.30486590107301353,-0.3452779560582453,0.007228006677879595,-0.37042457956726516,-0.41702107268800304,-1.3111838777059723,-0.7946093003646949,1.4098287519236279,0.40683742795524463,1.5357786628062884,2.412803684849147,-0.8207650672664522,-0.3210180522806423,-0.24717387373364158,0.0,-0.8930772127243898,2.950733787502384,-0.03608102336097565
880,0.017095316722317847,-0.35739489737888597,0.007228006677879595,-0.37042457956726516,-0.41702107268800304,-1.3111838777059723,-0.7946093003646949,1.4098287519236279,0.40683742795524463,1.5357786628062884,2.412803684849147,-0.5502788181210465,0.12124351520158215,-0.24717387373364158,0.0,-0.8930772127243898,-0.5664572772702333,0.34416324788371144
881,1.137132900776744,0.30559617034539954,0.007228006677879595,-0.37042457956726516,-0.41702107268800304,-1.3111838777059723,-0.7946093003646949,1.4098287519236279,0.40683742795524463,1.5357786628062884,2.412803684849147,-0.7388564833609857,0.6802365076442346,-0.24717387373364158,0.0,-0.8930772127243898,1.1921382551160753,0.7244075191283986
882,0.14607233718679458,0.4487503473984782,0.007228006677879595,-0.37042457956726516,-0.41702107268800304,-1.3111838777059723,-0.7946093003646949,1.4098287519236279,0.40683742795524463,1.5357786628062884,2.412803684849147,-1.2041322723648518,-0.6046373721030188,-0.24717387373364158,0.0,-0.8930772127243898,-0.5664572772702333,1.1046517903730857
883,-1.3858249755927365,-1.8003907894530935,0.007228006677879595,-0.37042457956726516,-0.41702107268800304,-1.3111838777059723,-0.7946093003646949,1.4098287519236279,0.40683742795524463,1.5357786628062884,2.412803684849147,-0.7443549494098728,-1.3138267395746697,-0.24717387373364158,0.0,0.6882113771853678,2.950733787502384,1.4848960616177729
884,-1.2127971576383016,-0.24706891783126853,0.007228006677879595,-0.37042457956726516,-0.41702107268800304,-1.3111838777059723,-0.7946093003646949,1.4098287519236279,0.40683742795524463,1.5357786628062884,2.412803684849147,0.1391812638380719,-0.70852706615598,-0.24717387373364158,0.0,0.6882113771853678,1.1921382551160753,1.8651403328624598
885,-0.8536955358016,-0.30118182234004315,0.007228006677879595,-0.37042457956726516,-0.41702107268800304,-1.3111838777059723,-0.7946093003646949,1.4098287519236279,0.40683742795524463,1.5357786628062884,2.412803684849147,-1.349505218619391,-1.237149501519812,-0.24717387373364158,0.0,-0.8930772127243898,-0.5664572772702333,2.245384604107147
886,-1.4511497669741948,-1.5246279724766396,0.007228006677879595,-0.37042457956726516,-0.41702107268800304,-1.3111838777059723,-0.7946093003646949,1.4098287519236279,0.40683742795524463,1.5357786628062884,2.412803684849147,-0.5794415684309661,-1.3646111892299935,-0.24717387373364158,0.0,-0.8930772127243898,-0.5664572772702333,2.625628875351834
887,-0.12468803895260275,-0.9109313329031357,-0.19891311032741552,2.772930373415386,-0.41702107268800304,-0.5237295829262825,-1.1218750943468254,0.957895712411929,0.40683742795524463,1.5357786628062884,2.412803684849147,-1.1333250218112523,0.18633498185657832,-0.24717387373364158,0.0,-0.8930772127243898,-0.5664572772702333,-1.176813837095037
888,1.0718031166720068,1.1196803576229506,-0.19891311032741552,2.772930373415386,-0.41702107268800304,-0.5237295829262825,-1.1218750943468254,0.957895712411929,0.40683742795524463,1.5357786628062884,2.412803684849147,-0.37005325320853055,0.2252242208130659,-0.24717387373364158,0.0,0.6882113771853678,-0.5664572772702333,-0.7965695658503499
889,0.970780353846232,1.725951926208944,-0.19891311032741552,2.772930373415386,-0.41702107268800304,-0.5237295829262825,-1.1218750943468254,0.957895712411929,0.40683742795524463,1.5357786628062884,2.412803684849147,-0.6798059740321689,-0.03395849554613088,-0.24717387373364158,0.0,0.6882113771853678,1.1921382551160753,-0.41632529460566275
890,0.30486590107301353,-0.3452779560582453,-0.19891311032741552,2.772930373415386,-0.41702107268800304,-0.5237295829262825,-1.1218750943468254,0.957895712411929,0.40683742795524463,1.5357786628062884,2.412803684849147,-0.7007964261744918,-0.3210180522806423,-0.24717387373364158,0.0,-0.8930772127243898,1.1921382551160753,-0.03608102336097565
891,0.14607233718679458,0.4487503473984782,-0.19891311032741552,2.772930373415386,-0.41702107268800304,-0.5237295829262825,-1.1218750943468254,0.957895712411929,0.40683742795524463,1.5357786628062884,2.412803684849147,-1.027218547234946,-0.6046373721030188,-0.24717387373364158,0.0,-0.8930772127243898,-0.5664572772702333,0.34416324788371144
892,1.137132900776744,0.30559617034539954,-0.19891311032741552,2.772930373415386,-0.41702107268800304,-0.5237295829262825,-1.1218750943468254,0.957895712411929,0.40683742795524463,1.5357786628062884,2.412803684849147,-0.5910765081926405,0.6802365076442346,-0.24717387373364158,0.0,-0.8930772127243898,-0.5664572772702333,0.7244075191283986
893,-0.6901638775236811,0.055027952316535164,-0.19891311032741552,2.772930373415386,-0.41702107268800304,-0.5237295829262825,-1.1218750943468254,0.957895712411929,0.40683742795524463,1.5357786628062884,2.412803684849147,-0.07514291067508394,-0.9816527532807602,-0.24717387373364158,0.0,-0.8930772127243898,2.950733787502384,1.1046517903730857
894,-1.3858249755927365,-1.8003907894530935,-0.19891311032741552,2.772930373415386,-0.41702107268800304,-0.5237295829262825,-1.1218750943468254,0.957895712411929,0.40683742795524463,1.5357786628062884,2.412803684849147,-1.2314448004494603,-1.3138267395746697,-0.24717387373364158,0.0,-0.8930772127243898,-0.5664572772702333,1.4848960616177729
895,-1.297244079178044,-1.8003907894530935,-0.19891311032741552,2.772930373415386,-0.41702107268800304,-0.5237295829262825,-1.1218750943468254,0.957895712411929,0.40683742795524463,1.5357786628062884,2.412803684849147,-0.4113323490628857,-1.2401619841068932,-0.24717387373364158,0.0,-0.8930772127243898,-0.5664572772702333,1.8651403328624598
896,-1.2127971576383016,-0.24706891783126853,-0.19891311032741552,2.772930373415386,-0.41702107268800304,-0.5237295829262825,-1.1218750943468254,0.957895712411929,0.40683742795524463,1.5357786628062884,2.412803684849147,-0.09365093299786695,-0.70852706615598,-0.24717387373364158,0.0,-0.8930772127243898,-0.5664572772702333,2.245384604107147
897,-0.12468803895260275,-0.9109313329031357,-0.4050542273327106,-0.6323708256491528,0.16676217049808661,-0.46315617563553707,-0.7218835683686659,1.4098287519236279,0.40683742795524463,1.5357786628062884,2.412803684849147,-0.3396202876404821,0.18633498185657832,-0.24717387373364158,0.0,-0.8930772127243898,-0.5664572772702333,-1.176813837095037
898,1.0718031166720068,1.1196803576229506,-0.4050542273327106,-0.6323708256491528,0.16676217049808661,-0.46315617563553707,-0.7218835683686659,1.4098287519236279,0.40683742795524463,1.5357786628062884,2.412803684849147,-0.4013678293666959,0.2252242208130659,-0.24717387373364158,0.0,0.6882113771853678,-0.5664572772702333,-0.7965695658503499
899,-1.297244079178044,-1.8003907894530935,-0.4050542273327106,-0.6323708256491528,0.16676217049808661,-0.46315617563553707,-0.7218835683686659,1.4098287519236279,0.40683742795524463,1.5357786628062884,2.412803684849147,-2.0050058926499936,-1.2401619841068932,-0.24717387373364158,0.0,-0.8930772127243898,-0.5664572772702333,-0.41632529460566275
900,0.970780353846232,1.725951926208944,-0.4050542273327106,-0.6323708256491528,0.16676217049808661,-0.46315617563553707,-0.7218835683686659,1.4098287519236279,0.40683742795524463,1.5357786628062884,2.412803684849147,-0.4190696420050957,-0.03395849554613088,-0.24717387373364158,0.0,-0.8930772127243898,1.1921382551160753,-0.03608102336097565
901,0.30486590107301353,-0.3452779560582453,-0.4050542273327106,-0.6323708256491528,0.16676217049808661,-0.46315617563553707,-0.7218835683686659,1.4098287519236279,0.40683742795524463,1.5357786628062884,2.412803684849147,-0.8207650672664522,-0.3210180522806423,-0.24717387373364158,0.0,-0.8930772127243898,-0.5664572772702333,0.34416324788371144
902,1.137132900776744,0.30559617034539954,-0.4050542273327106,-0.6323708256491528,0.16676217049808661,-0.46315617563553707,-0.7218835683686659,1.4098287519236279,0.40683742795524463,1.5357786628062884,2.412803684849147,-0.7388564833609857,0.6802365076442346,-0.24717387373364158,0.0,-0.8930772127243898,2.950733787502384,0.7244075191283986
903,-0.6901638775236811,0.055027952316535164,-0.4050542273327106,-0.6323708256491528,0.16676217049808661,-0.46315617563553707,-0.7218835683686659,1.4098287519236279,0.40683742795524463,1.5357786628062884,2.412803684849147,-1.8987723965478744,-0.9816527532807602,-0.24717387373364158,0.0,-0.8930772127243898,-0.5664572772702333,1.1046517903730857
904,-1.3858249755927365,-1.8003907894530935,-0.4050542273327106,-0.6323708256491528,0.16676217049808661,-0.46315617563553707,-0.7218835683686659,1.4098287519236279,0.40683742795524463,1.5357786628062884,2.412803684849147,-0.7443549494098728,-1.3138267395746697,-0.24717387373364158,0.0,-0.8930772127243898,2.950733787502384,1.4848960616177729
905,0.14607233718679458,0.4487503473984782,-0.4050542273327106,-0.6323708256491528,0.16676217049808661,-0.46315617563553707,-0.7218835683686659,1.4098287519236279,0.40683742795524463,1.5357786628062884,2.412803684849147,-1.2041322723648518,-0.6046373721030188,-0.24717387373364158,0.0,-0.8930772127243898,-0.5664572772702333,1.8651403328624598
906,-1.2127971576383016,-0.24706891783126853,-0.4050542273327106,-0.6323708256491528,0.16676217049808661,-0.46315617563553707,-0.7218835683686659,1.4098287519236279,0.40683742795524463,1.5357786628062884,2.412803684849147,0.1391812638380719,-0.70852706615598,-0.24717387373364158,0.0,-0.8930772127243898,-0.5664572772702333,2.245384604107147
907,-0.8536955358016,-0.30118182234004315,-0.4050542273327106,-0.6323708256491528,0.16676217049808661,-0.46315617563553707,-0.7218835683686659,1.4098287519236279,0.40683742795524463,1.5357786628062884,2.412803684849147,-1.349505218619391,-1.237149501519812,-0.24717387373364158,0.0,0.6882113771853678,-0.5664572772702333,2.625628875351834
908,-0.12468803895260275,-0.9109313329031357,-0.4050542273327106,1.594172266046892,-0.41702107268800304,-2.0986381724856624,-1.1218750943468254,2.539661350702875,0.40683742795524463,-0.651135495119281,-0.4144556004615526,-0.3740263009337284,0.18633498185657832,-0.24717387373364158,0.0,-0.8930772127243898,-0.5664572772702333,-1.176813837095037
909,1.0718031166720068,1.1196803576229506,-0.4050542273327106,1.594172266046892,-0.41702107268800304,-2.0986381724856624,-1.1218750943468254,2.539661350702875,0.40683742795524463,-0.651135495119281,-0.4144556004615526,-0.5797605722629163,0.2252242208130659,-0.24717387373364158,0.0,-0.8930772127243898,-0.5664572772702333,-0.7965695658503499
910,0.970780353846232,1.725951926208944,-0.4050542273327106,1.594172266046892,-0.41702107268800304,-2.0986381724856624,-1.1218750943468254,2.539661350702875,0.40683742795524463,-0.651135495119281,-0.4144556004615526,-0.02379489387044629,-0.03395849554613088,-0.24717387373364158,0.0,-0.8930772127243898,-0.5664572772702333,-0.41632529460566275
911,0.30486590107301353,-0.3452779560582453,-0.4050542273327106,1.594172266046892,-0.41702107268800304,-2.0986381724856624,-1.1218750943468254,2.539661350702875,0.40683742795524463,-0.651135495119281,-0.4144556004615526,-0.744807354844275,-0.3210180522806423,-0.24717387373364158,0.0,-0.8930772127243898,-0.5664572772702333,-0.03608102336097565
912,-1.2573721910725466,-1.8003907894530935,-0.4050542273327106,1.594172266046892,-0.41702107268800304,-2.0986381724856624,-1.1218750943468254,2.539661350702875,0.40683742795524463,-0.651135495119281,-0.4144556004615526,-0.49768378633696736,-0.30054045161317283,-0.24717387373364158,0.0,0.6882113771853678,-0.5664572772702333,0.34416324788371144
913,1.137132900776744,0.30559617034539954,-0.4050542273327106,1.594172266046892,-0.41702107268800304,-2.0986381724856624,-1.1218750943468254,2.539661350702875,0.40683742795524463,-0.651135495119281,-0.4144556004615526,-0.5507196234161049,0.6802365076442346,-0.24717387373364158,0.0,-0.8930772127243898,1.1921382551160753,0.7244075191283986
914,-0.6901638775236811,0.055027952316535164,-0.4050542273327106,1.594172266046892,-0.41702107268800304,-2.0986381724856624,-1.1218750943468254,2.539661350702875,0.40683742795524463,-0.651135495119281,-0.4144556004615526,-1.8532302494847301,-0.9816527532807602,-0.24717387373364158,0.0,-0.8930772127243898,-0.5664572772702333,1.1046517903730857
915,-2.6298967840655036,-1.8003907894530935,-0.4050542273327106,1.594172266046892,-0.41702107268800304,-2.0986381724856624,-1.1218750943468254,2.539661350702875,0.40683742795524463,-0.651135495119281,-0.4144556004615526,-0.5056530820660504,-0.5252115849807945,-0.24717387373364158,0.0,0.6882113771853678,-0.5664572772702333,1.4848960616177729
916,-1.2127971576383016,-0.24706891783126853,-0.4050542273327106,1.594172266046892,-0.41702107268800304,-2.0986381724856624,-1.1218750943468254,2.539661350702875,0.40683742795524463,-0.651135495119281,-0.4144556004615526,-1.6845926437695469,-0.70852706615598,-0.24717387373364158,0.0,-0.8930772127243898,-0.5664572772702333,1.8651403328624598
917,-1.4511497669741948,-1.5246279724766396,-0.4050542273327106,1.594172266046892,-0.41702107268800304,-2.0986381724856624,-1.1218750943468254,2.539661350702875,0.40683742795524463,-0.651135495119281,-0.4144556004615526,-1.6135945709237445,-1.3646111892299935,-0.24717387373364158,0.0,-0.8930772127243898,-0.5664572772702333,2.245384604107147
918,-0.8536955358016,-0.30118182234004315,-0.4050542273327106,1.594172266046892,-0.41702107268800304,-2.0986381724856624,-1.1218750943468254,2.539661350702875,0.40683742795524463,-0.651135495119281,-0.4144556004615526,-1.4526536576630682,-1.237149501519812,-0.24717387373364158,0.0,-0.8930772127243898,-0.5664572772702333,2.625628875351834
919,-0.12468803895260275,-0.9109313329031357,-0.8173364613433008,0.9393066508421729,-0.41702107268800304,0.02143108269042598,-1.0491493623507964,2.3136948309470253,0.40683742795524463,1.5357786628062884,2.412803684849147,-0.3740263009337284,0.18633498185657832,-0.24717387373364158,0.0,-0.8930772127243898,2.950733787502384,-1.176813837095037
920,1.0718031166720068,1.1196803576229506,-0.8173364613433008,0.9393066508421729,-0.41702107268800304,0.02143108269042598,-1.0491493623507964,2.3136948309470253,0.40683742795524463,1.5357786628062884,2.412803684849147,-0.5797605722629163,0.2252242208130659,-0.24717387373364158,0.0,0.6882113771853678,-0.5664572772702333,-0.7965695658503499
921,0.970780353846232,1.725951926208944,-0.8173364613433008,0.9393066508421729,-0.41702107268800304,0.02143108269042598,-1.0491493623507964,2.3136948309470253,0.40683742795524463,1.5357786628062884,2.412803684849147,-0.02379489387044629,-0.03395849554613088,-0.24717387373364158,0.0,-0.8930772127243898,-0.5664572772702333,-0.41632529460566275
922,0.30486590107301353,-0.3452779560582453,-0.8173364613433008,0.9393066508421729,-0.41702107268800304,0.02143108269042598,-1.0491493623507964,2.3136948309470253,0.40683742795524463,1.5357786628062884,2.412803684849147,-0.744807354844275,-0.3210180522806423,-0.24717387373364158,0.0,-0.8930772127243898,1.1921382551160753,-0.03608102336097565
923,-1.2573721910725466,-1.8003907894530935,-0.8173364613433008,0.9393066508421729,-0.41702107268800304,0.02143108269042598,-1.0491493623507964,2.3136948309470253,0.40683742795524463,1.5357786628062884,2.412803684849147,-0.49768378633696736,-0.30054045161317283,-0.24717387373364158,0.0,-0.8930772127243898,-0.5664572772702333,0.34416324788371144
924,1.137132900776744,0.30559617034539954,-0.8173364613433008,0.9393066508421729,-0.41702107268800304,0.02143108269042598,-1.0491493623507964,2.3136948309470253,0.40683742795524463,1.5357786628062884,2.412803684849147,-0.5507196234161049,0.6802365076442346,-0.24717387373364158,0.0,-0.8930772127243898,-0.5664572772702333,0.7244075191283986
925,-2.6298967840655036,-1.8003907894530935,-0.8173364613433008,0.9393066508421729,-0.41702107268800304,0.02143108269042598,-1.0491493623507964,2.3136948309470253,0.40683742795524463,1.5357786628062884,2.412803684849147,-0.5056530820660504,-0.5252115849807945,-0.24717387373364158,0.0,-0.8930772127243898,-0.5664572772702333,1.1046517903730857
926,-1.2127971576383016,-0.24706891783126853,-0.8173364613433008,0.9393066508421729,-0.41702107268800304,0.02143108269042598,-1.0491493623507964,2.3136948309470253,0.40683742795524463,1.5357786628062884,2.412803684849147,-1.6845926437695469,-0.70852706615598,-0.24717387373364158,0.0,-0.8930772127243898,-0.5664572772702333,1.4848960616177729
927,-0.8536955358016,-0.30118182234004315,-0.8173364613433008,0.9393066508421729,-0.41702107268800304,0.02143108269042598,-1.0491493623507964,2.3136948309470253,0.40683742795524463,1.5357786628062884,2.412803684849147,-1.4526536576630682,-1.237149501519812,-0.24717387373364158,0.0,-0.8930772127243898,-0.5664572772702333,1.8651403328624598
928,-1.6452618553355312,-1.5079606616741845,-0.8173364613433008,0.9393066508421729,-0.41702107268800304,0.02143108269042598,-1.0491493623507964,2.3136948309470253,0.40683742795524463,1.5357786628062884,2.412803684849147,-0.3106199392813735,-0.19529468533823277,-0.24717387373364158,0.0,-0.8930772127243898,1.1921382551160753,2.245384604107147
929,-0.12468803895260275,-0.9109313329031357,-0.19891311032741552,-0.5013977026082089,-0.41702107268800304,-0.22086254647255554,-0.24916631039447737,0.2799961531443808,0.40683742795524463,-0.651135495119281,-0.4144556004615526,-0.05697129239326622,0.14456977765079307,-0.24717387373364158,0.0,-0.8930772127243898,1.1921382551160753,-1.176813837095037
930,1.0718031166720068,1.1196803576229506,-0.19891311032741552,-0.5013977026082089,-0.41702107268800304,-0.22086254647255554,-0.24916631039447737,0.2799961531443808,0.40683742795524463,-0.651135495119281,-0.4144556004615526,-0.16859363322747514,2.632197807890822,-0.24717387373364158,0.0,-0.8930772127243898,-0.5664572772702333,-0.7965695658503499
931,0.970780353846232,1.725951926208944,-0.19891311032741552,-0.5013977026082089,-0.41702107268800304,-0.22086254647255554,-0.24916631039447737,0.2799961531443808,0.40683742795524463,-0.651135495119281,-0.4144556004615526,0.3958633471645417,1.0881685152519283,-0.24717387373364158,0.0,-0.8930772127243898,-0.5664572772702333,-0.41632529460566275
932,0.30486590107301353,-0.3452779560582453,-0.19891311032741552,-0.5013977026082089,-0.41702107268800304,-0.22086254647255554,-0.24916631039447737,0.2799961531443808,0.40683742795524463,-0.651135495119281,-0.4144556004615526,-0.4669086166582812,-0.5278600213337872,-0.24717387373364158,0.0,-0.8930772127243898,-0.5664572772702333,-0.03608102336097565
933,-1.2573721910725466,-1.8003907894530935,-0.19891311032741552,-0.5013977026082089,-0.41702107268800304,-0.22086254647255554,-0.24916631039447737,0.2799961531443808,0.40683742795524463,-0.651135495119281,-0.4144556004615526,-0.37592292371641406,-0.18904219126776547,-0.24717387373364158,0.0,-0.8930772127243898,-0.5664572772702333,0.34416324788371144
934,1.137132900776744,0.30559617034539954,-0.19891311032741552,-0.5013977026082089,-0.41702107268800304,-0.22086254647255554,-0.24916631039447737,0.2799961531443808,0.40683742795524463,-0.651135495119281,-0.4144556004615526,2.1599023372220683,1.678687911566631,-0.24717387373364158,0.0,-0.8930772127243898,-0.5664572772702333,0.7244075191283986
935,-2.6298967840655036,-1.8003907894530935,-0.19891311032741552,-0.5013977026082089,-0.41702107268800304,-0.22086254647255554,-0.24916631039447737,0.2799961531443808,0.40683742795524463,-0.651135495119281,-0.4144556004615526,-0.9023372471309525,-1.1058744295075553,-0.24717387373364158,0.0,-0.8930772127243898,-0.5664572772702333,1.1046517903730857
936,-0.6901638775236811,0.055027952316535164,-0.19891311032741552,-0.5013977026082089,-0.41702107268800304,-0.22086254647255554,-0.24916631039447737,0.2799961531443808,0.40683742795524463,-0.651135495119281,-0.4144556004615526,-1.4634707876010158,-1.5921764901586173,-0.24717387373364158,0.0,-0.8930772127243898,-0.5664572772702333,1.4848960616177729
937,0.14607233718679458,0.4487503473984782,-0.19891311032741552,-0.5013977026082089,-0.41702107268800304,-0.22086254647255554,-0.24916631039447737,0.2799961531443808,0.40683742795524463,-0.651135495119281,-0.4144556004615526,0.5322461854277577,-0.2505478025169911,-0.24717387373364158,0.0,0.6882113771853678,2.950733787502384,1.8651403328624598
938,-1.2127971576383016,-0.24706891783126853,-0.19891311032741552,-0.5013977026082089,-0.41702107268800304,-0.22086254647255554,-0.24916631039447737,0.2799961531443808,0.40683742795524463,-0.651135495119281,-0.4144556004615526,0.2533556353278822,-0.7177101324108585,-0.24717387373364158,0.0,-0.8930772127243898,1.1921382551160753,2.245384604107147
939,-0.8536955358016,-0.30118182234004315,-0.19891311032741552,-0.5013977026082089,-0.41702107268800304,-0.22086254647255554,-0.24916631039447737,0.2799961531443808,0.40683742795524463,-0.651135495119281,-0.4144556004615526,-1.5923523957576644,-1.0221893014464973,-0.24717387373364158,0.0,-0.8930772127243898,-0.5664572772702333,2.625628875351834
940,-0.12468803895260275,-0.9109313329031357,1.037933591704355,-1.0252901947719841,-0.41702107268800304,-1.73519772874119,-1.1218750943468254,0.2799961531443808,0.40683742795524463,-0.651135495119281,-0.4144556004615526,-0.05697129239326622,0.14456977765079307,-0.24717387373364158,0.0,-0.8930772127243898,-0.5664572772702333,-1.176813837095037
941,1.0718031166720068,1.1196803576229506,1.037933591704355,-1.0252901947719841,-0.41702107268800304,-1.73519772874119,-1.1218750943468254,0.2799961531443808,0.40683742795524463,-0.651135495119281,-0.4144556004615526,-0.16859363322747514,2.632197807890822,-0.24717387373364158,0.0,-0.8930772127243898,-0.5664572772702333,-0.7965695658503499
942,0.970780353846232,1.725951926208944,1.037933591704355,-1.0252901947719841,-0.41702107268800304,-1.73519772874119,-1.1218750943468254,0.2799961531443808,0.40683742795524463,-0.651135495119281,-0.4144556004615526,0.3958633471645417,1.0881685152519283,-0.24717387373364158,0.0,2.2694999670951255,-0.5664572772702333,-0.41632529460566275
943,0.30486590107301353,-0.3452779560582453,1.037933591704355,-1.0252901947719841,-0.41702107268800304,-1.73519772874119,-1.1218750943468254,0.2799961531443808,0.40683742795524463,-0.651135495119281,-0.4144556004615526,-0.4669086166582812,-0.5278600213337872,-0.24717387373364158,0.0,-0.8930772127243898,-0.5664572772702333,-0.03608102336097565
944,-1.2573721910725466,-1.8003907894530935,1.037933591704355,-1.0252901947719841,-0.41702107268800304,-1.73519772874119,-1.1218750943468254,0.2799961531443808,0.40683742795524463,-0.651135495119281,-0.4144556004615526,-0.37592292371641406,-0.18904219126776547,-0.24717387373364158,0.0,0.6882113771853678,-0.5664572772702333,0.34416324788371144
945,1.137132900776744,0.30559617034539954,1.037933591704355,-1.0252901947719841,-0.41702107268800304,-1.73519772874119,-1.1218750943468254,0.2799961531443808,0.40683742795524463,-0.651135495119281,-0.4144556004615526,2.1599023372220683,1.678687911566631,-0.24717387373364158,0.0,0.6882113771853678,1.1921382551160753,0.7244075191283986
946,0.14607233718679458,0.4487503473984782,1.037933591704355,-1.0252901947719841,-0.41702107268800304,-1.73519772874119,-1.1218750943468254,0.2799961531443808,0.40683742795524463,-0.651135495119281,-0.4144556004615526,0.5322461854277577,-0.2505478025169911,-0.24717387373364158,0.0,-0.8930772127243898,-0.5664572772702333,1.1046517903730857
947,-2.6298967840655036,-1.8003907894530935,1.037933591704355,-1.0252901947719841,-0.41702107268800304,-1.73519772874119,-1.1218750943468254,0.2799961531443808,0.40683742795524463,-0.651135495119281,-0.4144556004615526,-0.9023372471309525,-1.1058744295075553,-0.24717387373364158,0.0,-0.8930772127243898,-0.5664572772702333,1.4848960616177729
948,-0.12468803895260275,-0.9109313329031357,0.007228006677879595,-1.0252901947719841,-0.41702107268800304,-1.432330692287463,-0.9764236303547674,0.0540296333885314,0.40683742795524463,1.5357786628062884,-0.4144556004615526,-0.05697129239326622,0.14456977765079307,-0.24717387373364158,0.0,0.6882113771853678,2.950733787502384,-1.176813837095037
949,0.017095316722317847,-0.35739489737888597,0.007228006677879595,-1.0252901947719841,-0.41702107268800304,-1.432330692287463,-0.9764236303547674,0.0540296333885314,0.40683742795524463,1.5357786628062884,-0.4144556004615526,-0.33036337644425456,0.018709893370600406,-0.24717387373364158,0.0,-0.8930772127243898,-0.5664572772702333,-0.7965695658503499
950,-2.6298967840655036,-1.8003907894530935,0.007228006677879595,-1.0252901947719841,-0.41702107268800304,-1.432330692287463,-0.9764236303547674,0.0540296333885314,0.40683742795524463,1.5357786628062884,-0.4144556004615526,-0.9023372471309525,-1.1058744295075553,-0.24717387373364158,0.0,-0.8930772127243898,-0.5664572772702333,-0.41632529460566275
951,0.30486590107301353,-0.3452779560582453,0.007228006677879595,-1.0252901947719841,-0.41702107268800304,-1.432330692287463,-0.9764236303547674,0.0540296333885314,0.40683742795524463,1.5357786628062884,-0.4144556004615526,-0.4669086166582812,-0.5278600213337872,-0.24717387373364158,0.0,0.6882113771853678,-0.5664572772702333,-0.03608102336097565
952,1.137132900776744,0.30559617034539954,0.007228006677879595,-1.0252901947719841,-0.41702107268800304,-1.432330692287463,-0.9764236303547674,0.0540296333885314,0.40683742795524463,1.5357786628062884,-0.4144556004615526,2.1599023372220683,1.678687911566631,-0.24717387373364158,0.0,-0.8930772127243898,1.1921382551160753,0.34416324788371144
953,-1.2573721910725466,-1.8003907894530935,0.007228006677879595,-1.0252901947719841,-0.41702107268800304,-1.432330692287463,-0.9764236303547674,0.0540296333885314,0.40683742795524463,1.5357786628062884,-0.4144556004615526,-0.37592292371641406,-0.18904219126776547,-0.24717387373364158,0.0,0.6882113771853678,-0.5664572772702333,0.7244075191283986
954,-0.12468803895260275,-0.9109313329031357,0.83179247469906,0.5463872817193415,-0.41702107268800304,-0.46315617563553707,-0.8309721663627093,0.0540296333885314,0.40683742795524463,-0.651135495119281,-0.4144556004615526,-0.31926784316205975,0.18633498185657832,-0.24717387373364158,0.0,-0.8930772127243898,-0.5664572772702333,-1.176813837095037
955,0.017095316722317847,-0.35739489737888597,0.83179247469906,0.5463872817193415,-0.41702107268800304,-0.46315617563553707,-0.8309721663627093,0.0540296333885314,0.40683742795524463,-0.651135495119281,-0.4144556004615526,0.6474993698765268,0.12124351520158215,-0.24717387373364158,0.0,2.2694999670951255,1.1921382551160753,-0.7965695658503499
956,0.970780353846232,1.725951926208944,0.83179247469906,0.5463872817193415,-0.41702107268800304,-0.46315617563553707,-0.8309721663627093,0.0540296333885314,0.40683742795524463,-0.651135495119281,-0.4144556004615526,1.3031624458579403,-0.03395849554613088,-0.24717387373364158,0.0,0.6882113771853678,-0.5664572772702333,-0.41632529460566275
957,0.37083974648073253,0.5304857075669069,0.83179247469906,0.5463872817193415,-0.41702107268800304,-0.46315617563553707,-0.8309721663627093,0.0540296333885314,0.40683742795524463,-0.651135495119281,-0.4144556004615526,-1.0654294062329073,-0.15082643784434138,-0.24717387373364158,0.0,-0.8930772127243898,-0.5664572772702333,-0.03608102336097565
958,1.137132900776744,0.30559617034539954,0.83179247469906,0.5463872817193415,-0.41702107268800304,-0.46315617563553707,-0.8309721663627093,0.0540296333885314,0.40683742795524463,-0.651135495119281,-0.4144556004615526,0.2532976346311641,0.6802365076442346,-0.24717387373364158,0.0,0.6882113771853678,1.1921382551160753,0.34416324788371144
959,0.14607233718679458,0.4487503473984782,0.83179247469906,0.5463872817193415,-0.41702107268800304,-0.46315617563553707,-0.8309721663627093,0.0540296333885314,0.40683742795524463,-0.651135495119281,-0.4144556004615526,-0.9894020929746683,-0.6046373721030188,-0.24717387373364158,0.0,-0.8930772127243898,-0.5664572772702333,0.7244075191283986
960,-2.6298967840655036,-1.8003907894530935,0.83179247469906,0.5463872817193415,-0.41702107268800304,-0.46315617563553707,-0.8309721663627093,0.0540296333885314,0.40683742795524463,-0.651135495119281,-0.4144556004615526,-1.070707469634265,-1.3183955198124784,-0.24717387373364158,0.0,-0.8930772127243898,-0.5664572772702333,1.1046517903730857
961,0.30486590107301353,-0.3452779560582453,0.83179247469906,0.5463872817193415,-0.41702107268800304,-0.46315617563553707,-0.8309721663627093,0.0540296333885314,0.40683742795524463,-0.651135495119281,-0.4144556004615526,-1.0463935775699884,-0.3210180522806423,-0.24717387373364158,0.0,-0.8930772127243898,-0.5664572772702333,1.4848960616177729
962,-0.12468803895260275,-0.9109313329031357,0.007228006677879595,1.7251453890878359,-0.41702107268800304,0.6877385628886251,-1.0491493623507964,0.5059626729002302,0.40683742795524463,1.5357786628062884,2.412803684849147,-0.31926784316205975,-1.134388350792525,-0.24717387373364158,0.0,0.6882113771853678,2.950733787502384,-1.176813837095037
963,0.017095316722317847,-0.35739489737888597,0.007228006677879595,1.7251453890878359,-0.41702107268800304,0.6877385628886251,-1.0491493623507964,0.5059626729002302,0.40683742795524463,1.5357786628062884,2.412803684849147,0.6474993698765268,-0.06100713073889485,-0.24717387373364158,0.0,0.6882113771853678,1.1921382551160753,-0.7965695658503499
964,0.970780353846232,1.725951926208944,0.007228006677879595,1.7251453890878359,-0.41702107268800304,0.6877385628886251,-1.0491493623507964,0.5059626729002302,0.40683742795524463,1.5357786628062884,2.412803684849147,1.3031624458579403,0.7209823823945722,-0.24717387373364158,0.0,2.2694999670951255,1.1921382551160753,-0.41632529460566275
965,0.37083974648073253,0.5304857075669069,0.007228006677879595,1.7251453890878359,-0.41702107268800304,0.6877385628886251,-1.0491493623507964,0.5059626729002302,0.40683742795524463,1.5357786628062884,2.412803684849147,-1.0654294062329073,0.6363507341248849,-0.24717387373364158,0.0,-0.8930772127243898,-0.5664572772702333,-0.03608102336097565
966,0.30486590107301353,-0.3452779560582453,0.007228006677879595,1.7251453890878359,-0.41702107268800304,0.6877385628886251,-1.0491493623507964,0.5059626729002302,0.40683742795524463,1.5357786628062884,2.412803684849147,-1.0463935775699884,-0.3963847238927816,-0.24717387373364158,0.0,-0.8930772127243898,-0.5664572772702333,0.34416324788371144
967,1.137132900776744,0.30559617034539954,0.007228006677879595,1.7251453890878359,-0.41702107268800304,0.6877385628886251,-1.0491493623507964,0.5059626729002302,0.40683742795524463,1.5357786628062884,2.412803684849147,0.2532976346311641,1.2957021721498414,-0.24717387373364158,0.0,-0.8930772127243898,-0.5664572772702333,0.7244075191283986
968,-1.2127971576383016,-0.24706891783126853,0.007228006677879595,1.7251453890878359,-0.41702107268800304,0.6877385628886251,-1.0491493623507964,0.5059626729002302,0.40683742795524463,1.5357786628062884,2.412803684849147,-0.8770779437101691,-0.3546286208428486,-0.24717387373364158,0.0,-0.8930772127243898,-0.5664572772702333,1.1046517903730857
969,-2.6298967840655036,-1.8003907894530935,0.007228006677879595,1.7251453890878359,-0.41702107268800304,0.6877385628886251,-1.0491493623507964,0.5059626729002302,0.40683742795524463,1.5357786628062884,2.412803684849147,-1.070707469634265,-1.8489565013728309,-0.24717387373364158,0.0,-0.8930772127243898,-0.5664572772702333,1.4848960616177729
970,0.14607233718679458,0.4487503473984782,0.007228006677879595,1.7251453890878359,-0.41702107268800304,0.6877385628886251,-1.0491493623507964,0.5059626729002302,0.40683742795524463,1.5357786628062884,2.412803684849147,-0.9894020929746683,-0.32164603203444453,-0.24717387373364158,0.0,-0.8930772127243898,-0.5664572772702333,1.8651403328624598
971,-1.6452618553355312,-1.5079606616741845,0.007228006677879595,1.7251453890878359,-0.41702107268800304,0.6877385628886251,-1.0491493623507964,0.5059626729002302,0.40683742795524463,1.5357786628062884,2.412803684849147,0.3176320074310106,-1.2710149024458801,-0.24717387373364158,0.0,-0.8930772127243898,-0.5664572772702333,2.245384604107147
972,-0.12468803895260275,-0.9109313329031357,1.4502158257149453,0.15346791259651008,-0.41702107268800304,-2.401505208939389,-0.7946093003646949,0.0540296333885314,0.40683742795524463,-0.651135495119281,-0.4144556004615526,-0.05697129239326622,0.11721170315905376,-0.24717387373364158,0.0,0.6882113771853678,1.1921382551160753,-1.176813837095037
973,0.017095316722317847,-0.35739489737888597,1.4502158257149453,0.15346791259651008,-0.41702107268800304,-2.401505208939389,-0.7946093003646949,0.0540296333885314,0.40683742795524463,-0.651135495119281,-0.4144556004615526,-0.33036337644425456,-1.8857160698599014,-0.24717387373364158,0.0,-0.8930772127243898,-0.5664572772702333,-0.7965695658503499
974,0.970780353846232,1.725951926208944,1.4502158257149453,0.15346791259651008,-0.41702107268800304,-2.401505208939389,-0.7946093003646949,0.0540296333885314,0.40683742795524463,-0.651135495119281,-0.4144556004615526,0.3958633471645417,-0.2771413799171447,-0.24717387373364158,0.0,0.6882113771853678,1.1921382551160753,-0.41632529460566275
975,0.37083974648073253,0.5304857075669069,1.4502158257149453,0.15346791259651008,-0.41702107268800304,-2.401505208939389,-0.7946093003646949,0.0540296333885314,0.40683742795524463,-0.651135495119281,-0.4144556004615526,0.10626586845048396,0.7039086140158293,-0.24717387373364158,0.0,-0.8930772127243898,-0.5664572772702333,-0.03608102336097565
976,0.30486590107301353,-0.3452779560582453,1.4502158257149453,0.15346791259651008,-0.41702107268800304,-2.401505208939389,-0.7946093003646949,0.0540296333885314,0.40683742795524463,-0.651135495119281,-0.4144556004615526,-0.4669086166582812,-0.9173712894966106,-0.24717387373364158,0.0,-0.8930772127243898,-0.5664572772702333,0.34416324788371144
977,1.137132900776744,0.30559617034539954,1.4502158257149453,0.15346791259651008,-0.41702107268800304,-2.401505208939389,-0.7946093003646949,0.0540296333885314,0.40683742795524463,-0.651135495119281,-0.4144556004615526,2.1599023372220683,-0.5375072465371281,-0.24717387373364158,0.0,0.6882113771853678,-0.5664572772702333,0.7244075191283986
978,-2.6298967840655036,-1.8003907894530935,1.4502158257149453,0.15346791259651008,-0.41702107268800304,-2.401505208939389,-0.7946093003646949,0.0540296333885314,0.40683742795524463,-0.651135495119281,-0.4144556004615526,-0.31156535063788054,-0.6777378559079583,-0.24717387373364158,0.0,-0.8930772127243898,-0.5664572772702333,1.1046517903730857
979,0.14607233718679458,0.4487503473984782,1.4502158257149453,0.15346791259651008,-0.41702107268800304,-2.401505208939389,-0.7946093003646949,0.0540296333885314,0.40683742795524463,-0.651135495119281,-0.4144556004615526,0.5322461854277577,0.4785275904917357,-0.24717387373364158,0.0,-0.8930772127243898,-0.5664572772702333,1.4848960616177729
980,-0.12468803895260275,-0.9109313329031357,0.4195102406884698,-1.0252901947719841,-0.41702107268800304,-1.8563445433226808,-0.9036978983587384,-0.171936886367318,0.40683742795524463,1.5357786628062884,2.412803684849147,-0.05697129239326622,0.14456977765079307,-0.24717387373364158,0.0,-0.8930772127243898,-0.5664572772702333,-1.176813837095037
981,0.017095316722317847,-0.35739489737888597,0.4195102406884698,-1.0252901947719841,-0.41702107268800304,-1.8563445433226808,-0.9036978983587384,-0.171936886367318,0.40683742795524463,1.5357786628062884,2.412803684849147,-0.33036337644425456,0.018709893370600406,-0.24717387373364158,0.0,-0.8930772127243898,-0.5664572772702333,-0.7965695658503499
982,0.970780353846232,1.725951926208944,0.4195102406884698,-1.0252901947719841,-0.41702107268800304,-1.8563445433226808,-0.9036978983587384,-0.171936886367318,0.40683742795524463,1.5357786628062884,2.412803684849147,0.3958633471645417,1.0881685152519283,-0.24717387373364158,0.0,-0.8930772127243898,-0.5664572772702333,-0.41632529460566275
983,0.37083974648073253,0.5304857075669069,0.4195102406884698,-1.0252901947719841,-0.41702107268800304,-1.8563445433226808,-0.9036978983587384,-0.171936886367318,0.40683742795524463,1.5357786628062884,2.412803684849147,0.10626586845048396,-0.3278803237932074,-0.24717387373364158,0.0,-0.8930772127243898,-0.5664572772702333,-0.03608102336097565
984,-1.2573721910725466,-1.8003907894530935,0.4195102406884698,-1.0252901947719841,-0.41702107268800304,-1.8563445433226808,-0.9036978983587384,-0.171936886367318,0.40683742795524463,1.5357786628062884,2.412803684849147,-0.37592292371641406,-0.18904219126776547,-0.24717387373364158,0.0,-0.8930772127243898,-0.5664572772702333,0.34416324788371144
985,1.137132900776744,0.30559617034539954,0.4195102406884698,-1.0252901947719841,-0.41702107268800304,-1.8563445433226808,-0.9036978983587384,-0.171936886367318,0.40683742795524463,1.5357786628062884,2.412803684849147,2.1599023372220683,1.678687911566631,-0.24717387373364158,0.0,0.6882113771853678,1.1921382551160753,0.7244075191283986
986,-2.6298967840655036,-1.8003907894530935,0.4195102406884698,-1.0252901947719841,-0.41702107268800304,-1.8563445433226808,-0.9036978983587384,-0.171936886367318,0.40683742795524463,1.5357786628062884,2.412803684849147,-0.31156535063788054,0.07231570134010894,-0.24717387373364158,0.0,0.6882113771853678,-0.5664572772702333,1.1046517903730857
987,0.14607233718679458,0.4487503473984782,0.4195102406884698,-1.0252901947719841,-0.41702107268800304,-1.8563445433226808,-0.9036978983587384,-0.171936886367318,0.40683742795524463,1.5357786628062884,2.412803684849147,0.5322461854277577,-0.2505478025169911,-0.24717387373364158,0.0,-0.8930772127243898,-0.5664572772702333,1.4848960616177729
988,-1.2127971576383016,-0.24706891783126853,0.4195102406884698,-1.0252901947719841,-0.41702107268800304,-1.8563445433226808,-0.9036978983587384,-0.171936886367318,0.40683742795524463,1.5357786628062884,2.412803684849147,0.2533556353278822,-0.7177101324108585,-0.24717387373364158,0.0,-0.8930772127243898,-0.5664572772702333,1.8651403328624598
989,-0.12468803895260275,-0.9109313329031357,0.83179247469906,-1.156263317812928,-0.41702107268800304,-2.1592115797764078,-1.0491493623507964,0.0540296333885314,0.40683742795524463,1.5357786628062884,2.412803684849147,-0.05697129239326622,0.18633498185657832,-0.24717387373364158,0.0,0.6882113771853678,1.1921382551160753,-1.176813837095037
990,0.017095316722317847,-0.35739489737888597,0.83179247469906,-1.156263317812928,-0.41702107268800304,-2.1592115797764078,-1.0491493623507964,0.0540296333885314,0.40683742795524463,1.5357786628062884,2.412803684849147,-0.33036337644425456,0.12124351520158215,-0.24717387373364158,0.0,2.2694999670951255,-0.5664572772702333,-0.7965695658503499
991,0.970780353846232,1.725951926208944,0.83179247469906,-1.156263317812928,-0.41702107268800304,-2.1592115797764078,-1.0491493623507964,0.0540296333885314,0.40683742795524463,1.5357786628062884,2.412803684849147,0.3958633471645417,-0.03395849554613088,-0.24717387373364158,0.0,-0.8930772127243898,-0.5664572772702333,-0.41632529460566275
992,0.37083974648073253,0.5304857075669069,0.83179247469906,-1.156263317812928,-0.41702107268800304,-2.1592115797764078,-1.0491493623507964,0.0540296333885314,0.40683742795524463,1.5357786628062884,2.412803684849147,0.10626586845048396,-0.15082643784434138,-0.24717387373364158,0.0,0.6882113771853678,1.1921382551160753,-0.03608102336097565
993,-1.2573721910725466,-1.8003907894530935,0.83179247469906,-1.156263317812928,-0.41702107268800304,-2.1592115797764078,-1.0491493623507964,0.0540296333885314,0.40683742795524463,1.5357786628062884,2.412803684849147,-0.37592292371641406,-0.30054045161317283,-0.24717387373364158,0.0,-0.8930772127243898,-0.5664572772702333,0.34416324788371144
994,1.137132900776744,0.30559617034539954,0.83179247469906,-1.156263317812928,-0.41702107268800304,-2.1592115797764078,-1.0491493623507964,0.0540296333885314,0.40683742795524463,1.5357786628062884,2.412803684849147,2.1599023372220683,0.6802365076442346,-0.24717387373364158,0.0,-0.8930772127243898,-0.5664572772702333,0.7244075191283986
995,-2.6298967840655036,-1.8003907894530935,0.83179247469906,-1.156263317812928,-0.41702107268800304,-2.1592115797764078,-1.0491493623507964,0.0540296333885314,0.40683742795524463,1.5357786628062884,2.412803684849147,-0.31156535063788054,-1.3183955198124784,-0.24717387373364158,0.0,-0.8930772127243898,-0.5664572772702333,1.1046517903730857
996,-0.12468803895260275,0.4188340884648493,-2.2603242803803667,1.2012528969240606,-0.41702107268800304,0.44544493372564364,0.8417196695459577,-2.2056355641699628,0.40683742795524463,-0.651135495119281,-0.4144556004615526,-2.0050058926499936,0.28174239865528083,-0.053366213807045836,0.0,-0.8930772127243898,-0.5664572772702333,-1.176813837095037
997,0.5138513120822684,-1.8003907894530935,-2.2603242803803667,1.2012528969240606,-0.41702107268800304,0.44544493372564364,0.8417196695459577,-2.2056355641699628,0.40683742795524463,-0.651135495119281,-0.4144556004615526,-0.9618865624515461,-0.9260264887120612,-0.053366213807045836,0.0,-0.8930772127243898,-0.5664572772702333,-0.7965695658503499
998,0.017095316722317847,0.27241049700503345,-2.2603242803803667,1.2012528969240606,-0.41702107268800304,0.44544493372564364,0.8417196695459577,-2.2056355641699628,0.40683742795524463,-0.651135495119281,-0.4144556004615526,-1.5001196878363556,-2.0289564314710566,-0.053366213807045836,0.0,-0.8930772127243898,-0.5664572772702333,-0.41632529460566275
999,0.30486590107301353,0.22847075896460248,-2.2603242803803667,1.2012528969240606,-0.41702107268800304,0.44544493372564364,0.8417196695459577,-2.2056355641699628,0.40683742795524463,-0.651135495119281,-0.4144556004615526,-0.406831494997552,1.075144761227418,-0.053366213807045836,0.0,-0.8930772127243898,-0.5664572772702333,-0.03608102336097565
1000,1.137132900776744,1.4531829693498215,-2.2603242803803667,1.2012528969240606,-0.41702107268800304,0.44544493372564364,0.8417196695459577,-2.2056355641699628,0.40683742795524463,-0.651135495119281,-0.4144556004615526,-0.7106275442682296,-0.12528859452304408,-0.053366213807045836,0.0,0.6882113771853678,-0.5664572772702333,0.34416324788371144
1001,-2.6298967840655036,-0.1422167870056366,-2.2603242803803667,1.2012528969240606,-0.41702107268800304,0.44544493372564364,0.8417196695459577,-2.2056355641699628,0.40683742795524463,-0.651135495119281,-0.4144556004615526,-0.996083773236607,-1.2290949785906073,-0.053366213807045836,0.0,-0.8930772127243898,-0.5664572772702333,0.7244075191283986
1002,-1.2573721910725466,0.17767940075515526,-2.2603242803803667,1.2012528969240606,-0.41702107268800304,0.44544493372564364,0.8417196695459577,-2.2056355641699628,0.40683742795524463,-0.651135495119281,-0.4144556004615526,-0.5627025673580887,-0.6266712704212158,-0.053366213807045836,0.0,0.6882113771853678,-0.5664572772702333,1.1046517903730857
1003,-0.6901638775236811,-0.6920146210898359,-2.2603242803803667,1.2012528969240606,-0.41702107268800304,0.44544493372564364,0.8417196695459577,-2.2056355641699628,0.40683742795524463,-0.651135495119281,-0.4144556004615526,0.1950185345686998,0.5294667597965472,-0.053366213807045836,0.0,-0.8930772127243898,2.950733787502384,1.4848960616177729
1004,-1.2127971576383016,0.5178399999071356,-2.2603242803803667,1.2012528969240606,-0.41702107268800304,0.44544493372564364,0.8417196695459577,-2.2056355641699628,0.40683742795524463,-0.651135495119281,-0.4144556004615526,-1.7374527387376282,-2.3864407321899583,-0.053366213807045836,0.0,-0.8930772127243898,-0.5664572772702333,1.8651403328624598
1005,-1.6452618553355312,1.168378992715557,-2.2603242803803667,1.2012528969240606,-0.41702107268800304,0.44544493372564364,0.8417196695459577,-2.2056355641699628,0.40683742795524463,-0.651135495119281,-0.4144556004615526,0.22581690452607303,0.6494381962403607,-0.053366213807045836,0.0,-0.8930772127243898,-0.5664572772702333,2.245384604107147
1006,0.017095316722317847,0.27241049700503345,-1.6419009293644813,-0.37042457956726516,-0.41702107268800304,0.14257789727191675,-0.5400692383785933,-2.2056355641699628,0.40683742795524463,1.5357786628062884,-0.4144556004615526,-0.8889042857710134,1.1286140518591434,-0.053366213807045836,0.0,-0.8930772127243898,-0.5664572772702333,-1.176813837095037
1007,1.0718031166720068,0.6074547232699331,-1.6419009293644813,-0.37042457956726516,-0.41702107268800304,0.14257789727191675,-0.5400692383785933,-2.2056355641699628,0.40683742795524463,1.5357786628062884,-0.4144556004615526,-0.5939997433072386,0.362023694427613,-0.053366213807045836,0.0,0.6882113771853678,-0.5664572772702333,-0.7965695658503499
1008,0.970780353846232,0.9296968461972904,-1.6419009293644813,-0.37042457956726516,-0.41702107268800304,0.14257789727191675,-0.5400692383785933,-2.2056355641699628,0.40683742795524463,1.5357786628062884,-0.4144556004615526,0.026253907327703448,1.3567254221388998,-0.053366213807045836,0.0,-0.8930772127243898,-0.5664572772702333,-0.41632529460566275
1009,0.37083974648073253,-0.24425379563139002,-1.6419009293644813,-0.37042457956726516,-0.41702107268800304,0.14257789727191675,-0.5400692383785933,-2.2056355641699628,0.40683742795524463,1.5357786628062884,-0.4144556004615526,0.2978421697107549,0.0790869612941522,-0.053366213807045836,0.0,0.6882113771853678,-0.5664572772702333,-0.03608102336097565
1010,1.137132900776744,1.4531829693498215,-1.6419009293644813,-0.37042457956726516,-0.41702107268800304,0.14257789727191675,-0.5400692383785933,-2.2056355641699628,0.40683742795524463,1.5357786628062884,-0.4144556004615526,0.10650947137670032,0.8794699104049334,-0.053366213807045836,0.0,-0.8930772127243898,-0.5664572772702333,0.34416324788371144
1011,0.30486590107301353,0.22847075896460248,-1.6419009293644813,-0.37042457956726516,-0.41702107268800304,0.14257789727191675,-0.5400692383785933,-2.2056355641699628,0.40683742795524463,1.5357786628062884,-0.4144556004615526,-0.3061074850766962,0.467606203469085,-0.053366213807045836,0.0,-0.8930772127243898,-0.5664572772702333,0.7244075191283986
1012,-0.6901638775236811,-0.6920146210898359,-1.6419009293644813,-0.37042457956726516,-0.41702107268800304,0.14257789727191675,-0.5400692383785933,-2.2056355641699628,0.40683742795524463,1.5357786628062884,-0.4144556004615526,-0.6031174528313423,-1.4375751556971499,-0.053366213807045836,0.0,-0.8930772127243898,-0.5664572772702333,1.1046517903730857
1013,0.14607233718679458,-0.19624032255568516,-1.6419009293644813,-0.37042457956726516,-0.41702107268800304,0.14257789727191675,-0.5400692383785933,-2.2056355641699628,0.40683742795524463,1.5357786628062884,-0.4144556004615526,-0.6978499907812062,-0.45426807511282824,-0.053366213807045836,0.0,-0.8930772127243898,-0.5664572772702333,1.4848960616177729
1014,-1.2127971576383016,0.5178399999071356,-1.6419009293644813,-0.37042457956726516,-0.41702107268800304,0.14257789727191675,-0.5400692383785933,-2.2056355641699628,0.40683742795524463,1.5357786628062884,-0.4144556004615526,-0.836349854474637,-1.258082159979892,-0.053366213807045836,0.0,-0.8930772127243898,-0.5664572772702333,1.8651403328624598
1015,-0.8536955358016,-1.4655394511907782,-1.6419009293644813,-0.37042457956726516,-0.41702107268800304,0.14257789727191675,-0.5400692383785933,-2.2056355641699628,0.40683742795524463,1.5357786628062884,-0.4144556004615526,-0.7627875708269223,-0.6236314843665781,-0.053366213807045836,0.0,-0.8930772127243898,-0.5664572772702333,2.245384604107147
1016,-1.4511497669741948,-1.002445146638867,-1.6419009293644813,-0.37042457956726516,-0.41702107268800304,0.14257789727191675,-0.5400692383785933,-2.2056355641699628,0.40683742795524463,1.5357786628062884,-0.4144556004615526,-1.6352009904652147,-1.467299530710463,-0.053366213807045836,0.0,-0.8930772127243898,-0.5664572772702333,2.625628875351834
1017,0.017095316722317847,0.27241049700503345,-2.0541831633750713,-0.37042457956726516,0.16676217049808661,0.38487152643489825,1.7144284534983059,0.7319291926560796,0.40683742795524463,-0.651135495119281,-0.4144556004615526,0.1705712409019712,1.1286140518591434,-0.053366213807045836,0.0,-0.8930772127243898,1.1921382551160753,-1.176813837095037
1018,1.0718031166720068,0.6074547232699331,-2.0541831633750713,-0.37042457956726516,0.16676217049808661,0.38487152643489825,1.7144284534983059,0.7319291926560796,0.40683742795524463,-0.651135495119281,-0.4144556004615526,1.1040750543726598,0.362023694427613,-0.053366213807045836,0.0,0.6882113771853678,-0.5664572772702333,-0.7965695658503499
1019,0.970780353846232,0.9296968461972904,-2.0541831633750713,-0.37042457956726516,0.16676217049808661,0.38487152643489825,1.7144284534983059,0.7319291926560796,0.40683742795524463,-0.651135495119281,-0.4144556004615526,-0.41725422019781566,1.3567254221388998,-0.053366213807045836,0.0,-0.8930772127243898,-0.5664572772702333,-0.41632529460566275
1020,0.37083974648073253,-0.24425379563139002,-2.0541831633750713,-0.37042457956726516,0.16676217049808661,0.38487152643489825,1.7144284534983059,0.7319291926560796,0.40683742795524463,-0.651135495119281,-0.4144556004615526,-1.7328086229514006,0.0790869612941522,-0.053366213807045836,0.0,-0.8930772127243898,-0.5664572772702333,-0.03608102336097565
1021,1.137132900776744,1.4531829693498215,-2.0541831633750713,-0.37042457956726516,0.16676217049808661,0.38487152643489825,1.7144284534983059,0.7319291926560796,0.40683742795524463,-0.651135495119281,-0.4144556004615526,-0.6256217231580107,0.8794699104049334,-0.053366213807045836,0.0,-0.8930772127243898,-0.5664572772702333,0.34416324788371144
1022,-1.2573721910725466,0.17767940075515526,-2.0541831633750713,-0.37042457956726516,0.16676217049808661,0.38487152643489825,1.7144284534983059,0.7319291926560796,0.40683742795524463,-0.651135495119281,-0.4144556004615526,0.28093496661739464,-0.7647540070109247,-0.053366213807045836,0.0,-0.8930772127243898,2.950733787502384,0.7244075191283986
1023,0.30486590107301353,0.22847075896460248,-2.0541831633750713,-0.37042457956726516,0.16676217049808661,0.38487152643489825,1.7144284534983059,0.7319291926560796,0.40683742795524463,-0.651135495119281,-0.4144556004615526,-0.2698802499064978,0.467606203469085,-0.053366213807045836,0.0,-0.8930772127243898,-0.5664572772702333,1.1046517903730857
1024,-0.6901638775236811,-0.6920146210898359,-2.0541831633750713,-0.37042457956726516,0.16676217049808661,0.38487152643489825,1.7144284534983059,0.7319291926560796,0.40683742795524463,-0.651135495119281,-0.4144556004615526,-2.0050058926499936,-1.4375751556971499,-0.053366213807045836,0.0,-0.8930772127243898,-0.5664572772702333,1.4848960616177729
1025,-1.2127971576383016,0.5178399999071356,-2.0541831633750713,-0.37042457956726516,0.16676217049808661,0.38487152643489825,1.7144284534983059,0.7319291926560796,0.40683742795524463,-0.651135495119281,-0.4144556004615526,-1.0759507326175919,-1.258082159979892,-0.053366213807045836,0.0,-0.8930772127243898,-0.5664572772702333,1.8651403328624598
1026,-2.6298967840655036,-1.8003907894530935,-2.0541831633750713,-0.37042457956726516,0.16676217049808661,0.38487152643489825,1.7144284534983059,0.7319291926560796,0.40683742795524463,-0.651135495119281,-0.4144556004615526,-0.7968397798701875,0.2778106993271268,-0.053366213807045836,0.0,-0.8930772127243898,-0.5664572772702333,2.245384604107147
1027,0.017095316722317847,0.27241049700503345,-2.6726065143909565,0.022494789555566278,0.16676217049808661,1.778059894122042,2.5144115054546248,0.7319291926560796,0.40683742795524463,-0.651135495119281,-0.4144556004615526,-1.435485451434476,1.1286140518591434,-0.053366213807045836,0.0,-0.8930772127243898,-0.5664572772702333,-1.176813837095037
1028,1.0718031166720068,0.6074547232699331,-2.6726065143909565,0.022494789555566278,0.16676217049808661,1.778059894122042,2.5144115054546248,0.7319291926560796,0.40683742795524463,-0.651135495119281,-0.4144556004615526,-1.5367912083434156,0.362023694427613,-0.053366213807045836,0.0,-0.8930772127243898,-0.5664572772702333,-0.7965695658503499
1029,0.970780353846232,0.9296968461972904,-2.6726065143909565,0.022494789555566278,0.16676217049808661,1.778059894122042,2.5144115054546248,0.7319291926560796,0.40683742795524463,-0.651135495119281,-0.4144556004615526,-0.617084020601089,1.3567254221388998,-0.053366213807045836,0.0,-0.8930772127243898,-0.5664572772702333,-0.41632529460566275
1030,0.37083974648073253,-0.24425379563139002,-2.6726065143909565,0.022494789555566278,0.16676217049808661,1.778059894122042,2.5144115054546248,0.7319291926560796,0.40683742795524463,-0.651135495119281,-0.4144556004615526,-1.2857682529957422,0.0790869612941522,-0.053366213807045836,0.0,-0.8930772127243898,-0.5664572772702333,-0.03608102336097565
1031,0.30486590107301353,0.22847075896460248,-2.6726065143909565,0.022494789555566278,0.16676217049808661,1.778059894122042,2.5144115054546248,0.7319291926560796,0.40683742795524463,-0.651135495119281,-0.4144556004615526,-0.5979031901963746,0.467606203469085,-0.053366213807045836,0.0,-0.8930772127243898,-0.5664572772702333,0.34416324788371144
1032,1.137132900776744,1.4531829693498215,-2.6726065143909565,0.022494789555566278,0.16676217049808661,1.778059894122042,2.5144115054546248,0.7319291926560796,0.40683742795524463,-0.651135495119281,-0.4144556004615526,-0.14100270179861948,0.8794699104049334,-0.053366213807045836,0.0,-0.8930772127243898,-0.5664572772702333,0.7244075191283986
1033,-1.2573721910725466,0.17767940075515526,-2.6726065143909565,0.022494789555566278,0.16676217049808661,1.778059894122042,2.5144115054546248,0.7319291926560796,0.40683742795524463,-0.651135495119281,-0.4144556004615526,-1.7571561554197737,-0.7647540070109247,-0.053366213807045836,0.0,-0.8930772127243898,-0.5664572772702333,1.1046517903730857
1034,-0.6901638775236811,-0.6920146210898359,-2.6726065143909565,0.022494789555566278,0.16676217049808661,1.778059894122042,2.5144115054546248,0.7319291926560796,0.40683742795524463,-0.651135495119281,-0.4144556004615526,-1.2630493800912166,-1.4375751556971499,-0.053366213807045836,0.0,-0.8930772127243898,-0.5664572772702333,1.4848960616177729
1035,-1.2127971576383016,0.5178399999071356,-2.6726065143909565,0.022494789555566278,0.16676217049808661,1.778059894122042,2.5144115054546248,0.7319291926560796,0.40683742795524463,-0.651135495119281,-0.4144556004615526,-2.0050058926499936,-1.258082159979892,-0.053366213807045836,0.0,-0.8930772127243898,-0.5664572772702333,1.8651403328624598
1036,-1.636524589597412,0.1405317035779229,-2.6726065143909565,0.022494789555566278,0.16676217049808661,1.778059894122042,2.5144115054546248,0.7319291926560796,0.40683742795524463,-0.651135495119281,-0.4144556004615526,-2.0050058926499936,-2.241254543457601,-0.053366213807045836,0.0,-0.8930772127243898,-0.5664572772702333,2.245384604107147
1037,-0.8536955358016,-1.4655394511907782,-2.6726065143909565,0.022494789555566278,0.16676217049808661,1.778059894122042,2.5144115054546248,0.7319291926560796,0.40683742795524463,-0.651135495119281,-0.4144556004615526,-0.4201600551033984,-0.6236314843665781,-0.053366213807045836,0.0,-0.8930772127243898,-0.5664572772702333,2.625628875351834
1038,1.0718031166720068,0.6074547232699331,-1.4357598123591861,-0.8943170717310404,-0.41702107268800304,-0.28143595376330094,1.5689769895062478,2.9915943902145736,0.40683742795524463,-0.651135495119281,-0.4144556004615526,-0.43298400914779617,0.362023694427613,-0.053366213807045836,0.0,0.6882113771853678,-0.5664572772702333,-1.176813837095037
1039,-0.12468803895260275,0.4188340884648493,-1.4357598123591861,-0.8943170717310404,-0.41702107268800304,-0.28143595376330094,1.5689769895062478,2.9915943902145736,0.40683742795524463,-0.651135495119281,-0.4144556004615526,-0.3897908903017398,-0.9317784192106568,-0.053366213807045836,0.0,-0.8930772127243898,1.1921382551160753,-0.7965695658503499
1040,0.970780353846232,0.9296968461972904,-1.4357598123591861,-0.8943170717310404,-0.41702107268800304,-0.28143595376330094,1.5689769895062478,2.9915943902145736,0.40683742795524463,-0.651135495119281,-0.4144556004615526,0.6253257035211524,1.3567254221388998,-0.053366213807045836,0.0,2.2694999670951255,-0.5664572772702333,-0.41632529460566275
1041,0.37083974648073253,-0.24425379563139002,-1.4357598123591861,-0.8943170717310404,-0.41702107268800304,-0.28143595376330094,1.5689769895062478,2.9915943902145736,0.40683742795524463,-0.651135495119281,-0.4144556004615526,-0.10540767422264957,0.0790869612941522,-0.053366213807045836,0.0,-0.8930772127243898,-0.5664572772702333,-0.03608102336097565
1042,1.137132900776744,1.4531829693498215,-1.4357598123591861,-0.8943170717310404,-0.41702107268800304,-0.28143595376330094,1.5689769895062478,2.9915943902145736,0.40683742795524463,-0.651135495119281,-0.4144556004615526,-0.7079827124978789,0.8794699104049334,-0.053366213807045836,0.0,0.6882113771853678,-0.5664572772702333,0.34416324788371144
1043,0.017095316722317847,0.27241049700503345,-1.4357598123591861,-0.8943170717310404,-0.41702107268800304,-0.28143595376330094,1.5689769895062478,2.9915943902145736,0.40683742795524463,-0.651135495119281,-0.4144556004615526,-0.5780843521277599,1.1286140518591434,-0.053366213807045836,0.0,-0.8930772127243898,-0.5664572772702333,0.7244075191283986
1044,-1.2573721910725466,0.17767940075515526,-1.4357598123591861,-0.8943170717310404,-0.41702107268800304,-0.28143595376330094,1.5689769895062478,2.9915943902145736,0.40683742795524463,-0.651135495119281,-0.4144556004615526,-0.6393736883498998,-0.7647540070109247,-0.053366213807045836,0.0,-0.8930772127243898,-0.5664572772702333,1.1046517903730857
1045,-0.6901638775236811,-0.6920146210898359,-1.4357598123591861,-0.8943170717310404,-0.41702107268800304,-0.28143595376330094,1.5689769895062478,2.9915943902145736,0.40683742795524463,-0.651135495119281,-0.4144556004615526,-2.0050058926499936,-1.4375751556971499,-0.053366213807045836,0.0,-0.8930772127243898,-0.5664572772702333,1.4848960616177729
1046,-1.2127971576383016,0.5178399999071356,-1.4357598123591861,-0.8943170717310404,-0.41702107268800304,-0.28143595376330094,1.5689769895062478,2.9915943902145736,0.40683742795524463,-0.651135495119281,-0.4144556004615526,0.41640719394213455,-1.258082159979892,-0.053366213807045836,0.0,-0.8930772127243898,1.1921382551160753,1.8651403328624598
1047,-1.6452618553355312,1.168378992715557,-1.4357598123591861,-0.8943170717310404,-0.41702107268800304,-0.28143595376330094,1.5689769895062478,2.9915943902145736,0.40683742795524463,-0.651135495119281,-0.4144556004615526,1.6047254683049665,0.12675881564802063,-0.053366213807045836,0.0,-0.8930772127243898,-0.5664572772702333,2.245384604107147
1048,-0.8536955358016,-1.4655394511907782,-1.4357598123591861,-0.8943170717310404,-0.41702107268800304,-0.28143595376330094,1.5689769895062478,2.9915943902145736,0.40683742795524463,-0.651135495119281,-0.4144556004615526,-2.0050058926499936,-0.6236314843665781,-0.053366213807045836,0.0,-0.8930772127243898,-0.5664572772702333,2.625628875351834
1049,1.0718031166720068,0.6074547232699331,-1.8480420463697762,-1.287236440853872,0.16676217049808661,1.1723258212145882,0.29627667957574016,-0.6238699258790168,0.40683742795524463,1.5357786628062884,2.412803684849147,-0.19337153086549766,0.362023694427613,-0.053366213807045836,0.0,0.6882113771853678,-0.5664572772702333,-1.176813837095037
1050,-0.12468803895260275,0.4188340884648493,-1.8480420463697762,-1.287236440853872,0.16676217049808661,1.1723258212145882,0.29627667957574016,-0.6238699258790168,0.40683742795524463,1.5357786628062884,2.412803684849147,-0.580613182504674,-0.9317784192106568,-0.053366213807045836,0.0,-0.8930772127243898,-0.5664572772702333,-0.7965695658503499
1051,0.970780353846232,0.9296968461972904,-1.8480420463697762,-1.287236440853872,0.16676217049808661,1.1723258212145882,0.29627667957574016,-0.6238699258790168,0.40683742795524463,1.5357786628062884,2.412803684849147,-1.8170615950182172,1.3567254221388998,-0.053366213807045836,0.0,-0.8930772127243898,-0.5664572772702333,-0.41632529460566275
1052,0.37083974648073253,-0.24425379563139002,-1.8480420463697762,-1.287236440853872,0.16676217049808661,1.1723258212145882,0.29627667957574016,-0.6238699258790168,0.40683742795524463,1.5357786628062884,2.412803684849147,-0.07503270935131938,0.0790869612941522,-0.053366213807045836,0.0,0.6882113771853678,-0.5664572772702333,-0.03608102336097565
1053,0.017095316722317847,0.27241049700503345,-1.8480420463697762,-1.287236440853872,0.16676217049808661,1.1723258212145882,0.29627667957574016,-0.6238699258790168,0.40683742795524463,1.5357786628062884,2.412803684849147,0.11587658389669218,1.1286140518591434,-0.053366213807045836,0.0,-0.8930772127243898,1.1921382551160753,0.34416324788371144
1054,1.137132900776744,1.4531829693498215,-1.8480420463697762,-1.287236440853872,0.16676217049808661,1.1723258212145882,0.29627667957574016,-0.6238699258790168,0.40683742795524463,1.5357786628062884,2.412803684849147,1.117247012597367,0.8794699104049334,-0.053366213807045836,0.0,0.6882113771853678,-0.5664572772702333,0.7244075191283986
1055,-0.12468803895260275,0.4188340884648493,0.83179247469906,0.6773604047602854,1.334328656870266,0.6877385628886251,-0.32189204239050634,-0.8498364456348662,-1.7618165702686994,1.5357786628062884,-0.4144556004615526,0.022889866918046866,-0.07014469121451233,-0.053366213807045836,0.0,0.6882113771853678,-0.5664572772702333,-1.176813837095037
1056,1.0718031166720068,0.6074547232699331,0.83179247469906,0.6773604047602854,1.334328656870266,0.6877385628886251,-0.32189204239050634,-0.8498364456348662,-1.7618165702686994,1.5357786628062884,-0.4144556004615526,0.3956545446563562,0.2658335782256204,-0.053366213807045836,0.0,0.6882113771853678,-0.5664572772702333,-0.7965695658503499
1057,0.970780353846232,0.9296968461972904,0.83179247469906,0.6773604047602854,1.334328656870266,0.6877385628886251,-0.32189204239050634,-0.8498364456348662,-1.7618165702686994,1.5357786628062884,-0.4144556004615526,1.235765636271372,0.8584644426980357,-0.053366213807045836,0.0,0.6882113771853678,-0.5664572772702333,-0.41632529460566275
1058,0.37083974648073253,-0.24425379563139002,0.83179247469906,0.6773604047602854,1.334328656870266,0.6877385628886251,-0.32189204239050634,-0.8498364456348662,-1.7618165702686994,1.5357786628062884,-0.4144556004615526,-0.12604432211499134,-1.151807963093652,-0.053366213807045836,0.0,-0.8930772127243898,-0.5664572772702333,-0.03608102336097565
1059,-1.2573721910725466,0.17767940075515526,0.83179247469906,0.6773604047602854,1.334328656870266,0.6877385628886251,-0.32189204239050634,-0.8498364456348662,-1.7618165702686994,1.5357786628062884,-0.4144556004615526,-1.1163830182998609,-0.6262526172520143,-0.053366213807045836,0.0,-0.8930772127243898,-0.5664572772702333,0.34416324788371144
1060,1.137132900776744,1.4531829693498215,0.83179247469906,0.6773604047602854,1.334328656870266,0.6877385628886251,-0.32189204239050634,-0.8498364456348662,-1.7618165702686994,1.5357786628062884,-0.4144556004615526,0.5377678517553318,-0.0016584934266425009,-0.053366213807045836,0.0,-0.8930772127243898,-0.5664572772702333,0.7244075191283986
1061,0.017095316722317847,0.27241049700503345,0.83179247469906,0.6773604047602854,1.334328656870266,0.6877385628886251,-0.32189204239050634,-0.8498364456348662,-1.7618165702686994,1.5357786628062884,-0.4144556004615526,0.20903730296549256,-0.4019819347418898,-0.053366213807045836,0.0,-0.8930772127243898,-0.5664572772702333,1.1046517903730857
1062,-0.6901638775236811,-0.6920146210898359,0.83179247469906,0.6773604047602854,1.334328656870266,0.6877385628886251,-0.32189204239050634,-0.8498364456348662,-1.7618165702686994,1.5357786628062884,-0.4144556004615526,-0.8431939366873865,-1.3413122302483396,-0.053366213807045836,0.0,-0.8930772127243898,-0.5664572772702333,1.4848960616177729
1063,-1.2127971576383016,0.5178399999071356,0.83179247469906,0.6773604047602854,1.334328656870266,0.6877385628886251,-0.32189204239050634,-0.8498364456348662,-1.7618165702686994,1.5357786628062884,-0.4144556004615526,-1.0548268788728172,0.16965256317947972,-0.053366213807045836,0.0,-0.8930772127243898,-0.5664572772702333,1.8651403328624598
1064,-1.6452618553355312,1.168378992715557,0.83179247469906,0.6773604047602854,1.334328656870266,0.6877385628886251,-0.32189204239050634,-0.8498364456348662,-1.7618165702686994,1.5357786628062884,-0.4144556004615526,-1.1096375372715324,-2.4931617958285415,-0.053366213807045836,0.0,-0.8930772127243898,-0.5664572772702333,2.245384604107147
1065,-0.8536955358016,-1.4655394511907782,0.83179247469906,0.6773604047602854,1.334328656870266,0.6877385628886251,-0.32189204239050634,-0.8498364456348662,-1.7618165702686994,1.5357786628062884,-0.4144556004615526,-1.036289856201675,-1.807655456115508,-0.053366213807045836,0.0,-0.8930772127243898,1.1921382551160753,2.625628875351834
1066,-0.12468803895260275,0.4188340884648493,0.4195102406884698,0.5463872817193415,-0.41702107268800304,-0.0391423246003194,-0.7218835683686659,-1.0758029653907155,0.40683742795524463,-0.651135495119281,-0.4144556004615526,0.0823985817509374,-0.07014469121451233,-0.053366213807045836,0.0,-0.8930772127243898,-0.5664572772702333,-1.176813837095037
1067,1.0718031166720068,0.6074547232699331,0.4195102406884698,0.5463872817193415,-0.41702107268800304,-0.0391423246003194,-0.7218835683686659,-1.0758029653907155,0.40683742795524463,-0.651135495119281,-0.4144556004615526,1.1539440534109828,0.2658335782256204,-0.053366213807045836,0.0,0.6882113771853678,-0.5664572772702333,-0.7965695658503499
1068,0.970780353846232,0.9296968461972904,0.4195102406884698,0.5463872817193415,-0.41702107268800304,-0.0391423246003194,-0.7218835683686659,-1.0758029653907155,0.40683742795524463,-0.651135495119281,-0.4144556004615526,0.0161675861684053,0.8584644426980357,-0.053366213807045836,0.0,-0.8930772127243898,-0.5664572772702333,-0.41632529460566275
1069,0.017095316722317847,0.27241049700503345,0.4195102406884698,0.5463872817193415,-0.41702107268800304,-0.0391423246003194,-0.7218835683686659,-1.0758029653907155,0.40683742795524463,-0.651135495119281,-0.4144556004615526,0.08774044591868531,-0.4019819347418898,-0.053366213807045836,0.0,0.6882113771853678,-0.5664572772702333,-0.03608102336097565
1070,0.37083974648073253,-0.24425379563139002,0.4195102406884698,0.5463872817193415,-0.41702107268800304,-0.0391423246003194,-0.7218835683686659,-1.0758029653907155,0.40683742795524463,-0.651135495119281,-0.4144556004615526,-0.6578295100456366,-1.151807963093652,-0.053366213807045836,0.0,-0.8930772127243898,-0.5664572772702333,0.34416324788371144
1071,1.137132900776744,1.4531829693498215,0.4195102406884698,0.5463872817193415,-0.41702107268800304,-0.0391423246003194,-0.7218835683686659,-1.0758029653907155,0.40683742795524463,-0.651135495119281,-0.4144556004615526,-0.580584182156315,-0.0016584934266425009,-0.053366213807045836,0.0,-0.8930772127243898,1.1921382551160753,0.7244075191283986
1072,-1.2573721910725466,0.17767940075515526,0.4195102406884698,0.5463872817193415,-0.41702107268800304,-0.0391423246003194,-0.7218835683686659,-1.0758029653907155,0.40683742795524463,-0.651135495119281,-0.4144556004615526,0.1202672366382615,-0.6262526172520143,-0.053366213807045836,0.0,-0.8930772127243898,1.1921382551160753,1.1046517903730857
1073,-0.6901638775236811,-0.6920146210898359,0.4195102406884698,0.5463872817193415,-0.41702107268800304,-0.0391423246003194,-0.7218835683686659,-1.0758029653907155,0.40683742795524463,-0.651135495119281,-0.4144556004615526,-1.0492066113608218,-1.3413122302483396,-0.053366213807045836,0.0,-0.8930772127243898,-0.5664572772702333,1.4848960616177729
1074,-1.2127971576383016,0.5178399999071356,0.4195102406884698,0.5463872817193415,-0.41702107268800304,-0.0391423246003194,-0.7218835683686659,-1.0758029653907155,0.40683742795524463,-0.651135495119281,-0.4144556004615526,-1.264012191656739,0.16965256317947972,-0.053366213807045836,0.0,-0.8930772127243898,-0.5664572772702333,1.8651403328624598
1075,-1.6452618553355312,1.168378992715557,0.4195102406884698,0.5463872817193415,-0.41702107268800304,-0.0391423246003194,-0.7218835683686659,-1.0758029653907155,0.40683742795524463,-0.651135495119281,-0.4144556004615526,-1.8712151055231148,-2.4931617958285415,-0.053366213807045836,0.0,-0.8930772127243898,-0.5664572772702333,2.245384604107147
1076,-0.8536955358016,-1.4655394511907782,0.4195102406884698,0.5463872817193415,-0.41702107268800304,-0.0391423246003194,-0.7218835683686659,-1.0758029653907155,0.40683742795524463,-0.651135495119281,-0.4144556004615526,-0.7668708198758847,-1.807655456115508,-0.053366213807045836,0.0,-0.8930772127243898,-0.5664572772702333,2.625628875351834
1077,-0.12468803895260275,0.4188340884648493,0.6256513576937649,1.8561185121287795,-0.41702107268800304,0.7483119701793706,0.29627667957574016,-0.6238699258790168,0.40683742795524463,1.5357786628062884,-0.4144556004615526,0.39624615176288186,-0.07014469121451233,-0.053366213807045836,0.0,0.6882113771853678,2.950733787502384,-1.176813837095037
1078,1.0718031166720068,0.6074547232699331,0.6256513576937649,1.8561185121287795,-0.41702107268800304,0.7483119701793706,0.29627667957574016,-0.6238699258790168,0.40683742795524463,1.5357786628062884,-0.4144556004615526,0.5739486863681554,0.2658335782256204,-0.053366213807045836,0.0,0.6882113771853678,-0.5664572772702333,-0.7965695658503499
1079,0.970780353846232,0.9296968461972904,0.6256513576937649,1.8561185121287795,-0.41702107268800304,0.7483119701793706,0.29627667957574016,-0.6238699258790168,0.40683742795524463,1.5357786628062884,-0.4144556004615526,0.8758423127864758,0.8584644426980357,-0.053366213807045836,0.0,0.6882113771853678,-0.5664572772702333,-0.41632529460566275
1080,0.37083974648073253,-0.24425379563139002,0.6256513576937649,1.8561185121287795,-0.41702107268800304,0.7483119701793706,0.29627667957574016,-0.6238699258790168,0.40683742795524463,1.5357786628062884,-0.4144556004615526,-0.06379217432732873,-1.151807963093652,-0.053366213807045836,0.0,-0.8930772127243898,-0.5664572772702333,-0.03608102336097565
1081,0.017095316722317847,0.27241049700503345,0.6256513576937649,1.8561185121287795,-0.41702107268800304,0.7483119701793706,0.29627667957574016,-0.6238699258790168,0.40683742795524463,1.5357786628062884,-0.4144556004615526,-0.582109600480004,-0.4019819347418898,-0.053366213807045836,0.0,-0.8930772127243898,-0.5664572772702333,0.34416324788371144
1082,1.137132900776744,1.4531829693498215,0.6256513576937649,1.8561185121287795,-0.41702107268800304,0.7483119701793706,0.29627667957574016,-0.6238699258790168,0.40683742795524463,1.5357786628062884,-0.4144556004615526,0.4486497812477911,-0.0016584934266425009,-0.053366213807045836,0.0,0.6882113771853678,1.1921382551160753,0.7244075191283986
1083,-1.2573721910725466,0.17767940075515526,0.6256513576937649,1.8561185121287795,-0.41702107268800304,0.7483119701793706,0.29627667957574016,-0.6238699258790168,0.40683742795524463,1.5357786628062884,-0.4144556004615526,0.06343235392408052,-0.6262526172520143,-0.053366213807045836,0.0,-0.8930772127243898,-0.5664572772702333,1.1046517903730857
1084,-1.2127971576383016,0.5178399999071356,0.6256513576937649,1.8561185121287795,-0.41702107268800304,0.7483119701793706,0.29627667957574016,-0.6238699258790168,0.40683742795524463,1.5357786628062884,-0.4144556004615526,0.25869749949563015,0.16965256317947972,-0.053366213807045836,0.0,-0.8930772127243898,-0.5664572772702333,1.4848960616177729
1085,-1.636524589597412,0.1405317035779229,0.6256513576937649,1.8561185121287795,-0.41702107268800304,0.7483119701793706,0.29627667957574016,-0.6238699258790168,0.40683742795524463,1.5357786628062884,-0.4144556004615526,-1.547636758622755,-1.2191747187117001,-0.053366213807045836,0.0,-0.8930772127243898,-0.5664572772702333,1.8651403328624598
1086,-1.6452618553355312,1.168378992715557,0.6256513576937649,1.8561185121287795,-0.41702107268800304,0.7483119701793706,0.29627667957574016,-0.6238699258790168,0.40683742795524463,1.5357786628062884,-0.4144556004615526,-1.4631639639153764,-2.4931617958285415,-0.053366213807045836,0.0,-0.8930772127243898,-0.5664572772702333,2.245384604107147
1087,-0.8536955358016,-1.4655394511907782,0.6256513576937649,1.8561185121287795,-0.41702107268800304,0.7483119701793706,0.29627667957574016,-0.6238699258790168,0.40683742795524463,1.5357786628062884,-0.4144556004615526,-1.3475389950006433,-1.807655456115508,-0.053366213807045836,0.0,-0.8930772127243898,-0.5664572772702333,2.625628875351834
1088,0.5138513120822684,-1.8003907894530935,0.83179247469906,1.463199143005948,0.7505454136841763,0.32429811914415285,1.3507997935181608,-0.6238699258790168,0.40683742795524463,-0.651135495119281,-0.4144556004615526,0.1726766661928423,-0.2671392096355672,-0.053366213807045836,0.0,-0.8930772127243898,-0.5664572772702333,-1.176813837095037
1089,1.0718031166720068,0.6074547232699331,0.83179247469906,1.463199143005948,0.7505454136841763,0.32429811914415285,1.3507997935181608,-0.6238699258790168,0.40683742795524463,-0.651135495119281,-0.4144556004615526,0.5739486863681554,0.2252242208130659,-0.053366213807045836,0.0,-0.8930772127243898,-0.5664572772702333,-0.7965695658503499
1090,0.970780353846232,0.9296968461972904,0.83179247469906,1.463199143005948,0.7505454136841763,0.32429811914415285,1.3507997935181608,-0.6238699258790168,0.40683742795524463,-0.651135495119281,-0.4144556004615526,0.8758423127864758,-0.03395849554613088,-0.053366213807045836,0.0,0.6882113771853678,-0.5664572772702333,-0.41632529460566275
1091,0.37083974648073253,-0.24425379563139002,0.83179247469906,1.463199143005948,0.7505454136841763,0.32429811914415285,1.3507997935181608,-0.6238699258790168,0.40683742795524463,-0.651135495119281,-0.4144556004615526,-0.06379217432732873,-0.15082643784434138,-0.053366213807045836,0.0,0.6882113771853678,-0.5664572772702333,-0.03608102336097565
1092,0.30486590107301353,0.22847075896460248,0.83179247469906,1.463199143005948,0.7505454136841763,0.32429811914415285,1.3507997935181608,-0.6238699258790168,0.40683742795524463,-0.651135495119281,-0.4144556004615526,-0.7821888038791658,-0.3210180522806423,-0.053366213807045836,0.0,-0.8930772127243898,-0.5664572772702333,0.34416324788371144
1093,1.137132900776744,1.4531829693498215,0.83179247469906,1.463199143005948,0.7505454136841763,0.32429811914415285,1.3507997935181608,-0.6238699258790168,0.40683742795524463,-0.651135495119281,-0.4144556004615526,0.4486497812477911,0.6802365076442346,-0.053366213807045836,0.0,0.6882113771853678,2.950733787502384,0.7244075191283986
1094,0.14607233718679458,-0.19624032255568516,0.83179247469906,1.463199143005948,0.7505454136841763,0.32429811914415285,1.3507997935181608,-0.6238699258790168,0.40683742795524463,-0.651135495119281,-0.4144556004615526,-0.0714714665728205,-0.6046373721030188,-0.053366213807045836,0.0,-0.8930772127243898,1.1921382551160753,1.1046517903730857
1095,-1.2573721910725466,0.17767940075515526,0.83179247469906,1.463199143005948,0.7505454136841763,0.32429811914415285,1.3507997935181608,-0.6238699258790168,0.40683742795524463,-0.651135495119281,-0.4144556004615526,0.06343235392408052,-0.30054045161317283,-0.053366213807045836,0.0,0.6882113771853678,-0.5664572772702333,1.4848960616177729
1096,-0.6901638775236811,-0.6920146210898359,0.83179247469906,1.463199143005948,0.7505454136841763,0.32429811914415285,1.3507997935181608,-0.6238699258790168,0.40683742795524463,-0.651135495119281,-0.4144556004615526,-0.45623068839245756,-0.9816527532807602,-0.053366213807045836,0.0,-0.8930772127243898,-0.5664572772702333,1.8651403328624598
1097,0.5138513120822684,-1.8003907894530935,0.4195102406884698,1.463199143005948,-0.41702107268800304,0.8694587847608612,-0.7582464343666804,-0.171936886367318,0.40683742795524463,-0.651135495119281,-0.4144556004615526,0.1726766661928423,-0.2671392096355672,-0.053366213807045836,0.0,0.6882113771853678,-0.5664572772702333,-1.176813837095037
1098,1.0718031166720068,0.6074547232699331,0.4195102406884698,1.463199143005948,-0.41702107268800304,0.8694587847608612,-0.7582464343666804,-0.171936886367318,0.40683742795524463,-0.651135495119281,-0.4144556004615526,0.5739486863681554,0.2252242208130659,-0.053366213807045836,0.0,-0.8930772127243898,-0.5664572772702333,-0.7965695658503499
1099,0.970780353846232,0.9296968461972904,0.4195102406884698,1.463199143005948,-0.41702107268800304,0.8694587847608612,-0.7582464343666804,-0.171936886367318,0.40683742795524463,-0.651135495119281,-0.4144556004615526,0.8758423127864758,-0.03395849554613088,-0.053366213807045836,0.0,-0.8930772127243898,-0.5664572772702333,-0.41632529460566275
1100,0.37083974648073253,-0.24425379563139002,0.4195102406884698,1.463199143005948,-0.41702107268800304,0.8694587847608612,-0.7582464343666804,-0.171936886367318,0.40683742795524463,-0.651135495119281,-0.4144556004615526,-0.06379217432732873,-0.15082643784434138,-0.053366213807045836,0.0,0.6882113771853678,-0.5664572772702333,-0.03608102336097565
1101,1.137132900776744,1.4531829693498215,0.4195102406884698,1.463199143005948,-0.41702107268800304,0.8694587847608612,-0.7582464343666804,-0.171936886367318,0.40683742795524463,-0.651135495119281,-0.4144556004615526,0.4486497812477911,0.6802365076442346,-0.053366213807045836,0.0,0.6882113771853678,-0.5664572772702333,0.34416324788371144
1102,-1.3858249755927365,0.6269371562722666,0.4195102406884698,1.463199143005948,-0.41702107268800304,0.8694587847608612,-0.7582464343666804,-0.171936886367318,0.40683742795524463,-0.651135495119281,-0.4144556004615526,-1.8323859590981373,-1.3138267395746697,-0.053366213807045836,0.0,-0.8930772127243898,-0.5664572772702333,0.7244075191283986
1103,-1.2573721910725466,0.17767940075515526,0.4195102406884698,1.463199143005948,-0.41702107268800304,0.8694587847608612,-0.7582464343666804,-0.171936886367318,0.40683742795524463,-0.651135495119281,-0.4144556004615526,0.06343235392408052,-0.30054045161317283,-0.053366213807045836,0.0,-0.8930772127243898,-0.5664572772702333,1.1046517903730857
1104,0.14607233718679458,-0.19624032255568516,0.4195102406884698,1.463199143005948,-0.41702107268800304,0.8694587847608612,-0.7582464343666804,-0.171936886367318,0.40683742795524463,-0.651135495119281,-0.4144556004615526,-0.0714714665728205,-0.6046373721030188,-0.053366213807045836,0.0,0.6882113771853678,2.950733787502384,1.4848960616177729
1105,-0.6901638775236811,-0.6920146210898359,0.4195102406884698,1.463199143005948,-0.41702107268800304,0.8694587847608612,-0.7582464343666804,-0.171936886367318,0.40683742795524463,-0.651135495119281,-0.4144556004615526,-0.45623068839245756,-0.9816527532807602,-0.053366213807045836,0.0,-0.8930772127243898,-0.5664572772702333,1.8651403328624598
1106,-0.8536955358016,-1.4655394511907782,0.4195102406884698,1.463199143005948,-0.41702107268800304,0.8694587847608612,-0.7582464343666804,-0.171936886367318,0.40683742795524463,-0.651135495119281,-0.4144556004615526,-1.3475389950006433,-1.237149501519812,-0.053366213807045836,0.0,-0.8930772127243898,-0.5664572772702333,2.245384604107147
1107,0.5138513120822684,-1.8003907894530935,1.037933591704355,-1.5491826869357594,2.501895143242445,0.38487152643489825,-0.24916631039447737,-0.6238699258790168,-1.7618165702686994,1.5357786628062884,-0.4144556004615526,-0.5077411071479061,-0.2671392096355672,-0.053366213807045836,0.0,-0.8930772127243898,-0.5664572772702333,-1.176813837095037
1108,1.0718031166720068,0.6074547232699331,1.037933591704355,-1.5491826869357594,2.501895143242445,0.38487152643489825,-0.24916631039447737,-0.6238699258790168,-1.7618165702686994,1.5357786628062884,-0.4144556004615526,0.2684126161959317,0.2252242208130659,-0.053366213807045836,0.0,0.6882113771853678,-0.5664572772702333,-0.7965695658503499
1109,0.970780353846232,0.9296968461972904,1.037933591704355,-1.5491826869357594,2.501895143242445,0.38487152643489825,-0.24916631039447737,-0.6238699258790168,-1.7618165702686994,1.5357786628062884,-0.4144556004615526,-0.2771999378323368,-0.03395849554613088,-0.053366213807045836,0.0,-0.8930772127243898,-0.5664572772702333,-0.41632529460566275
1110,0.37083974648073253,-0.24425379563139002,1.037933591704355,-1.5491826869357594,2.501895143242445,0.38487152643489825,-0.24916631039447737,-0.6238699258790168,-1.7618165702686994,1.5357786628062884,-0.4144556004615526,-0.03957688344747327,-0.15082643784434138,-0.053366213807045836,0.0,-0.8930772127243898,-0.5664572772702333,-0.03608102336097565
1111,1.137132900776744,1.4531829693498215,1.037933591704355,-1.5491826869357594,2.501895143242445,0.38487152643489825,-0.24916631039447737,-0.6238699258790168,-1.7618165702686994,1.5357786628062884,-0.4144556004615526,-0.3836602166586243,0.6802365076442346,-0.053366213807045836,0.0,-0.8930772127243898,-0.5664572772702333,0.34416324788371144
1112,0.5138513120822684,-0.23101974232667027,0.4195102406884698,-1.0252901947719841,-0.41702107268800304,0.38487152643489825,-1.0491493623507964,0.2799961531443808,0.40683742795524463,1.5357786628062884,-0.4144556004615526,-0.796891980497234,-0.09775759807011321,0.14044144611954992,0.0,-0.8930772127243898,-0.5664572772702333,-1.176813837095037
1113,1.0718031166720068,0.8123032714970676,0.4195102406884698,-1.0252901947719841,-0.41702107268800304,0.38487152643489825,-1.0491493623507964,0.2799961531443808,0.40683742795524463,1.5357786628062884,-0.4144556004615526,-0.8092171285498551,0.6422664854288203,0.14044144611954992,0.0,-0.8930772127243898,-0.5664572772702333,-0.7965695658503499
1114,0.970780353846232,0.24169736485609505,0.4195102406884698,-1.0252901947719841,-0.41702107268800304,0.38487152643489825,-1.0491493623507964,0.2799961531443808,0.40683742795524463,1.5357786628062884,-0.4144556004615526,-0.7831052148873138,0.7209823823945722,0.14044144611954992,0.0,-0.8930772127243898,-0.5664572772702333,-0.41632529460566275
1115,0.37083974648073253,0.054126815316044956,0.4195102406884698,-1.0252901947719841,-0.41702107268800304,0.38487152643489825,-1.0491493623507964,0.2799961531443808,0.40683742795524463,1.5357786628062884,-0.4144556004615526,0.1858196240691906,0.6363507341248849,0.14044144611954992,0.0,0.6882113771853678,1.1921382551160753,-0.03608102336097565
1116,-1.3858249755927365,-1.5620758004069275,0.4195102406884698,-1.0252901947719841,-0.41702107268800304,0.38487152643489825,-1.0491493623507964,0.2799961531443808,0.40683742795524463,1.5357786628062884,-0.4144556004615526,-1.535057567518508,-1.3438332504194013,0.14044144611954992,0.0,-0.8930772127243898,-0.5664572772702333,0.34416324788371144
1117,1.137132900776744,0.788538575889099,0.4195102406884698,-1.0252901947719841,-0.41702107268800304,0.38487152643489825,-1.0491493623507964,0.2799961531443808,0.40683742795524463,1.5357786628062884,-0.4144556004615526,-0.7631587752859188,1.2957021721498414,0.14044144611954992,0.0,-0.8930772127243898,-0.5664572772702333,0.7244075191283986
1118,-1.2573721910725466,0.29906478894515254,0.4195102406884698,-1.0252901947719841,-0.41702107268800304,0.38487152643489825,-1.0491493623507964,0.2799961531443808,0.40683742795524463,1.5357786628062884,-0.4144556004615526,-1.1851022437716048,-1.9513399541322514,0.14044144611954992,0.0,-0.8930772127243898,-0.5664572772702333,1.1046517903730857
1119,0.14607233718679458,0.3965886651552277,0.4195102406884698,-1.0252901947719841,-0.41702107268800304,0.38487152643489825,-1.0491493623507964,0.2799961531443808,0.40683742795524463,1.5357786628062884,-0.4144556004615526,-0.2922511186307141,-0.32164603203444453,0.14044144611954992,0.0,0.6882113771853678,-0.5664572772702333,1.4848960616177729
1120,-1.4903376519904794,-1.8003907894530935,0.4195102406884698,-1.0252901947719841,-0.41702107268800304,0.38487152643489825,-1.0491493623507964,0.2799961531443808,0.40683742795524463,1.5357786628062884,-0.4144556004615526,-1.3245127184035113,-1.0314360757923409,0.14044144611954992,0.0,-0.8930772127243898,-0.5664572772702333,1.8651403328624598
1121,-2.6298967840655036,-0.24706891783126853,0.4195102406884698,-1.0252901947719841,-0.41702107268800304,0.38487152643489825,-1.0491493623507964,0.2799961531443808,0.40683742795524463,1.5357786628062884,-0.4144556004615526,-2.0050058926499936,-0.8770713713830312,0.14044144611954992,0.0,-0.8930772127243898,-0.5664572772702333,2.245384604107147
1122,-2.6298967840655036,-1.8003907894530935,0.4195102406884698,-1.0252901947719841,-0.41702107268800304,0.38487152643489825,-1.0491493623507964,0.2799961531443808,0.40683742795524463,1.5357786628062884,-0.4144556004615526,-2.0050058926499936,-2.7799319358069527,0.14044144611954992,0.0,-0.8930772127243898,-0.5664572772702333,2.625628875351834
1123,-0.12468803895260275,-0.09802383691548121,1.6563569427202405,-1.0252901947719841,-0.41702107268800304,-1.73519772874119,-0.9400607643567529,-0.171936886367318,0.40683742795524463,-0.651135495119281,-0.4144556004615526,-2.0050058926499936,-1.134388350792525,0.14044144611954992,0.0,-0.8930772127243898,-0.5664572772702333,-1.176813837095037
1124,1.0718031166720068,0.8123032714970676,1.6563569427202405,-1.0252901947719841,-0.41702107268800304,-1.73519772874119,-0.9400607643567529,-0.171936886367318,0.40683742795524463,-0.651135495119281,-0.4144556004615526,-0.05141482564766119,0.6422664854288203,0.14044144611954992,0.0,0.6882113771853678,-0.5664572772702333,-0.7965695658503499
1125,0.970780353846232,0.24169736485609505,1.6563569427202405,-1.0252901947719841,-0.41702107268800304,-1.73519772874119,-0.9400607643567529,-0.171936886367318,0.40683742795524463,-0.651135495119281,-0.4144556004615526,0.24339111563169266,0.7209823823945722,0.14044144611954992,0.0,0.6882113771853678,-0.5664572772702333,-0.41632529460566275
1126,0.37083974648073253,0.054126815316044956,1.6563569427202405,-1.0252901947719841,-0.41702107268800304,-1.73519772874119,-0.9400607643567529,-0.171936886367318,0.40683742795524463,-0.651135495119281,-0.4144556004615526,-1.5800719082415164,0.6363507341248849,0.14044144611954992,0.0,-0.8930772127243898,-0.5664572772702333,-0.03608102336097565
1127,1.137132900776744,0.788538575889099,1.6563569427202405,-1.0252901947719841,-0.41702107268800304,-1.73519772874119,-0.9400607643567529,-0.171936886367318,0.40683742795524463,-0.651135495119281,-0.4144556004615526,1.2452487501848006,1.2957021721498414,0.14044144611954992,0.0,0.6882113771853678,1.1921382551160753,0.34416324788371144
1128,-1.3858249755927365,-1.5620758004069275,1.6563569427202405,-1.0252901947719841,-0.41702107268800304,-1.73519772874119,-0.9400607643567529,-0.171936886367318,0.40683742795524463,-0.651135495119281,-0.4144556004615526,-0.8456357660192235,-1.3438332504194013,0.14044144611954992,0.0,-0.8930772127243898,1.1921382551160753,0.7244075191283986
1129,-1.2573721910725466,0.29906478894515254,1.6563569427202405,-1.0252901947719841,-0.41702107268800304,-1.73519772874119,-0.9400607643567529,-0.171936886367318,0.40683742795524463,-0.651135495119281,-0.4144556004615526,-1.5404783126337926,-1.9513399541322514,0.14044144611954992,0.0,-0.8930772127243898,-0.5664572772702333,1.1046517903730857
1130,0.14607233718679458,0.3965886651552277,1.6563569427202405,-1.0252901947719841,-0.41702107268800304,-1.73519772874119,-0.9400607643567529,-0.171936886367318,0.40683742795524463,-0.651135495119281,-0.4144556004615526,-0.9425839305837234,-0.32164603203444453,0.14044144611954992,0.0,-0.8930772127243898,1.1921382551160753,1.4848960616177729
1131,-1.4903376519904794,-1.8003907894530935,1.6563569427202405,-1.0252901947719841,-0.41702107268800304,-1.73519772874119,-0.9400607643567529,-0.171936886367318,0.40683742795524463,-0.651135495119281,-0.4144556004615526,-1.065110402400957,-1.0314360757923409,0.14044144611954992,0.0,-0.8930772127243898,-0.5664572772702333,1.8651403328624598
1132,-2.6298967840655036,-0.24706891783126853,1.6563569427202405,-1.0252901947719841,-0.41702107268800304,-1.73519772874119,-0.9400607643567529,-0.171936886367318,0.40683742795524463,-0.651135495119281,-0.4144556004615526,-0.2679952272631558,-0.8770713713830312,0.14044144611954992,0.0,0.6882113771853678,-0.5664572772702333,2.245384604107147
1133,-0.12468803895260275,-0.09802383691548121,0.2133691236831747,-0.10847833348537753,-0.41702107268800304,-1.1294636558337363,-0.14007771240043385,-0.171936886367318,0.40683742795524463,-0.651135495119281,-0.4144556004615526,-1.3146119994737115,-1.134388350792525,0.14044144611954992,0.0,-0.8930772127243898,-0.5664572772702333,-1.176813837095037
1134,1.0718031166720068,0.8123032714970676,0.2133691236831747,-0.10847833348537753,-0.41702107268800304,-1.1294636558337363,-0.14007771240043385,-0.171936886367318,0.40683742795524463,-0.651135495119281,-0.4144556004615526,-0.010576535088364713,0.6422664854288203,0.14044144611954992,0.0,0.6882113771853678,-0.5664572772702333,-0.7965695658503499
1135,0.970780353846232,0.24169736485609505,0.2133691236831747,-0.10847833348537753,-0.41702107268800304,-1.1294636558337363,-0.14007771240043385,-0.171936886367318,0.40683742795524463,-0.651135495119281,-0.4144556004615526,-2.0050058926499936,0.7209823823945722,0.14044144611954992,0.0,-0.8930772127243898,-0.5664572772702333,-0.41632529460566275
1136,0.37083974648073253,0.054126815316044956,0.2133691236831747,-0.10847833348537753,-0.41702107268800304,-1.1294636558337363,-0.14007771240043385,-0.171936886367318,0.40683742795524463,-0.651135495119281,-0.4144556004615526,1.9744161091172105,0.6363507341248849,0.14044144611954992,0.0,2.2694999670951255,1.1921382551160753,-0.03608102336097565
1137,1.137132900776744,0.788538575889099,0.2133691236831747,-0.10847833348537753,-0.41702107268800304,-1.1294636558337363,-0.14007771240043385,-0.171936886367318,0.40683742795524463,-0.651135495119281,-0.4144556004615526,-1.113192979980359,1.2957021721498414,0.14044144611954992,0.0,-0.8930772127243898,-0.5664572772702333,0.34416324788371144
1138,-1.2573721910725466,0.29906478894515254,0.2133691236831747,-0.10847833348537753,-0.41702107268800304,-1.1294636558337363,-0.14007771240043385,-0.171936886367318,0.40683742795524463,-0.651135495119281,-0.4144556004615526,-1.7328086229514006,-1.9513399541322514,0.14044144611954992,0.0,-0.8930772127243898,-0.5664572772702333,0.7244075191283986
1139,-2.6298967840655036,-1.8003907894530935,0.2133691236831747,-0.10847833348537753,-0.41702107268800304,-1.1294636558337363,-0.14007771240043385,-0.171936886367318,0.40683742795524463,-0.651135495119281,-0.4144556004615526,-1.7015421873715113,-1.8489565013728309,0.14044144611954992,0.0,-0.8930772127243898,-0.5664572772702333,1.1046517903730857
1140,0.14607233718679458,0.3965886651552277,0.2133691236831747,-0.10847833348537753,-0.41702107268800304,-1.1294636558337363,-0.14007771240043385,-0.171936886367318,0.40683742795524463,-0.651135495119281,-0.4144556004615526,-1.7594309427450623,-0.32164603203444453,0.14044144611954992,0.0,-0.8930772127243898,-0.5664572772702333,1.4848960616177729
1141,-1.3858249755927365,-1.5620758004069275,0.2133691236831747,-0.10847833348537753,-0.41702107268800304,-1.1294636558337363,-0.14007771240043385,-0.171936886367318,0.40683742795524463,-0.651135495119281,-0.4144556004615526,-0.4392132839753326,-1.3438332504194013,0.14044144611954992,0.0,-0.8930772127243898,1.1921382551160753,1.8651403328624598
1142,-0.6901638775236811,-0.868793868863685,0.2133691236831747,-0.10847833348537753,-0.41702107268800304,-1.1294636558337363,-0.14007771240043385,-0.171936886367318,0.40683742795524463,-0.651135495119281,-0.4144556004615526,-1.3077911175396493,-1.102507001842238,0.14044144611954992,0.0,-0.8930772127243898,-0.5664572772702333,2.245384604107147
1143,-2.6298967840655036,-1.8003907894530935,0.2133691236831747,-0.10847833348537753,-0.41702107268800304,-1.1294636558337363,-0.14007771240043385,-0.171936886367318,0.40683742795524463,-0.651135495119281,-0.4144556004615526,-2.0050058926499936,-2.7799319358069527,0.14044144611954992,0.0,-0.8930772127243898,-0.5664572772702333,2.625628875351834
1144,-0.12468803895260275,-0.09802383691548121,0.4195102406884698,-0.6323708256491528,-0.41702107268800304,-1.3111838777059723,-1.0491493623507964,0.5059626729002302,0.40683742795524463,1.5357786628062884,-0.4144556004615526,-2.0050058926499936,-1.134388350792525,0.14044144611954992,0.0,-0.8930772127243898,-0.5664572772702333,-1.176813837095037
1145,1.0718031166720068,0.8123032714970676,0.4195102406884698,-0.6323708256491528,-0.41702107268800304,-1.3111838777059723,-1.0491493623507964,0.5059626729002302,0.40683742795524463,1.5357786628062884,-0.4144556004615526,-0.19750118047183457,0.6422664854288203,0.14044144611954992,0.0,0.6882113771853678,-0.5664572772702333,-0.7965695658503499
1146,0.30486590107301353,-0.336490008450159,0.4195102406884698,-0.6323708256491528,-0.41702107268800304,-1.3111838777059723,-1.0491493623507964,0.5059626729002302,0.40683742795524463,1.5357786628062884,-0.4144556004615526,-1.1590831312238123,-0.3963847238927816,0.14044144611954992,0.0,-0.8930772127243898,-0.5664572772702333,-0.41632529460566275
1147,0.37083974648073253,0.054126815316044956,0.4195102406884698,-0.6323708256491528,-0.41702107268800304,-1.3111838777059723,-1.0491493623507964,0.5059626729002302,0.40683742795524463,1.5357786628062884,-0.4144556004615526,-1.601437044884639,0.6363507341248849,0.14044144611954992,0.0,-0.8930772127243898,-0.5664572772702333,-0.03608102336097565
1148,1.137132900776744,0.788538575889099,0.4195102406884698,-0.6323708256491528,-0.41702107268800304,-1.3111838777059723,-1.0491493623507964,0.5059626729002302,0.40683742795524463,1.5357786628062884,-0.4144556004615526,0.9608249336180072,1.2957021721498414,0.14044144611954992,0.0,0.6882113771853678,1.1921382551160753,0.34416324788371144
1149,0.017095316722317847,-0.3510273590696371,0.4195102406884698,-0.6323708256491528,-0.41702107268800304,-1.3111838777059723,-1.0491493623507964,0.5059626729002302,0.40683742795524463,1.5357786628062884,-0.4144556004615526,0.3178408099391961,-0.06100713073889485,0.14044144611954992,0.0,0.6882113771853678,1.1921382551160753,0.7244075191283986
1150,0.14607233718679458,0.3965886651552277,0.4195102406884698,-0.6323708256491528,-0.41702107268800304,-1.3111838777059723,-1.0491493623507964,0.5059626729002302,0.40683742795524463,1.5357786628062884,-0.4144556004615526,-0.3571480981887272,-0.32164603203444453,0.14044144611954992,0.0,-0.8930772127243898,2.950733787502384,1.1046517903730857
1151,-1.3858249755927365,-1.5620758004069275,0.4195102406884698,-0.6323708256491528,-0.41702107268800304,-1.3111838777059723,-1.0491493623507964,0.5059626729002302,0.40683742795524463,1.5357786628062884,-0.4144556004615526,-0.7487688024301291,-1.3438332504194013,0.14044144611954992,0.0,-0.8930772127243898,1.1921382551160753,1.4848960616177729
1152,-0.6901638775236811,-0.868793868863685,0.4195102406884698,-0.6323708256491528,-0.41702107268800304,-1.3111838777059723,-1.0491493623507964,0.5059626729002302,0.40683742795524463,1.5357786628062884,-0.4144556004615526,-2.0050058926499936,-1.102507001842238,0.14044144611954992,0.0,-0.8930772127243898,-0.5664572772702333,1.8651403328624598
1153,-1.6452618553355312,0.09560145957827565,0.4195102406884698,-0.6323708256491528,-0.41702107268800304,-1.3111838777059723,-1.0491493623507964,0.5059626729002302,0.40683742795524463,1.5357786628062884,-0.4144556004615526,-1.6066089670110022,-1.2710149024458801,0.14044144611954992,0.0,-0.8930772127243898,-0.5664572772702333,2.245384604107147
1154,-1.9510811343395422,-1.8003907894530935,0.4195102406884698,-0.6323708256491528,-0.41702107268800304,-1.3111838777059723,-1.0491493623507964,0.5059626729002302,0.40683742795524463,1.5357786628062884,-0.4144556004615526,-0.984889638769991,-1.3417308834175412,0.14044144611954992,0.0,-0.8930772127243898,-0.5664572772702333,2.625628875351834
1155,-0.5857510555915164,-1.8003907894530935,-1.229618695353891,-0.5013977026082089,-0.41702107268800304,-1.6746243214504446,-0.8673350323607238,0.0540296333885314,0.40683742795524463,-0.651135495119281,-0.4144556004615526,-1.5481924052973155,-0.4393694829827629,0.14044144611954992,0.0,-0.8930772127243898,-0.5664572772702333,-1.176813837095037
1156,1.0718031166720068,0.8123032714970676,-1.229618695353891,-0.5013977026082089,-0.41702107268800304,-1.6746243214504446,-0.8673350323607238,0.0540296333885314,0.40683742795524463,-0.651135495119281,-0.4144556004615526,0.20396804207232067,0.6422664854288203,0.14044144611954992,0.0,0.6882113771853678,-0.5664572772702333,-0.7965695658503499
1157,0.30486590107301353,-0.336490008450159,-1.229618695353891,-0.5013977026082089,-0.41702107268800304,-1.6746243214504446,-0.8673350323607238,0.0540296333885314,0.40683742795524463,-0.651135495119281,-0.4144556004615526,-1.730626056733894,-0.3963847238927816,0.14044144611954992,0.0,-0.8930772127243898,-0.5664572772702333,-0.41632529460566275
1158,0.37083974648073253,0.054126815316044956,-1.229618695353891,-0.5013977026082089,-0.41702107268800304,-1.6746243214504446,-0.8673350323607238,0.0540296333885314,0.40683742795524463,-0.651135495119281,-0.4144556004615526,-0.30381645755632664,0.6363507341248849,0.14044144611954992,0.0,0.6882113771853678,-0.5664572772702333,-0.03608102336097565
1159,1.137132900776744,0.788538575889099,-1.229618695353891,-0.5013977026082089,-0.41702107268800304,-1.6746243214504446,-0.8673350323607238,0.0540296333885314,0.40683742795524463,-0.651135495119281,-0.4144556004615526,2.7495432201291354,1.2957021721498414,0.14044144611954992,0.0,0.6882113771853678,4.709329319888692,0.34416324788371144
1160,0.017095316722317847,-0.3510273590696371,-1.229618695353891,-0.5013977026082089,-0.41702107268800304,-1.6746243214504446,-0.8673350323607238,0.0540296333885314,0.40683742795524463,-0.651135495119281,-0.4144556004615526,-0.018192026567466386,-0.06100713073889485,0.14044144611954992,0.0,-0.8930772127243898,1.1921382551160753,0.7244075191283986
1161,0.14607233718679458,0.3965886651552277,-1.229618695353891,-0.5013977026082089,-0.41702107268800304,-1.6746243214504446,-0.8673350323607238,0.0540296333885314,0.40683742795524463,-0.651135495119281,-0.4144556004615526,-0.7942993493539295,-0.32164603203444453,0.14044144611954992,0.0,-0.8930772127243898,-0.5664572772702333,1.1046517903730857
1162,-1.3858249755927365,-1.5620758004069275,-1.229618695353891,-0.5013977026082089,-0.41702107268800304,-1.6746243214504446,-0.8673350323607238,0.0540296333885314,0.40683742795524463,-0.651135495119281,-0.4144556004615526,-2.0050058926499936,-1.3438332504194013,0.14044144611954992,0.0,-0.8930772127243898,-0.5664572772702333,1.4848960616177729
1163,-1.6452618553355312,0.09560145957827565,-1.229618695353891,-0.5013977026082089,-0.41702107268800304,-1.6746243214504446,-0.8673350323607238,0.0540296333885314,0.40683742795524463,-0.651135495119281,-0.4144556004615526,-2.0050058926499936,-1.2710149024458801,0.14044144611954992,0.0,-0.8930772127243898,-0.5664572772702333,1.8651403328624598
1164,1.0718031166720068,0.8123032714970676,0.4195102406884698,1.0702797738831167,-0.41702107268800304,0.990605599342352,-0.030989114406390354,-1.301769485146565,0.40683742795524463,-0.651135495119281,-0.4144556004615526,0.3956545446563562,0.362023694427613,0.14044144611954992,0.0,0.6882113771853678,-0.5664572772702333,-1.176813837095037
1165,-0.12468803895260275,-0.09802383691548121,0.4195102406884698,1.0702797738831167,-0.41702107268800304,0.990605599342352,-0.030989114406390354,-1.301769485146565,0.40683742795524463,-0.651135495119281,-0.4144556004615526,0.022889866918046866,-0.9317784192106568,0.14044144611954992,0.0,0.6882113771853678,1.1921382551160753,-0.7965695658503499
1166,0.970780353846232,0.24169736485609505,0.4195102406884698,1.0702797738831167,-0.41702107268800304,0.990605599342352,-0.030989114406390354,-1.301769485146565,0.40683742795524463,-0.651135495119281,-0.4144556004615526,1.235765636271372,1.3567254221388998,0.14044144611954992,0.0,-0.8930772127243898,-0.5664572772702333,-0.41632529460566275
1167,0.37083974648073253,0.054126815316044956,0.4195102406884698,1.0702797738831167,-0.41702107268800304,0.990605599342352,-0.030989114406390354,-1.301769485146565,0.40683742795524463,-0.651135495119281,-0.4144556004615526,-0.12604432211499134,0.0790869612941522,0.14044144611954992,0.0,0.6882113771853678,-0.5664572772702333,-0.03608102336097565
1168,1.137132900776744,0.788538575889099,0.4195102406884698,1.0702797738831167,-0.41702107268800304,0.990605599342352,-0.030989114406390354,-1.301769485146565,0.40683742795524463,-0.651135495119281,-0.4144556004615526,0.5377678517553318,0.8794699104049334,0.14044144611954992,0.0,-0.8930772127243898,2.950733787502384,0.34416324788371144
1169,0.14607233718679458,0.3965886651552277,0.4195102406884698,1.0702797738831167,-0.41702107268800304,0.990605599342352,-0.030989114406390354,-1.301769485146565,0.40683742795524463,-0.651135495119281,-0.4144556004615526,-0.3797567697694883,-0.45426807511282824,0.14044144611954992,0.0,-0.8930772127243898,-0.5664572772702333,0.7244075191283986
1170,0.017095316722317847,-0.3510273590696371,0.4195102406884698,1.0702797738831167,-0.41702107268800304,0.990605599342352,-0.030989114406390354,-1.301769485146565,0.40683742795524463,-0.651135495119281,-0.4144556004615526,0.20903730296549256,1.1286140518591434,0.14044144611954992,0.0,-0.8930772127243898,-0.5664572772702333,1.1046517903730857
1171,-1.061677409431791,-1.8003907894530935,0.4195102406884698,1.0702797738831167,-0.41702107268800304,0.990605599342352,-0.030989114406390354,-1.301769485146565,0.40683742795524463,-0.651135495119281,-0.4144556004615526,0.61557578640282,-0.31586679806829226,0.14044144611954992,0.0,-0.8930772127243898,2.950733787502384,1.4848960616177729
1172,1.0718031166720068,0.8123032714970676,0.6256513576937649,1.594172266046892,-0.41702107268800304,0.506018341016389,0.15082521558368214,-0.6238699258790168,0.40683742795524463,1.5357786628062884,-0.4144556004615526,0.3956545446563562,0.362023694427613,0.14044144611954992,0.0,0.6882113771853678,-0.5664572772702333,-1.176813837095037
1173,-0.12468803895260275,-0.09802383691548121,0.6256513576937649,1.594172266046892,-0.41702107268800304,0.506018341016389,0.15082521558368214,-0.6238699258790168,0.40683742795524463,1.5357786628062884,-0.4144556004615526,0.022889866918046866,-0.9317784192106568,0.14044144611954992,0.0,-0.8930772127243898,-0.5664572772702333,-0.7965695658503499
1174,0.970780353846232,0.24169736485609505,0.6256513576937649,1.594172266046892,-0.41702107268800304,0.506018341016389,0.15082521558368214,-0.6238699258790168,0.40683742795524463,1.5357786628062884,-0.4144556004615526,1.235765636271372,1.3567254221388998,0.14044144611954992,0.0,0.6882113771853678,-0.5664572772702333,-0.41632529460566275
1175,0.37083974648073253,0.054126815316044956,0.6256513576937649,1.594172266046892,-0.41702107268800304,0.506018341016389,0.15082521558368214,-0.6238699258790168,0.40683742795524463,1.5357786628062884,-0.4144556004615526,-0.12604432211499134,0.0790869612941522,0.14044144611954992,0.0,0.6882113771853678,1.1921382551160753,-0.03608102336097565
1176,1.0718031166720068,0.8123032714970676,0.4195102406884698,0.5463872817193415,1.334328656870266,1.1117524139238428,-0.14007771240043385,-0.171936886367318,-1.7618165702686994,-0.651135495119281,-0.4144556004615526,0.5739486863681554,0.362023694427613,0.14044144611954992,0.0,0.6882113771853678,-0.5664572772702333,-1.176813837095037
1177,-0.12468803895260275,-0.09802383691548121,0.4195102406884698,0.5463872817193415,1.334328656870266,1.1117524139238428,-0.14007771240043385,-0.171936886367318,-1.7618165702686994,-0.651135495119281,-0.4144556004615526,0.39624615176288186,-0.9317784192106568,0.14044144611954992,0.0,-0.8930772127243898,-0.5664572772702333,-0.7965695658503499
1178,0.970780353846232,0.24169736485609505,0.4195102406884698,0.5463872817193415,1.334328656870266,1.1117524139238428,-0.14007771240043385,-0.171936886367318,-1.7618165702686994,-0.651135495119281,-0.4144556004615526,0.8758423127864758,1.3567254221388998,0.14044144611954992,0.0,0.6882113771853678,-0.5664572772702333,-0.41632529460566275
1179,-2.6298967840655036,-1.8003907894530935,0.4195102406884698,0.5463872817193415,1.334328656870266,1.1117524139238428,-0.14007771240043385,-0.171936886367318,-1.7618165702686994,-0.651135495119281,-0.4144556004615526,-2.0050058926499936,-1.8169932420198742,0.14044144611954992,0.0,-0.8930772127243898,-0.5664572772702333,-0.03608102336097565
1180,1.137132900776744,0.788538575889099,0.4195102406884698,0.5463872817193415,1.334328656870266,1.1117524139238428,-0.14007771240043385,-0.171936886367318,-1.7618165702686994,-0.651135495119281,-0.4144556004615526,0.4486497812477911,0.8794699104049334,0.14044144611954992,0.0,-0.8930772127243898,-0.5664572772702333,0.34416324788371144
1181,0.017095316722317847,-0.3510273590696371,0.4195102406884698,0.5463872817193415,1.334328656870266,1.1117524139238428,-0.14007771240043385,-0.171936886367318,-1.7618165702686994,-0.651135495119281,-0.4144556004615526,-0.582109600480004,1.1286140518591434,0.14044144611954992,0.0,0.6882113771853678,-0.5664572772702333,0.7244075191283986
1182,-1.061677409431791,-1.8003907894530935,0.4195102406884698,0.5463872817193415,1.334328656870266,1.1117524139238428,-0.14007771240043385,-0.171936886367318,-1.7618165702686994,-0.651135495119281,-0.4144556004615526,-1.3689180518109783,-0.31586679806829226,0.14044144611954992,0.0,-0.8930772127243898,-0.5664572772702333,1.1046517903730857
1183,0.14607233718679458,0.3965886651552277,0.4195102406884698,0.5463872817193415,1.334328656870266,1.1117524139238428,-0.14007771240043385,-0.171936886367318,-1.7618165702686994,-0.651135495119281,-0.4144556004615526,-0.0714714665728205,-0.45426807511282824,0.14044144611954992,0.0,-0.8930772127243898,1.1921382551160753,1.4848960616177729
1184,-2.6298967840655036,-0.24706891783126853,0.4195102406884698,0.5463872817193415,1.334328656870266,1.1117524139238428,-0.14007771240043385,-0.171936886367318,-1.7618165702686994,-0.651135495119281,-0.4144556004615526,0.9891640740345284,0.2778106993271268,0.14044144611954992,0.0,-0.8930772127243898,2.950733787502384,1.8651403328624598
1185,-1.636524589597412,-1.5923026164721303,0.4195102406884698,0.5463872817193415,1.334328656870266,1.1117524139238428,-0.14007771240043385,-0.171936886367318,-1.7618165702686994,-0.651135495119281,-0.4144556004615526,-1.547636758622755,-2.241254543457601,0.14044144611954992,0.0,-0.8930772127243898,-0.5664572772702333,2.245384604107147
1186,1.0718031166720068,0.8123032714970676,0.6256513576937649,0.15346791259651008,-0.41702107268800304,1.1117524139238428,-0.030989114406390354,-0.6238699258790168,0.40683742795524463,1.5357786628062884,-0.4144556004615526,0.3956545446563562,0.362023694427613,0.14044144611954992,0.0,-0.8930772127243898,-0.5664572772702333,-1.176813837095037
1187,-0.12468803895260275,-0.09802383691548121,0.6256513576937649,0.15346791259651008,-0.41702107268800304,1.1117524139238428,-0.030989114406390354,-0.6238699258790168,0.40683742795524463,1.5357786628062884,-0.4144556004615526,0.022889866918046866,-0.9317784192106568,0.14044144611954992,0.0,-0.8930772127243898,-0.5664572772702333,-0.7965695658503499
1188,0.970780353846232,0.24169736485609505,0.6256513576937649,0.15346791259651008,-0.41702107268800304,1.1117524139238428,-0.030989114406390354,-0.6238699258790168,0.40683742795524463,1.5357786628062884,-0.4144556004615526,1.235765636271372,1.3567254221388998,0.14044144611954992,0.0,0.6882113771853678,-0.5664572772702333,-0.41632529460566275
1189,0.37083974648073253,0.054126815316044956,0.6256513576937649,0.15346791259651008,-0.41702107268800304,1.1117524139238428,-0.030989114406390354,-0.6238699258790168,0.40683742795524463,1.5357786628062884,-0.4144556004615526,-0.12604432211499134,0.0790869612941522,0.14044144611954992,0.0,0.6882113771853678,-0.5664572772702333,-0.03608102336097565
1190,1.137132900776744,0.788538575889099,0.6256513576937649,0.15346791259651008,-0.41702107268800304,1.1117524139238428,-0.030989114406390354,-0.6238699258790168,0.40683742795524463,1.5357786628062884,-0.4144556004615526,0.5377678517553318,0.8794699104049334,0.14044144611954992,0.0,0.6882113771853678,-0.5664572772702333,0.34416324788371144
1191,0.017095316722317847,-0.3510273590696371,0.6256513576937649,0.15346791259651008,-0.41702107268800304,1.1117524139238428,-0.030989114406390354,-0.6238699258790168,0.40683742795524463,1.5357786628062884,-0.4144556004615526,0.20903730296549256,1.1286140518591434,0.14044144611954992,0.0,-0.8930772127243898,-0.5664572772702333,0.7244075191283986
1192,1.0718031166720068,0.8123032714970676,0.007228006677879595,-1.6801558099767033,-0.41702107268800304,1.2934726357960789,0.8053568035479431,-0.3979034061231674,0.40683742795524463,-0.651135495119281,-0.4144556004615526,1.1539440534109828,0.362023694427613,0.14044144611954992,0.0,0.6882113771853678,-0.5664572772702333,-1.176813837095037
1193,-0.12468803895260275,-0.09802383691548121,0.007228006677879595,-1.6801558099767033,-0.41702107268800304,1.2934726357960789,0.8053568035479431,-0.3979034061231674,0.40683742795524463,-0.651135495119281,-0.4144556004615526,0.0823985817509374,-0.9317784192106568,0.14044144611954992,0.0,-0.8930772127243898,-0.5664572772702333,-0.7965695658503499
1194,0.970780353846232,0.24169736485609505,0.007228006677879595,-1.6801558099767033,-0.41702107268800304,1.2934726357960789,0.8053568035479431,-0.3979034061231674,0.40683742795524463,-0.651135495119281,-0.4144556004615526,0.0161675861684053,1.3567254221388998,0.14044144611954992,0.0,0.6882113771853678,-0.5664572772702333,-0.41632529460566275
1195,0.37083974648073253,0.054126815316044956,0.007228006677879595,-1.6801558099767033,-0.41702107268800304,1.2934726357960789,0.8053568035479431,-0.3979034061231674,0.40683742795524463,-0.651135495119281,-0.4144556004615526,-0.6578295100456366,0.0790869612941522,0.14044144611954992,0.0,-0.8930772127243898,-0.5664572772702333,-0.03608102336097565
1196,1.137132900776744,0.788538575889099,0.007228006677879595,-1.6801558099767033,-0.41702107268800304,1.2934726357960789,0.8053568035479431,-0.3979034061231674,0.40683742795524463,-0.651135495119281,-0.4144556004615526,-0.580584182156315,0.8794699104049334,0.14044144611954992,0.0,0.6882113771853678,-0.5664572772702333,0.34416324788371144
1197,0.017095316722317847,-0.3510273590696371,0.007228006677879595,-1.6801558099767033,-0.41702107268800304,1.2934726357960789,0.8053568035479431,-0.3979034061231674,0.40683742795524463,-0.651135495119281,-0.4144556004615526,0.08774044591868531,1.1286140518591434,0.14044144611954992,0.0,-0.8930772127243898,-0.5664572772702333,0.7244075191283986
1198,-1.061677409431791,-1.8003907894530935,0.007228006677879595,-1.6801558099767033,-0.41702107268800304,1.2934726357960789,0.8053568035479431,-0.3979034061231674,0.40683742795524463,-0.651135495119281,-0.4144556004615526,-0.5107049427502071,-0.31586679806829226,0.14044144611954992,0.0,-0.8930772127243898,-0.5664572772702333,1.1046517903730857
1199,0.14607233718679458,0.3965886651552277,0.007228006677879595,-1.6801558099767033,-0.41702107268800304,1.2934726357960789,0.8053568035479431,-0.3979034061231674,0.40683742795524463,-0.651135495119281,-0.4144556004615526,-0.15825210900261702,-0.45426807511282824,0.14044144611954992,0.0,0.6882113771853678,1.1921382551160753,1.4848960616177729
1200,-1.2127971576383016,-0.21132133434074837,0.007228006677879595,-1.6801558099767033,-0.41702107268800304,1.2934726357960789,0.8053568035479431,-0.3979034061231674,0.40683742795524463,-0.651135495119281,-0.4144556004615526,-1.264012191656739,-1.258082159979892,0.14044144611954992,0.0,-0.8930772127243898,-0.5664572772702333,1.8651403328624598
1201,-2.6298967840655036,-0.24706891783126853,0.007228006677879595,-1.6801558099767033,-0.41702107268800304,1.2934726357960789,0.8053568035479431,-0.3979034061231674,0.40683742795524463,-0.651135495119281,-0.4144556004615526,-0.996083773236607,0.2778106993271268,0.14044144611954992,0.0,-0.8930772127243898,-0.5664572772702333,2.245384604107147
1202,-1.6452618553355312,0.09560145957827565,0.007228006677879595,-1.6801558099767033,-0.41702107268800304,1.2934726357960789,0.8053568035479431,-0.3979034061231674,0.40683742795524463,-0.651135495119281,-0.4144556004615526,-1.8712151055231148,0.12675881564802063,0.14044144611954992,0.0,-0.8930772127243898,-0.5664572772702333,2.625628875351834
1203,0.37083974648073253,0.054126815316044956,0.83179247469906,-0.8943170717310404,-0.41702107268800304,-0.09971573189106478,0.5144538755638272,0.0540296333885314,0.40683742795524463,-0.651135495119281,-0.4144556004615526,-0.6578295100456366,0.0790869612941522,0.14044144611954992,0.0,-0.8930772127243898,-0.5664572772702333,-1.176813837095037
1204,1.0718031166720068,0.8123032714970676,0.83179247469906,-0.8943170717310404,-0.41702107268800304,-0.09971573189106478,0.5144538755638272,0.0540296333885314,0.40683742795524463,-0.651135495119281,-0.4144556004615526,1.1539440534109828,0.362023694427613,0.14044144611954992,0.0,0.6882113771853678,-0.5664572772702333,-0.7965695658503499
1205,0.970780353846232,0.24169736485609505,0.83179247469906,-0.8943170717310404,-0.41702107268800304,-0.09971573189106478,0.5144538755638272,0.0540296333885314,0.40683742795524463,-0.651135495119281,-0.4144556004615526,0.0161675861684053,1.3567254221388998,0.14044144611954992,0.0,2.2694999670951255,2.950733787502384,-0.41632529460566275
1206,-1.3858249755927365,-1.5620758004069275,0.83179247469906,-0.8943170717310404,-0.41702107268800304,-0.09971573189106478,0.5144538755638272,0.0540296333885314,0.40683742795524463,-0.651135495119281,-0.4144556004615526,-0.012844362330046866,-0.9541490602953856,0.14044144611954992,0.0,-0.8930772127243898,2.950733787502384,-0.03608102336097565
1207,1.137132900776744,0.788538575889099,0.83179247469906,-0.8943170717310404,-0.41702107268800304,-0.09971573189106478,0.5144538755638272,0.0540296333885314,0.40683742795524463,-0.651135495119281,-0.4144556004615526,-0.580584182156315,0.8794699104049334,0.14044144611954992,0.0,-0.8930772127243898,-0.5664572772702333,0.34416324788371144
1208,0.30486590107301353,-0.336490008450159,0.83179247469906,-0.8943170717310404,-0.41702107268800304,-0.09971573189106478,0.5144538755638272,0.0540296333885314,0.40683742795524463,-0.651135495119281,-0.4144556004615526,-0.6036336590321345,0.467606203469085,0.14044144611954992,0.0,0.6882113771853678,-0.5664572772702333,0.7244075191283986
1209,0.14607233718679458,0.3965886651552277,0.83179247469906,-0.8943170717310404,-0.41702107268800304,-0.09971573189106478,0.5144538755638272,0.0540296333885314,0.40683742795524463,-0.651135495119281,-0.4144556004615526,-0.15825210900261702,-0.45426807511282824,0.14044144611954992,0.0,-0.8930772127243898,-0.5664572772702333,1.1046517903730857
1210,-1.061677409431791,-1.8003907894530935,0.83179247469906,-0.8943170717310404,-0.41702107268800304,-0.09971573189106478,0.5144538755638272,0.0540296333885314,0.40683742795524463,-0.651135495119281,-0.4144556004615526,-0.5107049427502071,-0.31586679806829226,0.14044144611954992,0.0,-0.8930772127243898,-0.5664572772702333,1.4848960616177729
1211,0.37083974648073253,0.054126815316044956,0.6256513576937649,-0.8943170717310404,-0.41702107268800304,0.6877385628886251,0.18718808158169664,-0.6238699258790168,0.40683742795524463,-0.651135495119281,-0.4144556004615526,-0.12604432211499134,0.0790869612941522,0.14044144611954992,0.0,0.6882113771853678,-0.5664572772702333,-1.176813837095037
1212,1.0718031166720068,0.8123032714970676,0.6256513576937649,-0.8943170717310404,-0.41702107268800304,0.6877385628886251,0.18718808158169664,-0.6238699258790168,0.40683742795524463,-0.651135495119281,-0.4144556004615526,0.3956545446563562,0.362023694427613,0.14044144611954992,0.0,0.6882113771853678,1.1921382551160753,-0.7965695658503499
1213,0.970780353846232,0.24169736485609505,0.6256513576937649,-0.8943170717310404,-0.41702107268800304,0.6877385628886251,0.18718808158169664,-0.6238699258790168,0.40683742795524463,-0.651135495119281,-0.4144556004615526,1.235765636271372,1.3567254221388998,0.14044144611954992,0.0,-0.8930772127243898,-0.5664572772702333,-0.41632529460566275
1214,1.137132900776744,0.788538575889099,0.6256513576937649,-0.8943170717310404,-0.41702107268800304,0.6877385628886251,0.18718808158169664,-0.6238699258790168,0.40683742795524463,-0.651135495119281,-0.4144556004615526,0.5377678517553318,0.8794699104049334,0.14044144611954992,0.0,-0.8930772127243898,-0.5664572772702333,-0.03608102336097565
1215,0.30486590107301353,-0.336490008450159,0.6256513576937649,-0.8943170717310404,-0.41702107268800304,0.6877385628886251,0.18718808158169664,-0.6238699258790168,0.40683742795524463,-0.651135495119281,-0.4144556004615526,0.2718346573023064,0.467606203469085,0.14044144611954992,0.0,-0.8930772127243898,1.1921382551160753,0.34416324788371144
1216,0.14607233718679458,0.3965886651552277,0.6256513576937649,-0.8943170717310404,-0.41702107268800304,0.6877385628886251,0.18718808158169664,-0.6238699258790168,0.40683742795524463,-0.651135495119281,-0.4144556004615526,-0.3797567697694883,-0.45426807511282824,0.14044144611954992,0.0,0.6882113771853678,1.1921382551160753,0.7244075191283986
1217,-1.3858249755927365,-1.5620758004069275,0.6256513576937649,-0.8943170717310404,-0.41702107268800304,0.6877385628886251,0.18718808158169664,-0.6238699258790168,0.40683742795524463,-0.651135495119281,-0.4144556004615526,-1.3628395787949092,-0.9541490602953856,0.14044144611954992,0.0,-0.8930772127243898,-0.5664572772702333,1.1046517903730857
1218,-1.061677409431791,-1.8003907894530935,0.6256513576937649,-0.8943170717310404,-0.41702107268800304,0.6877385628886251,0.18718808158169664,-0.6238699258790168,0.40683742795524463,-0.651135495119281,-0.4144556004615526,0.61557578640282,-0.31586679806829226,0.14044144611954992,0.0,-0.8930772127243898,-0.5664572772702333,1.4848960616177729
1219,-1.297244079178044,-1.8003907894530935,0.2133691236831747,-1.0252901947719841,-0.41702107268800304,-1.8563445433226808,0.11446234958566764,-0.3979034061231674,0.40683742795524463,-0.651135495119281,-0.4144556004615526,-1.1630097783916356,-1.1765267023882506,0.14044144611954992,0.0,-0.8930772127243898,-0.5664572772702333,-1.176813837095037
1220,1.0718031166720068,0.8123032714970676,0.2133691236831747,-1.0252901947719841,-0.41702107268800304,-1.8563445433226808,0.11446234958566764,-0.3979034061231674,0.40683742795524463,-0.651135495119281,-0.4144556004615526,-0.9864498575117111,0.8770399017923932,0.14044144611954992,0.0,-0.8930772127243898,-0.5664572772702333,-0.7965695658503499
1221,0.970780353846232,0.24169736485609505,0.2133691236831747,-1.0252901947719841,-0.41702107268800304,-1.8563445433226808,0.11446234958566764,-0.3979034061231674,0.40683742795524463,-0.651135495119281,-0.4144556004615526,-0.8182420369592096,0.8985823376945709,0.14044144611954992,0.0,-0.8930772127243898,-0.5664572772702333,-0.41632529460566275
1222,0.37083974648073253,0.054126815316044956,0.2133691236831747,-1.0252901947719841,-0.41702107268800304,-1.8563445433226808,0.11446234958566764,-0.3979034061231674,0.40683742795524463,-0.651135495119281,-0.4144556004615526,-0.07662772851107014,-0.04224054737164048,0.14044144611954992,0.0,2.2694999670951255,1.1921382551160753,-0.03608102336097565
1223,1.137132900776744,0.788538575889099,0.2133691236831747,-1.0252901947719841,-0.41702107268800304,-1.8563445433226808,0.11446234958566764,-0.3979034061231674,0.40683742795524463,-0.651135495119281,-0.4144556004615526,-0.9284259605148065,-0.23387448499574498,0.14044144611954992,0.0,-0.8930772127243898,-0.5664572772702333,0.34416324788371144
1224,0.017095316722317847,-0.3510273590696371,0.2133691236831747,-1.0252901947719841,-0.41702107268800304,-1.8563445433226808,0.11446234958566764,-0.3979034061231674,0.40683742795524463,-0.651135495119281,-0.4144556004615526,-0.8840612275950425,-0.5989582508512405,0.14044144611954992,0.0,-0.8930772127243898,1.1921382551160753,0.7244075191283986
1225,-1.061677409431791,-1.8003907894530935,0.2133691236831747,-1.0252901947719841,-0.41702107268800304,-1.8563445433226808,0.11446234958566764,-0.3979034061231674,0.40683742795524463,-0.651135495119281,-0.4144556004615526,-0.7718704799329951,-1.3790547235674486,0.14044144611954992,0.0,-0.8930772127243898,1.1921382551160753,1.1046517903730857
1226,0.14607233718679458,0.3965886651552277,0.2133691236831747,-1.0252901947719841,-0.41702107268800304,-1.8563445433226808,0.11446234958566764,-0.3979034061231674,0.40683742795524463,-0.651135495119281,-0.4144556004615526,-2.0050058926499936,-0.3217461447488189,0.14044144611954992,0.0,-0.8930772127243898,-0.5664572772702333,1.4848960616177729
1227,-0.6901638775236811,-0.868793868863685,0.2133691236831747,-1.0252901947719841,-0.41702107268800304,-1.8563445433226808,0.11446234958566764,-0.3979034061231674,0.40683742795524463,-0.651135495119281,-0.4144556004615526,-0.3004756174253573,-0.5810198726665375,0.14044144611954992,0.0,-0.8930772127243898,-0.5664572772702333,1.8651403328624598
1228,-1.2127971576383016,-0.21132133434074837,0.2133691236831747,-1.0252901947719841,-0.41702107268800304,-1.8563445433226808,0.11446234958566764,-0.3979034061231674,0.40683742795524463,-0.651135495119281,-0.4144556004615526,-1.611603407005408,-0.5496481884439746,0.14044144611954992,0.0,-0.8930772127243898,-0.5664572772702333,2.245384604107147
1229,-1.9510811343395422,-1.8003907894530935,0.2133691236831747,-1.0252901947719841,-0.41702107268800304,-1.8563445433226808,0.11446234958566764,-0.3979034061231674,0.40683742795524463,-0.651135495119281,-0.4144556004615526,-0.7771311431253373,-1.9900180462729675,0.14044144611954992,0.0,-0.8930772127243898,-0.5664572772702333,2.625628875351834
1230,-1.297244079178044,-1.8003907894530935,-0.19891311032741552,-1.0252901947719841,0.16676217049808661,0.38487152643489825,0.8780825355439722,-0.6238699258790168,0.40683742795524463,1.5357786628062884,2.412803684849147,-0.9619619633572798,-1.1765267023882506,0.14044144611954992,0.0,-0.8930772127243898,-0.5664572772702333,-1.176813837095037
1231,1.0718031166720068,0.8123032714970676,-0.19891311032741552,-1.0252901947719841,0.16676217049808661,0.38487152643489825,0.8780825355439722,-0.6238699258790168,0.40683742795524463,1.5357786628062884,2.412803684849147,1.8877108675931478,0.8770399017923932,0.14044144611954992,0.0,2.2694999670951255,-0.5664572772702333,-0.7965695658503499
1232,0.970780353846232,0.24169736485609505,-0.19891311032741552,-1.0252901947719841,0.16676217049808661,0.38487152643489825,0.8780825355439722,-0.6238699258790168,0.40683742795524463,1.5357786628062884,2.412803684849147,-0.1816553901284177,0.8985823376945709,0.14044144611954992,0.0,-0.8930772127243898,2.950733787502384,-0.41632529460566275
1233,0.37083974648073253,0.054126815316044956,-0.19891311032741552,-1.0252901947719841,0.16676217049808661,0.38487152643489825,0.8780825355439722,-0.6238699258790168,0.40683742795524463,1.5357786628062884,2.412803684849147,-0.470823663686761,-0.04224054737164048,0.14044144611954992,0.0,0.6882113771853678,-0.5664572772702333,-0.03608102336097565
1234,1.137132900776744,0.788538575889099,-0.19891311032741552,-1.0252901947719841,0.16676217049808661,0.38487152643489825,0.8780825355439722,-0.6238699258790168,0.40683742795524463,1.5357786628062884,2.412803684849147,-0.22422210144991736,-0.23387448499574498,0.14044144611954992,0.0,0.6882113771853678,1.1921382551160753,0.34416324788371144
1235,0.017095316722317847,-0.3510273590696371,-0.19891311032741552,-1.0252901947719841,0.16676217049808661,0.38487152643489825,0.8780825355439722,-0.6238699258790168,0.40683742795524463,1.5357786628062884,2.412803684849147,-1.601437044884639,-0.5989582508512405,0.14044144611954992,0.0,-0.8930772127243898,-0.5664572772702333,0.7244075191283986
1236,-1.297244079178044,-1.8003907894530935,-0.6111953443380057,-0.5013977026082089,-0.41702107268800304,-1.6746243214504446,-0.7946093003646949,0.5059626729002302,0.40683742795524463,-0.651135495119281,-0.4144556004615526,-1.5982035060425983,-1.1765267023882506,0.14044144611954992,0.0,-0.8930772127243898,-0.5664572772702333,-1.176813837095037
1237,1.0718031166720068,0.8123032714970676,-0.6111953443380057,-0.5013977026082089,-0.41702107268800304,-1.6746243214504446,-0.7946093003646949,0.5059626729002302,0.40683742795524463,-0.651135495119281,-0.4144556004615526,0.6259637111850529,0.8770399017923932,0.14044144611954992,0.0,0.6882113771853678,-0.5664572772702333,-0.7965695658503499
1238,0.970780353846232,0.24169736485609505,-0.6111953443380057,-0.5013977026082089,-0.41702107268800304,-1.6746243214504446,-0.7946093003646949,0.5059626729002302,0.40683742795524463,-0.651135495119281,-0.4144556004615526,0.8234966839982847,0.8985823376945709,0.14044144611954992,0.0,0.6882113771853678,1.1921382551160753,-0.41632529460566275
1239,0.37083974648073253,0.054126815316044956,-0.6111953443380057,-0.5013977026082089,-0.41702107268800304,-1.6746243214504446,-0.7946093003646949,0.5059626729002302,0.40683742795524463,-0.651135495119281,-0.4144556004615526,1.5046568662570263,-0.04224054737164048,0.14044144611954992,0.0,0.6882113771853678,2.950733787502384,-0.03608102336097565
1240,1.137132900776744,0.788538575889099,-0.6111953443380057,-0.5013977026082089,-0.41702107268800304,-1.6746243214504446,-0.7946093003646949,0.5059626729002302,0.40683742795524463,-0.651135495119281,-0.4144556004615526,-2.0050058926499936,-0.23387448499574498,0.14044144611954992,0.0,-0.8930772127243898,-0.5664572772702333,0.34416324788371144
1241,0.017095316722317847,-0.3510273590696371,-0.6111953443380057,-0.5013977026082089,-0.41702107268800304,-1.6746243214504446,-0.7946093003646949,0.5059626729002302,0.40683742795524463,-0.651135495119281,-0.4144556004615526,1.4372136561130837,-0.5989582508512405,0.14044144611954992,0.0,-0.8930772127243898,-0.5664572772702333,0.7244075191283986
1242,0.14607233718679458,0.3965886651552277,-0.6111953443380057,-0.5013977026082089,-0.41702107268800304,-1.6746243214504446,-0.7946093003646949,0.5059626729002302,0.40683742795524463,-0.651135495119281,-0.4144556004615526,0.13684963582999965,-0.3217461447488189,0.14044144611954992,0.0,-0.8930772127243898,-0.5664572772702333,1.1046517903730857
1243,-1.061677409431791,-1.8003907894530935,-0.6111953443380057,-0.5013977026082089,-0.41702107268800304,-1.6746243214504446,-0.7946093003646949,0.5059626729002302,0.40683742795524463,-0.651135495119281,-0.4144556004615526,-0.6345654305919597,-1.3790547235674486,0.14044144611954992,0.0,-0.8930772127243898,1.1921382551160753,1.4848960616177729
1244,-0.6901638775236811,-0.868793868863685,-0.6111953443380057,-0.5013977026082089,-0.41702107268800304,-1.6746243214504446,-0.7946093003646949,0.5059626729002302,0.40683742795524463,-0.651135495119281,-0.4144556004615526,-1.3980808021208977,-0.5810198726665375,0.14044144611954992,0.0,-0.8930772127243898,-0.5664572772702333,1.8651403328624598
1245,-1.2127971576383016,-0.21132133434074837,-0.6111953443380057,-0.5013977026082089,-0.41702107268800304,-1.6746243214504446,-0.7946093003646949,0.5059626729002302,0.40683742795524463,-0.651135495119281,-0.4144556004615526,-1.6864759263919873,-0.5496481884439746,0.14044144611954992,0.0,-0.8930772127243898,-0.5664572772702333,2.245384604107147
1246,-1.636524589597412,-1.5923026164721303,-0.6111953443380057,-0.5013977026082089,-0.41702107268800304,-1.6746243214504446,-0.7946093003646949,0.5059626729002302,0.40683742795524463,-0.651135495119281,-0.4144556004615526,-2.0050058926499936,-1.2089814241572263,0.14044144611954992,0.0,-0.8930772127243898,-0.5664572772702333,2.625628875351834
1247,0.017095316722317847,-0.3510273590696371,-1.4357598123591861,0.5463872817193415,-0.41702107268800304,0.38487152643489825,2.078057113478451,1.4098287519236279,0.40683742795524463,1.5357786628062884,-0.4144556004615526,-0.8808827894148842,-0.5989582508512405,0.14044144611954992,0.0,-0.8930772127243898,1.1921382551160753,-1.176813837095037
1248,1.0718031166720068,0.8123032714970676,-1.4357598123591861,0.5463872817193415,-0.41702107268800304,0.38487152643489825,2.078057113478451,1.4098287519236279,0.40683742795524463,1.5357786628062884,-0.4144556004615526,-0.1313629860040516,0.8770399017923932,0.14044144611954992,0.0,2.2694999670951255,1.1921382551160753,-0.7965695658503499
1249,0.970780353846232,0.24169736485609505,-1.4357598123591861,0.5463872817193415,-0.41702107268800304,0.38487152643489825,2.078057113478451,1.4098287519236279,0.40683742795524463,1.5357786628062884,-0.4144556004615526,-0.34858719535311833,0.8985823376945709,0.14044144611954992,0.0,-0.8930772127243898,-0.5664572772702333,-0.41632529460566275
1250,0.37083974648073253,0.054126815316044956,-1.4357598123591861,0.5463872817193415,-0.41702107268800304,0.38487152643489825,2.078057113478451,1.4098287519236279,0.40683742795524463,1.5357786628062884,-0.4144556004615526,0.05617066669495976,-0.04224054737164048,0.14044144611954992,0.0,-0.8930772127243898,-0.5664572772702333,-0.03608102336097565
1251,-0.6901638775236811,-0.868793868863685,-1.4357598123591861,0.5463872817193415,-0.41702107268800304,0.38487152643489825,2.078057113478451,1.4098287519236279,0.40683742795524463,1.5357786628062884,-0.4144556004615526,-1.2682810429351998,-0.5810198726665375,0.14044144611954992,0.0,-0.8930772127243898,-0.5664572772702333,0.34416324788371144
1252,-1.061677409431791,-1.8003907894530935,-1.4357598123591861,0.5463872817193415,-0.41702107268800304,0.38487152643489825,2.078057113478451,1.4098287519236279,0.40683742795524463,1.5357786628062884,-0.4144556004615526,-0.9970697850808167,-1.3790547235674486,0.14044144611954992,0.0,-0.8930772127243898,1.1921382551160753,0.7244075191283986
1253,0.30486590107301353,-0.336490008450159,-1.4357598123591861,0.5463872817193415,-0.41702107268800304,0.38487152643489825,2.078057113478451,1.4098287519236279,0.40683742795524463,1.5357786628062884,-0.4144556004615526,-1.5333326267981082,-1.3388549181682432,0.14044144611954992,0.0,-0.8930772127243898,-0.5664572772702333,1.1046517903730857
1254,0.14607233718679458,0.3965886651552277,-1.4357598123591861,0.5463872817193415,-0.41702107268800304,0.38487152643489825,2.078057113478451,1.4098287519236279,0.40683742795524463,1.5357786628062884,-0.4144556004615526,-0.6064872933106707,-0.3217461447488189,0.14044144611954992,0.0,-0.8930772127243898,-0.5664572772702333,1.4848960616177729
1255,-1.297244079178044,-1.8003907894530935,-1.4357598123591861,0.5463872817193415,-0.41702107268800304,0.38487152643489825,2.078057113478451,1.4098287519236279,0.40683742795524463,1.5357786628062884,-0.4144556004615526,-0.7205630636160602,-1.1765267023882506,0.14044144611954992,0.0,-0.8930772127243898,-0.5664572772702333,1.8651403328624598
1256,-1.2127971576383016,-0.21132133434074837,-1.4357598123591861,0.5463872817193415,-0.41702107268800304,0.38487152643489825,2.078057113478451,1.4098287519236279,0.40683742795524463,1.5357786628062884,-0.4144556004615526,-1.2682810429351998,-0.5496481884439746,0.14044144611954992,0.0,-0.8930772127243898,-0.5664572772702333,2.245384604107147
1257,-1.4511497669741948,-0.7546697085701997,-1.4357598123591861,0.5463872817193415,-0.41702107268800304,0.38487152643489825,2.078057113478451,1.4098287519236279,0.40683742795524463,1.5357786628062884,-0.4144556004615526,-1.6845926437695469,-1.7940310258047518,0.14044144611954992,0.0,-0.8930772127243898,-0.5664572772702333,2.625628875351834
1258,0.017095316722317847,-0.3510273590696371,-1.229618695353891,1.7251453890878359,-0.41702107268800304,0.8694587847608612,-1.0491493623507964,1.4098287519236279,0.40683742795524463,1.5357786628062884,-0.4144556004615526,-0.8808827894148842,-0.5989582508512405,0.14044144611954992,0.0,-0.8930772127243898,-0.5664572772702333,-1.176813837095037
1259,1.0718031166720068,0.8123032714970676,-1.229618695353891,1.7251453890878359,-0.41702107268800304,0.8694587847608612,-1.0491493623507964,1.4098287519236279,0.40683742795524463,1.5357786628062884,-0.4144556004615526,-0.1313629860040516,0.8770399017923932,0.14044144611954992,0.0,-0.8930772127243898,-0.5664572772702333,-0.7965695658503499
1260,0.970780353846232,0.24169736485609505,-1.229618695353891,1.7251453890878359,-0.41702107268800304,0.8694587847608612,-1.0491493623507964,1.4098287519236279,0.40683742795524463,1.5357786628062884,-0.4144556004615526,-0.34858719535311833,0.8985823376945709,0.14044144611954992,0.0,0.6882113771853678,2.950733787502384,-0.41632529460566275
1261,0.37083974648073253,0.054126815316044956,-1.229618695353891,1.7251453890878359,-0.41702107268800304,0.8694587847608612,-1.0491493623507964,1.4098287519236279,0.40683742795524463,1.5357786628062884,-0.4144556004615526,0.05617066669495976,-0.04224054737164048,0.14044144611954992,0.0,-0.8930772127243898,-0.5664572772702333,-0.03608102336097565
1262,-1.297244079178044,-1.8003907894530935,-1.229618695353891,1.7251453890878359,-0.41702107268800304,0.8694587847608612,-1.0491493623507964,1.4098287519236279,0.40683742795524463,1.5357786628062884,-0.4144556004615526,-0.7205630636160602,-1.1765267023882506,0.14044144611954992,0.0,-0.8930772127243898,-0.5664572772702333,0.34416324788371144
1263,0.30486590107301353,-0.336490008450159,-1.229618695353891,1.7251453890878359,-0.41702107268800304,0.8694587847608612,-1.0491493623507964,1.4098287519236279,0.40683742795524463,1.5357786628062884,-0.4144556004615526,-1.5333326267981082,-1.3388549181682432,0.14044144611954992,0.0,-0.8930772127243898,-0.5664572772702333,0.7244075191283986
1264,-1.061677409431791,-1.8003907894530935,-1.229618695353891,1.7251453890878359,-0.41702107268800304,0.8694587847608612,-1.0491493623507964,1.4098287519236279,0.40683742795524463,1.5357786628062884,-0.4144556004615526,-0.9970697850808167,-1.3790547235674486,0.14044144611954992,0.0,-0.8930772127243898,-0.5664572772702333,1.1046517903730857
1265,0.14607233718679458,0.3965886651552277,-1.229618695353891,1.7251453890878359,-0.41702107268800304,0.8694587847608612,-1.0491493623507964,1.4098287519236279,0.40683742795524463,1.5357786628062884,-0.4144556004615526,-0.6064872933106707,-0.3217461447488189,0.14044144611954992,0.0,-0.8930772127243898,-0.5664572772702333,1.4848960616177729
1266,-2.6298967840655036,-0.24706891783126853,-1.229618695353891,1.7251453890878359,-0.41702107268800304,0.8694587847608612,-1.0491493623507964,1.4098287519236279,0.40683742795524463,1.5357786628062884,-0.4144556004615526,-1.8170615950182172,-2.508373467719923,0.14044144611954992,0.0,-0.8930772127243898,-0.5664572772702333,1.8651403328624598
1267,-1.636524589597412,-1.5923026164721303,-1.229618695353891,1.7251453890878359,-0.41702107268800304,0.8694587847608612,-1.0491493623507964,1.4098287519236279,0.40683742795524463,1.5357786628062884,-0.4144556004615526,-1.8032214687673163,-1.2089814241572263,0.14044144611954992,0.0,-0.8930772127243898,-0.5664572772702333,2.245384604107147
1268,-1.4511497669741948,-0.7546697085701997,-1.229618695353891,1.7251453890878359,-0.41702107268800304,0.8694587847608612,-1.0491493623507964,1.4098287519236279,0.40683742795524463,1.5357786628062884,-0.4144556004615526,-1.6845926437695469,-1.7940310258047518,0.14044144611954992,0.0,-0.8930772127243898,-0.5664572772702333,2.625628875351834
1269,0.017095316722317847,-0.3510273590696371,-0.8173364613433008,1.463199143005948,-0.41702107268800304,1.0511790066330975,-0.9764236303547674,0.2799961531443808,0.40683742795524463,-0.651135495119281,-0.4144556004615526,3.202598262334473,-0.5989582508512405,0.14044144611954992,0.0,0.6882113771853678,-0.5664572772702333,-1.176813837095037
1270,1.0718031166720068,0.8123032714970676,-0.8173364613433008,1.463199143005948,-0.41702107268800304,1.0511790066330975,-0.9764236303547674,0.2799961531443808,0.40683742795524463,-0.651135495119281,-0.4144556004615526,0.4244460905072792,0.8770399017923932,0.14044144611954992,0.0,0.6882113771853678,1.1921382551160753,-0.7965695658503499
1271,0.970780353846232,0.24169736485609505,-0.8173364613433008,1.463199143005948,-0.41702107268800304,1.0511790066330975,-0.9764236303547674,0.2799961531443808,0.40683742795524463,-0.651135495119281,-0.4144556004615526,4.994193383402824,0.8985823376945709,0.14044144611954992,0.0,2.2694999670951255,-0.5664572772702333,-0.41632529460566275
1272,0.37083974648073253,0.054126815316044956,-0.8173364613433008,1.463199143005948,-0.41702107268800304,1.0511790066330975,-0.9764236303547674,0.2799961531443808,0.40683742795524463,-0.651135495119281,-0.4144556004615526,-0.7564828950936521,-0.04224054737164048,0.14044144611954992,0.0,-0.8930772127243898,-0.5664572772702333,-0.03608102336097565
1273,-1.3858249755927365,-1.5620758004069275,-0.8173364613433008,1.463199143005948,-0.41702107268800304,1.0511790066330975,-0.9764236303547674,0.2799961531443808,0.40683742795524463,-0.651135495119281,-0.4144556004615526,-1.6864759263919873,-1.8575570936531678,0.14044144611954992,0.0,-0.8930772127243898,-0.5664572772702333,0.34416324788371144
1274,0.30486590107301353,-0.336490008450159,-0.8173364613433008,1.463199143005948,-0.41702107268800304,1.0511790066330975,-0.9764236303547674,0.2799961531443808,0.40683742795524463,-0.651135495119281,-0.4144556004615526,-1.5799866472173405,-1.3388549181682432,0.14044144611954992,0.0,-0.8930772127243898,-0.5664572772702333,0.7244075191283986
1275,0.14607233718679458,0.3965886651552277,-0.8173364613433008,1.463199143005948,-0.41702107268800304,1.0511790066330975,-0.9764236303547674,0.2799961531443808,0.40683742795524463,-0.651135495119281,-0.4144556004615526,-0.012844362330046866,-0.3217461447488189,0.14044144611954992,0.0,-0.8930772127243898,1.1921382551160753,1.1046517903730857
1276,-0.6901638775236811,-0.868793868863685,-0.8173364613433008,1.463199143005948,-0.41702107268800304,1.0511790066330975,-0.9764236303547674,0.2799961531443808,0.40683742795524463,-0.651135495119281,-0.4144556004615526,-0.8097275346809754,-0.5810198726665375,0.14044144611954992,0.0,-0.8930772127243898,1.1921382551160753,1.4848960616177729
1277,0.017095316722317847,-0.3510273590696371,-2.2603242803803667,0.6773604047602854,-0.41702107268800304,-0.46315617563553707,1.8598799174903637,3.669493949482122,0.40683742795524463,1.5357786628062884,-0.4144556004615526,-0.8840612275950425,-0.5989582508512405,0.14044144611954992,0.0,0.6882113771853678,-0.5664572772702333,-1.176813837095037
1278,1.0718031166720068,0.8123032714970676,-2.2603242803803667,0.6773604047602854,-0.41702107268800304,-0.46315617563553707,1.8598799174903637,3.669493949482122,0.40683742795524463,1.5357786628062884,-0.4144556004615526,-0.9864498575117111,0.8770399017923932,0.14044144611954992,0.0,-0.8930772127243898,-0.5664572772702333,-0.7965695658503499
1279,0.970780353846232,0.24169736485609505,-2.2603242803803667,0.6773604047602854,-0.41702107268800304,-0.46315617563553707,1.8598799174903637,3.669493949482122,0.40683742795524463,1.5357786628062884,-0.4144556004615526,-0.8182420369592096,0.8985823376945709,0.14044144611954992,0.0,0.6882113771853678,-0.5664572772702333,-0.41632529460566275
1280,0.37083974648073253,0.054126815316044956,-2.2603242803803667,0.6773604047602854,-0.41702107268800304,-0.46315617563553707,1.8598799174903637,3.669493949482122,0.40683742795524463,1.5357786628062884,-0.4144556004615526,-0.07662772851107014,-0.04224054737164048,0.14044144611954992,0.0,-0.8930772127243898,-0.5664572772702333,-0.03608102336097565
1281,-1.297244079178044,-1.8003907894530935,-2.2603242803803667,0.6773604047602854,-0.41702107268800304,-0.46315617563553707,1.8598799174903637,3.669493949482122,0.40683742795524463,1.5357786628062884,-0.4144556004615526,-1.1630097783916356,-1.1765267023882506,0.14044144611954992,0.0,-0.8930772127243898,-0.5664572772702333,0.34416324788371144
1282,1.137132900776744,0.788538575889099,-2.2603242803803667,0.6773604047602854,-0.41702107268800304,-0.46315617563553707,1.8598799174903637,3.669493949482122,0.40683742795524463,1.5357786628062884,-0.4144556004615526,-0.9284259605148065,-0.23387448499574498,0.14044144611954992,0.0,0.6882113771853678,-0.5664572772702333,0.7244075191283986
1283,-1.061677409431791,-1.8003907894530935,-2.2603242803803667,0.6773604047602854,-0.41702107268800304,-0.46315617563553707,1.8598799174903637,3.669493949482122,0.40683742795524463,1.5357786628062884,-0.4144556004615526,-0.7718704799329951,-1.3790547235674486,0.14044144611954992,0.0,-0.8930772127243898,-0.5664572772702333,1.1046517903730857
1284,-0.6901638775236811,-0.868793868863685,-2.2603242803803667,0.6773604047602854,-0.41702107268800304,-0.46315617563553707,1.8598799174903637,3.669493949482122,0.40683742795524463,1.5357786628062884,-0.4144556004615526,-0.3004756174253573,-0.5810198726665375,0.14044144611954992,0.0,-0.8930772127243898,-0.5664572772702333,1.4848960616177729
1285,-1.636524589597412,-1.5923026164721303,-2.2603242803803667,0.6773604047602854,-0.41702107268800304,-0.46315617563553707,1.8598799174903637,3.669493949482122,0.40683742795524463,1.5357786628062884,-0.4144556004615526,-1.0596873372578037,-1.2089814241572263,0.14044144611954992,0.0,-0.8930772127243898,-0.5664572772702333,1.8651403328624598
1286,-0.8536955358016,-1.1671953325681563,-2.2603242803803667,0.6773604047602854,-0.41702107268800304,-0.46315617563553707,1.8598799174903637,3.669493949482122,0.40683742795524463,1.5357786628062884,-0.4144556004615526,-2.0050058926499936,-1.6026155159211009,0.14044144611954992,0.0,-0.8930772127243898,-0.5664572772702333,2.245384604107147
1287,-1.4511497669741948,-0.7546697085701997,-2.2603242803803667,0.6773604047602854,-0.41702107268800304,-0.46315617563553707,1.8598799174903637,3.669493949482122,0.40683742795524463,1.5357786628062884,-0.4144556004615526,-1.0345208349517694,-1.7940310258047518,0.14044144611954992,0.0,-0.8930772127243898,-0.5664572772702333,2.625628875351834
1288,0.017095316722317847,-0.3510273590696371,-1.8480420463697762,0.2844410356374539,-0.41702107268800304,0.8694587847608612,0.47809100956581263,2.765627870458724,0.40683742795524463,1.5357786628062884,-0.4144556004615526,-0.8808827894148842,-1.8857160698599014,0.14044144611954992,0.0,-0.8930772127243898,-0.5664572772702333,-1.176813837095037
1289,1.0718031166720068,0.8123032714970676,-1.8480420463697762,0.2844410356374539,-0.41702107268800304,0.8694587847608612,0.47809100956581263,2.765627870458724,0.40683742795524463,1.5357786628062884,-0.4144556004615526,-0.1313629860040516,-2.800300322604196,0.14044144611954992,0.0,-0.8930772127243898,-0.5664572772702333,-0.7965695658503499
1290,0.970780353846232,0.24169736485609505,-1.8480420463697762,0.2844410356374539,-0.41702107268800304,0.8694587847608612,0.47809100956581263,2.765627870458724,0.40683742795524463,1.5357786628062884,-0.4144556004615526,-0.34858719535311833,-0.2771413799171447,0.14044144611954992,0.0,-0.8930772127243898,-0.5664572772702333,-0.41632529460566275
1291,-1.297244079178044,-1.8003907894530935,-1.8480420463697762,0.2844410356374539,-0.41702107268800304,0.8694587847608612,0.47809100956581263,2.765627870458724,0.40683742795524463,1.5357786628062884,-0.4144556004615526,-0.7205630636160602,-0.7940233242316275,0.14044144611954992,0.0,-0.8930772127243898,-0.5664572772702333,-0.03608102336097565
1292,0.37083974648073253,0.054126815316044956,-1.8480420463697762,0.2844410356374539,-0.41702107268800304,0.8694587847608612,0.47809100956581263,2.765627870458724,0.40683742795524463,1.5357786628062884,-0.4144556004615526,0.05617066669495976,0.7039086140158293,0.14044144611954992,0.0,0.6882113771853678,1.1921382551160753,0.34416324788371144
1293,1.137132900776744,0.788538575889099,-1.8480420463697762,0.2844410356374539,-0.41702107268800304,0.8694587847608612,0.47809100956581263,2.765627870458724,0.40683742795524463,1.5357786628062884,-0.4144556004615526,-0.3578847070370485,-0.5375072465371281,0.14044144611954992,0.0,-0.8930772127243898,-0.5664572772702333,0.7244075191283986
1294,-1.061677409431791,-1.8003907894530935,-1.8480420463697762,0.2844410356374539,-0.41702107268800304,0.8694587847608612,0.47809100956581263,2.765627870458724,0.40683742795524463,1.5357786628062884,-0.4144556004615526,-0.9970697850808167,-1.7206757096359504,0.14044144611954992,0.0,-0.8930772127243898,-0.5664572772702333,1.1046517903730857
1295,0.14607233718679458,0.3965886651552277,-1.8480420463697762,0.2844410356374539,-0.41702107268800304,0.8694587847608612,0.47809100956581263,2.765627870458724,0.40683742795524463,1.5357786628062884,-0.4144556004615526,-0.6064872933106707,0.4785275904917357,0.14044144611954992,0.0,0.6882113771853678,1.1921382551160753,1.4848960616177729
1296,0.017095316722317847,-0.3510273590696371,-0.19891311032741552,0.022494789555566278,-0.41702107268800304,-0.6448763975077731,1.3507997935181608,-0.8498364456348662,0.40683742795524463,-0.651135495119281,-0.4144556004615526,-0.5741635050296084,0.018709893370600406,0.14044144611954992,0.0,-0.8930772127243898,-0.5664572772702333,-1.176813837095037
1297,1.0718031166720068,0.8123032714970676,-0.19891311032741552,0.022494789555566278,-0.41702107268800304,-0.6448763975077731,1.3507997935181608,-0.8498364456348662,0.40683742795524463,-0.651135495119281,-0.4144556004615526,1.012016348541506,2.632197807890822,0.14044144611954992,0.0,2.2694999670951255,-0.5664572772702333,-0.7965695658503499
1298,0.970780353846232,0.24169736485609505,-0.19891311032741552,0.022494789555566278,-0.41702107268800304,-0.6448763975077731,1.3507997935181608,-0.8498364456348662,0.40683742795524463,-0.651135495119281,-0.4144556004615526,1.8419947184398489,1.0881685152519283,0.14044144611954992,0.0,2.2694999670951255,1.1921382551160753,-0.41632529460566275
1299,0.017095316722317847,-0.3510273590696371,-1.0234775783485959,0.6773604047602854,-0.41702107268800304,-0.7660232120892639,-0.6855207023706513,0.5059626729002302,0.40683742795524463,1.5357786628062884,-0.4144556004615526,3.202598262334473,1.1286140518591434,0.14044144611954992,0.0,2.2694999670951255,2.950733787502384,-1.176813837095037
1300,1.0718031166720068,0.8123032714970676,-1.0234775783485959,0.6773604047602854,-0.41702107268800304,-0.7660232120892639,-0.6855207023706513,0.5059626729002302,0.40683742795524463,1.5357786628062884,-0.4144556004615526,0.4244460905072792,0.362023694427613,0.14044144611954992,0.0,0.6882113771853678,2.950733787502384,-0.7965695658503499
1301,0.970780353846232,0.24169736485609505,-1.0234775783485959,0.6773604047602854,-0.41702107268800304,-0.7660232120892639,-0.6855207023706513,0.5059626729002302,0.40683742795524463,1.5357786628062884,-0.4144556004615526,4.994193383402824,1.3567254221388998,0.14044144611954992,0.0,2.2694999670951255,2.950733787502384,-0.41632529460566275
1302,0.017095316722317847,-0.3510273590696371,-0.19891311032741552,-0.8943170717310404,-0.41702107268800304,1.2328992285053335,-0.8673350323607238,-0.3979034061231674,0.40683742795524463,1.5357786628062884,2.412803684849147,-0.9313665958384203,-0.7949425409727007,0.14044144611954992,0.0,-0.8930772127243898,-0.5664572772702333,-1.176813837095037
1303,1.0718031166720068,0.8123032714970676,-0.19891311032741552,-0.8943170717310404,-0.41702107268800304,1.2328992285053335,-0.8673350323607238,-0.3979034061231674,0.40683742795524463,1.5357786628062884,2.412803684849147,-0.12410709884460287,0.09480465745091668,0.14044144611954992,0.0,0.6882113771853678,-0.5664572772702333,-0.7965695658503499
1304,0.970780353846232,0.24169736485609505,-0.19891311032741552,-0.8943170717310404,-0.41702107268800304,1.2328992285053335,-0.8673350323607238,-0.3979034061231674,0.40683742795524463,1.5357786628062884,2.412803684849147,0.35782649025673496,0.45331738878111777,0.14044144611954992,0.0,2.2694999670951255,-0.5664572772702333,-0.41632529460566275
1305,0.37083974648073253,0.054126815316044956,-0.19891311032741552,-0.8943170717310404,-0.41702107268800304,1.2328992285053335,-0.8673350323607238,-0.3979034061231674,0.40683742795524463,1.5357786628062884,2.412803684849147,-0.583287014623384,0.017845283564640664,0.14044144611954992,0.0,-0.8930772127243898,-0.5664572772702333,-0.03608102336097565
1306,1.137132900776744,0.788538575889099,-0.19891311032741552,-0.8943170717310404,-0.41702107268800304,1.2328992285053335,-0.8673350323607238,-0.3979034061231674,0.40683742795524463,1.5357786628062884,2.412803684849147,-0.07696413255203584,-0.24237496456170773,0.14044144611954992,0.0,-0.8930772127243898,1.1921382551160753,0.34416324788371144
1307,0.30486590107301353,-0.336490008450159,-0.19891311032741552,-0.8943170717310404,-0.41702107268800304,1.2328992285053335,-0.8673350323607238,-0.3979034061231674,0.40683742795524463,1.5357786628062884,2.412803684849147,0.8230210782851952,0.3628792030777206,0.14044144611954992,0.0,0.6882113771853678,1.1921382551160753,0.7244075191283986
1308,0.14607233718679458,0.3965886651552277,-0.19891311032741552,-0.8943170717310404,-0.41702107268800304,1.2328992285053335,-0.8673350323607238,-0.3979034061231674,0.40683742795524463,1.5357786628062884,2.412803684849147,-0.7082611158421263,-0.3612451611474043,0.14044144611954992,0.0,-0.8930772127243898,-0.5664572772702333,1.1046517903730857
1309,0.5138513120822684,-0.23101974232667027,-0.19891311032741552,-0.8943170717310404,-0.41702107268800304,1.2328992285053335,-0.8673350323607238,-0.3979034061231674,0.40683742795524463,1.5357786628062884,2.412803684849147,1.0880900623571195,-0.5885374274004618,0.14044144611954992,0.0,-0.8930772127243898,-0.5664572772702333,1.4848960616177729
1310,-1.3858249755927365,-1.5620758004069275,-0.19891311032741552,-0.8943170717310404,-0.41702107268800304,1.2328992285053335,-0.8673350323607238,-0.3979034061231674,0.40683742795524463,1.5357786628062884,2.412803684849147,-1.04881800669281,-1.4337253667716656,0.14044144611954992,0.0,-0.8930772127243898,-0.5664572772702333,1.8651403328624598
1311,-1.2127971576383016,-0.21132133434074837,-0.19891311032741552,-0.8943170717310404,-0.41702107268800304,1.2328992285053335,-0.8673350323607238,-0.3979034061231674,0.40683742795524463,1.5357786628062884,2.412803684849147,-1.0523154487049184,-1.9741037651497957,0.14044144611954992,0.0,-0.8930772127243898,-0.5664572772702333,2.245384604107147
1312,-0.8536955358016,-1.1671953325681563,-0.19891311032741552,-0.8943170717310404,-0.41702107268800304,1.2328992285053335,-0.8673350323607238,-0.3979034061231674,0.40683742795524463,1.5357786628062884,2.412803684849147,-1.6913033243798445,-1.520641405160258,0.14044144611954992,0.0,-0.8930772127243898,-0.5664572772702333,2.625628875351834
1313,0.017095316722317847,-0.3510273590696371,-1.0234775783485959,0.022494789555566278,-0.41702107268800304,-0.0391423246003194,-0.28552917639249187,1.6357952716794772,0.40683742795524463,-0.651135495119281,-0.4144556004615526,-1.3997396220470388,-0.02533059979823719,0.14044144611954992,0.0,-0.8930772127243898,-0.5664572772702333,-1.176813837095037
1314,1.0718031166720068,0.8123032714970676,-1.0234775783485959,0.022494789555566278,-0.41702107268800304,-0.0391423246003194,-0.28552917639249187,1.6357952716794772,0.40683742795524463,-0.651135495119281,-0.4144556004615526,1.31175814911158,0.5465587304869945,0.14044144611954992,0.0,0.6882113771853678,1.1921382551160753,-0.7965695658503499
1315,0.970780353846232,0.24169736485609505,-1.0234775783485959,0.022494789555566278,-0.41702107268800304,-0.0391423246003194,-0.28552917639249187,1.6357952716794772,0.40683742795524463,-0.651135495119281,-0.4144556004615526,1.3633613689817778,3.8135369386633498,0.14044144611954992,0.0,2.2694999670951255,2.950733787502384,-0.41632529460566275
1316,0.37083974648073253,0.054126815316044956,-1.0234775783485959,0.022494789555566278,-0.41702107268800304,-0.0391423246003194,-0.28552917639249187,1.6357952716794772,0.40683742795524463,-0.651135495119281,-0.4144556004615526,-0.22490070960152034,-0.5727014162176188,0.14044144611954992,0.0,-0.8930772127243898,-0.5664572772702333,-0.03608102336097565
1317,1.137132900776744,0.788538575889099,-1.0234775783485959,0.022494789555566278,-0.41702107268800304,-0.0391423246003194,-0.28552917639249187,1.6357952716794772,0.40683742795524463,-0.651135495119281,-0.4144556004615526,0.3311171694179962,-0.22723974237948485,0.14044144611954992,0.0,-0.8930772127243898,2.950733787502384,0.34416324788371144
1318,-0.12468803895260275,-0.09802383691548121,-1.0234775783485959,0.022494789555566278,-0.41702107268800304,-0.0391423246003194,-0.28552917639249187,1.6357952716794772,0.40683742795524463,-0.651135495119281,-0.4144556004615526,-0.46195535715854547,0.6708077101813464,0.14044144611954992,0.0,-0.8930772127243898,2.950733787502384,0.7244075191283986
1319,0.14607233718679458,0.3965886651552277,-1.0234775783485959,0.022494789555566278,-0.41702107268800304,-0.0391423246003194,-0.28552917639249187,1.6357952716794772,0.40683742795524463,-0.651135495119281,-0.4144556004615526,-0.5755381215418301,-2.0126744636514555,0.14044144611954992,0.0,-0.8930772127243898,-0.5664572772702333,1.1046517903730857
1320,-1.3858249755927365,-1.5620758004069275,-1.0234775783485959,0.022494789555566278,-0.41702107268800304,-0.0391423246003194,-0.28552917639249187,1.6357952716794772,0.40683742795524463,-0.651135495119281,-0.4144556004615526,-1.3996526210019615,-1.8563830445482332,0.14044144611954992,0.0,-0.8930772127243898,-0.5664572772702333,1.4848960616177729
1321,-0.6901638775236811,-0.868793868863685,-1.0234775783485959,0.022494789555566278,-0.41702107268800304,-0.0391423246003194,-0.28552917639249187,1.6357952716794772,0.40683742795524463,-0.651135495119281,-0.4144556004615526,0.7973151694996815,-0.6440271746313776,0.14044144611954992,0.0,-0.8930772127243898,1.1921382551160753,1.8651403328624598
1322,-0.8536955358016,-1.1671953325681563,-1.0234775783485959,0.022494789555566278,-0.41702107268800304,-0.0391423246003194,-0.28552917639249187,1.6357952716794772,0.40683742795524463,-0.651135495119281,-0.4144556004615526,-1.6281220054307561,0.20096964046692992,0.14044144611954992,0.0,-0.8930772127243898,-0.5664572772702333,2.245384604107147
1323,-1.7471134102256074,-1.8003907894530935,-1.0234775783485959,0.022494789555566278,-0.41702107268800304,-0.0391423246003194,-0.28552917639249187,1.6357952716794772,0.40683742795524463,-0.651135495119281,-0.4144556004615526,-0.5178216282375322,-0.49952812316586187,0.14044144611954992,0.0,-0.8930772127243898,-0.5664572772702333,2.625628875351834
1324,-0.12468803895260275,-0.09802383691548121,0.2133691236831747,0.8083335278012291,-0.41702107268800304,-0.4025827683447917,-0.21280344439646284,0.957895712411929,0.40683742795524463,-0.651135495119281,-0.4144556004615526,-1.6623957771354851,-0.07014469121451233,0.14044144611954992,0.0,-0.8930772127243898,-0.5664572772702333,-1.176813837095037
1325,1.0718031166720068,0.8123032714970676,0.2133691236831747,0.8083335278012291,-0.41702107268800304,-0.4025827683447917,-0.21280344439646284,0.957895712411929,0.40683742795524463,-0.651135495119281,-0.4144556004615526,-0.12410709884460287,0.2658335782256204,0.14044144611954992,0.0,-0.8930772127243898,-0.5664572772702333,-0.7965695658503499
1326,0.970780353846232,0.24169736485609505,0.2133691236831747,0.8083335278012291,-0.41702107268800304,-0.4025827683447917,-0.21280344439646284,0.957895712411929,0.40683742795524463,-0.651135495119281,-0.4144556004615526,0.35782649025673496,0.8584644426980357,0.14044144611954992,0.0,-0.8930772127243898,-0.5664572772702333,-0.41632529460566275
1327,0.017095316722317847,-0.3510273590696371,0.2133691236831747,0.8083335278012291,-0.41702107268800304,-0.4025827683447917,-0.21280344439646284,0.957895712411929,0.40683742795524463,-0.651135495119281,-0.4144556004615526,-0.9313665958384203,-0.4019819347418898,0.14044144611954992,0.0,0.6882113771853678,-0.5664572772702333,-0.03608102336097565
1328,0.37083974648073253,0.054126815316044956,0.2133691236831747,0.8083335278012291,-0.41702107268800304,-0.4025827683447917,-0.21280344439646284,0.957895712411929,0.40683742795524463,-0.651135495119281,-0.4144556004615526,-0.583287014623384,-1.151807963093652,0.14044144611954992,0.0,-0.8930772127243898,-0.5664572772702333,0.34416324788371144
1329,1.137132900776744,0.788538575889099,0.2133691236831747,0.8083335278012291,-0.41702107268800304,-0.4025827683447917,-0.21280344439646284,0.957895712411929,0.40683742795524463,-0.651135495119281,-0.4144556004615526,-0.07696413255203584,-0.0016584934266425009,0.14044144611954992,0.0,-0.8930772127243898,-0.5664572772702333,0.7244075191283986
1330,0.14607233718679458,0.3965886651552277,0.2133691236831747,0.8083335278012291,-0.41702107268800304,-0.4025827683447917,-0.21280344439646284,0.957895712411929,0.40683742795524463,-0.651135495119281,-0.4144556004615526,-0.7082611158421263,0.07950561446335379,0.14044144611954992,0.0,-0.8930772127243898,-0.5664572772702333,1.1046517903730857
1331,-0.6901638775236811,-0.868793868863685,0.2133691236831747,0.8083335278012291,-0.41702107268800304,-0.4025827683447917,-0.21280344439646284,0.957895712411929,0.40683742795524463,-0.651135495119281,-0.4144556004615526,-1.5404783126337926,-1.3413122302483396,0.14044144611954992,0.0,-0.8930772127243898,-0.5664572772702333,1.4848960616177729
1332,-2.6298967840655036,-1.8003907894530935,0.2133691236831747,0.8083335278012291,-0.41702107268800304,-0.4025827683447917,-0.21280344439646284,0.957895712411929,0.40683742795524463,-0.651135495119281,-0.4144556004615526,-2.0050058926499936,-2.800300322604196,0.14044144611954992,0.0,-0.8930772127243898,-0.5664572772702333,1.8651403328624598
1333,-1.7471134102256074,-1.8003907894530935,0.2133691236831747,0.8083335278012291,-0.41702107268800304,-0.4025827683447917,-0.21280344439646284,0.957895712411929,0.40683742795524463,-0.651135495119281,-0.4144556004615526,-1.601437044884639,-2.170027077527046,0.14044144611954992,0.0,-0.8930772127243898,-0.5664572772702333,2.245384604107147
1334,-0.8536955358016,-1.1671953325681563,0.2133691236831747,0.8083335278012291,-0.41702107268800304,-0.4025827683447917,-0.21280344439646284,0.957895712411929,0.40683742795524463,-0.651135495119281,-0.4144556004615526,-1.6913033243798445,-1.807655456115508,0.14044144611954992,0.0,-0.8930772127243898,-0.5664572772702333,2.625628875351834
1335,-0.12468803895260275,-0.6100632859378186,1.2440747087096502,-1.0252901947719841,-0.41702107268800304,0.02143108269042598,-0.14007771240043385,-0.3979034061231674,0.40683742795524463,-0.651135495119281,-0.4144556004615526,-0.4825166041451535,0.18633498185657832,0.33424910604614566,0.0,0.6882113771853678,-0.5664572772702333,-1.176813837095037
1336,1.0718031166720068,1.4155288480731403,1.2440747087096502,-1.0252901947719841,-0.41702107268800304,0.02143108269042598,-0.14007771240043385,-0.3979034061231674,0.40683742795524463,-0.651135495119281,-0.4144556004615526,0.2684126161959317,0.2252242208130659,0.33424910604614566,0.0,-0.8930772127243898,-0.5664572772702333,-0.7965695658503499
1337,0.017095316722317847,0.8881700700424695,1.2440747087096502,-1.0252901947719841,-0.41702107268800304,0.02143108269042598,-0.14007771240043385,-0.3979034061231674,0.40683742795524463,-0.651135495119281,-0.4144556004615526,-0.5926019265163296,0.12124351520158215,0.33424910604614566,0.0,-0.8930772127243898,1.1921382551160753,-0.41632529460566275
1338,0.5138513120822684,-0.507437931667117,1.2440747087096502,-1.0252901947719841,-0.41702107268800304,0.02143108269042598,-0.14007771240043385,-0.3979034061231674,0.40683742795524463,-0.651135495119281,-0.4144556004615526,-0.5077411071479061,-0.2671392096355672,0.33424910604614566,0.0,-0.8930772127243898,-0.5664572772702333,-0.03608102336097565
1339,1.137132900776744,1.161467793240723,1.2440747087096502,-1.0252901947719841,-0.41702107268800304,0.02143108269042598,-0.14007771240043385,-0.3979034061231674,0.40683742795524463,-0.651135495119281,-0.4144556004615526,-0.3836602166586243,0.6802365076442346,0.33424910604614566,0.0,0.6882113771853678,-0.5664572772702333,0.34416324788371144
1340,0.30486590107301353,0.019354842958287034,1.2440747087096502,-1.0252901947719841,-0.41702107268800304,0.02143108269042598,-0.14007771240043385,-0.3979034061231674,0.40683742795524463,-0.651135495119281,-0.4144556004615526,0.05098540440835128,-0.3210180522806423,0.33424910604614566,0.0,0.6882113771853678,1.1921382551160753,0.7244075191283986
1341,0.14607233718679458,0.1817978202697922,1.2440747087096502,-1.0252901947719841,-0.41702107268800304,0.02143108269042598,-0.14007771240043385,-0.3979034061231674,0.40683742795524463,-0.651135495119281,-0.4144556004615526,-0.4568512958473425,-0.6046373721030188,0.33424910604614566,0.0,-0.8930772127243898,-0.5664572772702333,1.1046517903730857
1342,-1.133702435453567,-1.8003907894530935,1.2440747087096502,-1.0252901947719841,-0.41702107268800304,0.02143108269042598,-0.14007771240043385,-0.3979034061231674,0.40683742795524463,-0.651135495119281,-0.4144556004615526,-0.4537366584335741,-0.8142551936910872,0.33424910604614566,0.0,-0.8930772127243898,1.1921382551160753,1.4848960616177729
1343,-1.3858249755927365,-0.5676428201957345,1.2440747087096502,-1.0252901947719841,-0.41702107268800304,0.02143108269042598,-0.14007771240043385,-0.3979034061231674,0.40683742795524463,-0.651135495119281,-0.4144556004615526,-1.75964960537169,-1.3138267395746697,0.33424910604614566,0.0,-0.8930772127243898,-0.5664572772702333,1.8651403328624598
1344,-0.8536955358016,-1.4522413501323046,1.2440747087096502,-1.0252901947719841,-0.41702107268800304,0.02143108269042598,-0.14007771240043385,-0.3979034061231674,0.40683742795524463,-0.651135495119281,-0.4144556004615526,-0.8411233118145462,-1.237149501519812,0.33424910604614566,0.0,-0.8930772127243898,-0.5664572772702333,2.245384604107147
1345,-0.12468803895260275,-0.6100632859378186,0.007228006677879595,0.15346791259651008,-0.41702107268800304,0.8088853774701159,0.11446234958566764,-1.301769485146565,0.40683742795524463,1.5357786628062884,2.412803684849147,0.0823985817509374,0.18633498185657832,0.33424910604614566,0.0,2.2694999670951255,2.950733787502384,-1.176813837095037
1346,1.0718031166720068,1.4155288480731403,0.007228006677879595,0.15346791259651008,-0.41702107268800304,0.8088853774701159,0.11446234958566764,-1.301769485146565,0.40683742795524463,1.5357786628062884,2.412803684849147,1.1539440534109828,0.2252242208130659,0.33424910604614566,0.0,-0.8930772127243898,-0.5664572772702333,-0.7965695658503499
1347,0.5138513120822684,-0.507437931667117,0.007228006677879595,0.15346791259651008,-0.41702107268800304,0.8088853774701159,0.11446234958566764,-1.301769485146565,0.40683742795524463,1.5357786628062884,2.412803684849147,-0.1603111337361137,-0.2671392096355672,0.33424910604614566,0.0,-0.8930772127243898,-0.5664572772702333,-0.41632529460566275
1348,1.137132900776744,1.161467793240723,0.007228006677879595,0.15346791259651008,-0.41702107268800304,0.8088853774701159,0.11446234958566764,-1.301769485146565,0.40683742795524463,1.5357786628062884,2.412803684849147,-0.580584182156315,0.6802365076442346,0.33424910604614566,0.0,-0.8930772127243898,-0.5664572772702333,-0.03608102336097565
1349,0.017095316722317847,0.8881700700424695,0.007228006677879595,0.15346791259651008,-0.41702107268800304,0.8088853774701159,0.11446234958566764,-1.301769485146565,0.40683742795524463,1.5357786628062884,2.412803684849147,0.08774044591868531,0.12124351520158215,0.33424910604614566,0.0,-0.8930772127243898,-0.5664572772702333,0.34416324788371144
1350,0.30486590107301353,0.019354842958287034,0.007228006677879595,0.15346791259651008,-0.41702107268800304,0.8088853774701159,0.11446234958566764,-1.301769485146565,0.40683742795524463,1.5357786628062884,2.412803684849147,-0.6036336590321345,-0.3210180522806423,0.33424910604614566,0.0,-0.8930772127243898,-0.5664572772702333,0.7244075191283986
1351,-1.133702435453567,-1.8003907894530935,0.007228006677879595,0.15346791259651008,-0.41702107268800304,0.8088853774701159,0.11446234958566764,-1.301769485146565,0.40683742795524463,1.5357786628062884,2.412803684849147,-0.0996192046901714,-0.8142551936910872,0.33424910604614566,0.0,-0.8930772127243898,-0.5664572772702333,1.1046517903730857
1352,-1.2891109329566746,-1.8003907894530935,0.007228006677879595,0.15346791259651008,-0.41702107268800304,0.8088853774701159,0.11446234958566764,-1.301769485146565,0.40683742795524463,1.5357786628062884,2.412803684849147,-0.23907027980978093,-0.5832587570061808,0.33424910604614566,0.0,0.6882113771853678,1.1921382551160753,1.4848960616177729
1353,0.14607233718679458,0.1817978202697922,0.007228006677879595,0.15346791259651008,-0.41702107268800304,0.8088853774701159,0.11446234958566764,-1.301769485146565,0.40683742795524463,1.5357786628062884,2.412803684849147,-0.15825210900261702,-0.6046373721030188,0.33424910604614566,0.0,-0.8930772127243898,-0.5664572772702333,1.8651403328624598
1354,-0.8536955358016,-1.4522413501323046,0.007228006677879595,0.15346791259651008,-0.41702107268800304,0.8088853774701159,0.11446234958566764,-1.301769485146565,0.40683742795524463,1.5357786628062884,2.412803684849147,-0.7668708198758847,-1.237149501519812,0.33424910604614566,0.0,-0.8930772127243898,-0.5664572772702333,2.245384604107147
1355,-0.12468803895260275,-0.6100632859378186,0.4195102406884698,0.8083335278012291,0.16676217049808661,1.1723258212145882,2.0416942474804363,-0.3979034061231674,0.40683742795524463,1.5357786628062884,2.412803684849147,0.022889866918046866,0.18633498185657832,0.33424910604614566,0.0,-0.8930772127243898,-0.5664572772702333,-1.176813837095037
1356,1.0718031166720068,1.4155288480731403,0.4195102406884698,0.8083335278012291,0.16676217049808661,1.1723258212145882,2.0416942474804363,-0.3979034061231674,0.40683742795524463,1.5357786628062884,2.412803684849147,0.3956545446563562,0.2252242208130659,0.33424910604614566,0.0,-0.8930772127243898,-0.5664572772702333,-0.7965695658503499
1357,0.017095316722317847,0.8881700700424695,0.4195102406884698,0.8083335278012291,0.16676217049808661,1.1723258212145882,2.0416942474804363,-0.3979034061231674,0.40683742795524463,1.5357786628062884,2.412803684849147,0.20903730296549256,0.12124351520158215,0.33424910604614566,0.0,0.6882113771853678,-0.5664572772702333,-0.41632529460566275
1358,0.5138513120822684,-0.507437931667117,0.4195102406884698,0.8083335278012291,0.16676217049808661,1.1723258212145882,2.0416942474804363,-0.3979034061231674,0.40683742795524463,1.5357786628062884,2.412803684849147,-0.23911668036715542,-0.2671392096355672,0.33424910604614566,0.0,-0.8930772127243898,-0.5664572772702333,-0.03608102336097565
1359,1.137132900776744,1.161467793240723,0.4195102406884698,0.8083335278012291,0.16676217049808661,1.1723258212145882,2.0416942474804363,-0.3979034061231674,0.40683742795524463,1.5357786628062884,2.412803684849147,0.5377678517553318,0.6802365076442346,0.33424910604614566,0.0,-0.8930772127243898,-0.5664572772702333,0.34416324788371144
1360,0.30486590107301353,0.019354842958287034,0.4195102406884698,0.8083335278012291,0.16676217049808661,1.1723258212145882,2.0416942474804363,-0.3979034061231674,0.40683742795524463,1.5357786628062884,2.412803684849147,0.2718346573023064,-0.3210180522806423,0.33424910604614566,0.0,-0.8930772127243898,-0.5664572772702333,0.7244075191283986
1361,0.14607233718679458,0.1817978202697922,0.4195102406884698,0.8083335278012291,0.16676217049808661,1.1723258212145882,2.0416942474804363,-0.3979034061231674,0.40683742795524463,1.5357786628062884,2.412803684849147,-0.3797567697694883,-0.6046373721030188,0.33424910604614566,0.0,-0.8930772127243898,-0.5664572772702333,1.1046517903730857
1362,-1.133702435453567,-1.8003907894530935,0.4195102406884698,0.8083335278012291,0.16676217049808661,1.1723258212145882,2.0416942474804363,-0.3979034061231674,0.40683742795524463,1.5357786628062884,2.412803684849147,-0.5095739291642017,-0.8142551936910872,0.33424910604614566,0.0,-0.8930772127243898,-0.5664572772702333,1.4848960616177729
1363,-1.2891109329566746,-1.8003907894530935,0.4195102406884698,0.8083335278012291,0.16676217049808661,1.1723258212145882,2.0416942474804363,-0.3979034061231674,0.40683742795524463,1.5357786628062884,2.412803684849147,-0.8061256914147741,-0.5832587570061808,0.33424910604614566,0.0,-0.8930772127243898,1.1921382551160753,1.8651403328624598
1364,-0.8536955358016,-1.4522413501323046,0.4195102406884698,0.8083335278012291,0.16676217049808661,1.1723258212145882,2.0416942474804363,-0.3979034061231674,0.40683742795524463,1.5357786628062884,2.412803684849147,-1.036289856201675,-1.237149501519812,0.33424910604614566,0.0,-0.8930772127243898,-0.5664572772702333,2.245384604107147
1365,-2.0150279340960173,-1.8003907894530935,0.4195102406884698,0.8083335278012291,0.16676217049808661,1.1723258212145882,2.0416942474804363,-0.3979034061231674,0.40683742795524463,1.5357786628062884,2.412803684849147,-1.6034363289005158,-2.0120337422794603,0.33424910604614566,0.0,-0.8930772127243898,-0.5664572772702333,2.625628875351834
1366,-0.12468803895260275,-0.6100632859378186,0.6256513576937649,0.022494789555566278,4.253244872800714,1.2328992285053335,-0.39461777438653534,-0.8498364456348662,-3.9304705684926433,-0.651135495119281,-0.4144556004615526,0.022889866918046866,0.18633498185657832,0.33424910604614566,0.0,-0.8930772127243898,-0.5664572772702333,-1.176813837095037
1367,1.0718031166720068,1.4155288480731403,0.6256513576937649,0.022494789555566278,4.253244872800714,1.2328992285053335,-0.39461777438653534,-0.8498364456348662,-3.9304705684926433,-0.651135495119281,-0.4144556004615526,0.3956545446563562,0.2252242208130659,0.33424910604614566,0.0,-0.8930772127243898,-0.5664572772702333,-0.7965695658503499
1368,0.017095316722317847,0.8881700700424695,0.6256513576937649,0.022494789555566278,4.253244872800714,1.2328992285053335,-0.39461777438653534,-0.8498364456348662,-3.9304705684926433,-0.651135495119281,-0.4144556004615526,0.20903730296549256,0.12124351520158215,0.33424910604614566,0.0,0.6882113771853678,-0.5664572772702333,-0.41632529460566275
1369,1.137132900776744,1.161467793240723,0.6256513576937649,0.022494789555566278,4.253244872800714,1.2328992285053335,-0.39461777438653534,-0.8498364456348662,-3.9304705684926433,-0.651135495119281,-0.4144556004615526,0.5377678517553318,0.6802365076442346,0.33424910604614566,0.0,-0.8930772127243898,-0.5664572772702333,-0.03608102336097565
1370,0.30486590107301353,0.019354842958287034,0.6256513576937649,0.022494789555566278,4.253244872800714,1.2328992285053335,-0.39461777438653534,-0.8498364456348662,-3.9304705684926433,-0.651135495119281,-0.4144556004615526,0.2718346573023064,-0.3210180522806423,0.33424910604614566,0.0,-0.8930772127243898,-0.5664572772702333,0.34416324788371144
1371,-1.2573721910725466,-1.089025049111584,0.6256513576937649,0.022494789555566278,4.253244872800714,1.2328992285053335,-0.39461777438653534,-0.8498364456348662,-3.9304705684926433,-0.651135495119281,-0.4144556004615526,-1.1163830182998609,-0.30054045161317283,0.33424910604614566,0.0,-0.8930772127243898,-0.5664572772702333,0.7244075191283986
1372,-1.133702435453567,-1.8003907894530935,0.6256513576937649,0.022494789555566278,4.253244872800714,1.2328992285053335,-0.39461777438653534,-0.8498364456348662,-3.9304705684926433,-0.651135495119281,-0.4144556004615526,-0.5095739291642017,-0.8142551936910872,0.33424910604614566,0.0,-0.8930772127243898,1.1921382551160753,1.1046517903730857
1373,-1.2891109329566746,-1.8003907894530935,0.6256513576937649,0.022494789555566278,4.253244872800714,1.2328992285053335,-0.39461777438653534,-0.8498364456348662,-3.9304705684926433,-0.651135495119281,-0.4144556004615526,-0.8061256914147741,-0.5832587570061808,0.33424910604614566,0.0,-0.8930772127243898,-0.5664572772702333,1.4848960616177729
1374,-0.8536955358016,-1.4522413501323046,0.6256513576937649,0.022494789555566278,4.253244872800714,1.2328992285053335,-0.39461777438653534,-0.8498364456348662,-3.9304705684926433,-0.651135495119281,-0.4144556004615526,-1.036289856201675,-1.237149501519812,0.33424910604614566,0.0,-0.8930772127243898,1.1921382551160753,1.8651403328624598
1375,-1.4511497669741948,-1.2075223304520766,0.6256513576937649,0.022494789555566278,4.253244872800714,1.2328992285053335,-0.39461777438653534,-0.8498364456348662,-3.9304705684926433,-0.651135495119281,-0.4144556004615526,-1.6833502688458424,-1.3646111892299935,0.33424910604614566,0.0,-0.8930772127243898,-0.5664572772702333,2.245384604107147
1376,-2.0150279340960173,-1.8003907894530935,0.6256513576937649,0.022494789555566278,4.253244872800714,1.2328992285053335,-0.39461777438653534,-0.8498364456348662,-3.9304705684926433,-0.651135495119281,-0.4144556004615526,-1.6034363289005158,-2.0120337422794603,0.33424910604614566,0.0,-0.8930772127243898,-0.5664572772702333,2.625628875351834
1377,-0.12468803895260275,-0.6100632859378186,0.83179247469906,1.463199143005948,-0.41702107268800304,0.44544493372564364,-0.8309721663627093,0.0540296333885314,0.40683742795524463,-0.651135495119281,-0.4144556004615526,0.39624615176288186,0.18633498185657832,0.33424910604614566,0.0,0.6882113771853678,2.950733787502384,-1.176813837095037
1378,1.0718031166720068,1.4155288480731403,0.83179247469906,1.463199143005948,-0.41702107268800304,0.44544493372564364,-0.8309721663627093,0.0540296333885314,0.40683742795524463,-0.651135495119281,-0.4144556004615526,0.5739486863681554,0.2252242208130659,0.33424910604614566,0.0,0.6882113771853678,-0.5664572772702333,-0.7965695658503499
1379,0.017095316722317847,0.8881700700424695,0.83179247469906,1.463199143005948,-0.41702107268800304,0.44544493372564364,-0.8309721663627093,0.0540296333885314,0.40683742795524463,-0.651135495119281,-0.4144556004615526,-0.582109600480004,0.12124351520158215,0.33424910604614566,0.0,-0.8930772127243898,-0.5664572772702333,-0.41632529460566275
1380,0.30486590107301353,0.019354842958287034,0.83179247469906,1.463199143005948,-0.41702107268800304,0.44544493372564364,-0.8309721663627093,0.0540296333885314,0.40683742795524463,-0.651135495119281,-0.4144556004615526,-0.7821888038791658,-0.3210180522806423,0.33424910604614566,0.0,-0.8930772127243898,1.1921382551160753,-0.03608102336097565
1381,1.137132900776744,1.161467793240723,0.83179247469906,1.463199143005948,-0.41702107268800304,0.44544493372564364,-0.8309721663627093,0.0540296333885314,0.40683742795524463,-0.651135495119281,-0.4144556004615526,0.4486497812477911,0.6802365076442346,0.33424910604614566,0.0,0.6882113771853678,2.950733787502384,0.34416324788371144
1382,-1.133702435453567,-1.8003907894530935,0.83179247469906,1.463199143005948,-0.41702107268800304,0.44544493372564364,-0.8309721663627093,0.0540296333885314,0.40683742795524463,-0.651135495119281,-0.4144556004615526,1.134200616248102,-0.8142551936910872,0.33424910604614566,0.0,0.6882113771853678,2.950733787502384,0.7244075191283986
1383,-0.12468803895260275,1.0308997445415982,0.6256513576937649,-0.5013977026082089,-0.41702107268800304,1.1117524139238428,0.11446234958566764,0.0540296333885314,0.40683742795524463,1.5357786628062884,2.412803684849147,0.022889866918046866,0.16357299107020495,0.5280567659727414,0.0,-0.8930772127243898,-0.5664572772702333,-1.176813837095037
1384,1.0718031166720068,0.48194346815207173,0.6256513576937649,-0.5013977026082089,-0.41702107268800304,1.1117524139238428,0.11446234958566764,0.0540296333885314,0.40683742795524463,1.5357786628062884,2.412803684849147,0.3956545446563562,-0.032311186336881084,0.5280567659727414,0.0,0.6882113771853678,2.950733787502384,-0.7965695658503499
1385,0.017095316722317847,0.5030345424114786,0.6256513576937649,-0.5013977026082089,-0.41702107268800304,1.1117524139238428,0.11446234958566764,0.0540296333885314,0.40683742795524463,1.5357786628062884,2.412803684849147,0.20903730296549256,0.18435092988079693,0.5280567659727414,0.0,-0.8930772127243898,-0.5664572772702333,-0.41632529460566275
1386,1.137132900776744,0.2487351703557912,0.6256513576937649,-0.5013977026082089,-0.41702107268800304,1.1117524139238428,0.11446234958566764,0.0540296333885314,0.40683742795524463,1.5357786628062884,2.412803684849147,0.5377678517553318,1.1955985589313987,0.5280567659727414,0.0,-0.8930772127243898,-0.5664572772702333,-0.03608102336097565
1387,-0.7986357834816118,-1.8003907894530935,0.6256513576937649,-0.5013977026082089,-0.41702107268800304,1.1117524139238428,0.11446234958566764,0.0540296333885314,0.40683742795524463,1.5357786628062884,2.412803684849147,-1.3928259389982274,-1.4156140666257706,0.5280567659727414,0.0,-0.8930772127243898,-0.5664572772702333,0.34416324788371144
1388,-1.133702435453567,0.6921988383821475,0.6256513576937649,-0.5013977026082089,-0.41702107268800304,1.1117524139238428,0.11446234958566764,0.0540296333885314,0.40683742795524463,1.5357786628062884,2.412803684849147,-0.5095739291642017,-0.8086761851536834,0.5280567659727414,0.0,-0.8930772127243898,-0.5664572772702333,0.7244075191283986
1389,-2.6298967840655036,-1.8003907894530935,0.6256513576937649,-0.5013977026082089,-0.41702107268800304,1.1117524139238428,0.11446234958566764,0.0540296333885314,0.40683742795524463,1.5357786628062884,2.412803684849147,-0.9914785179171803,-1.3807020327766983,0.5280567659727414,0.0,-0.8930772127243898,-0.5664572772702333,1.1046517903730857
1390,-1.2127971576383016,-1.8003907894530935,0.6256513576937649,-0.5013977026082089,-0.41702107268800304,1.1117524139238428,0.11446234958566764,0.0540296333885314,0.40683742795524463,1.5357786628062884,2.412803684849147,-1.0548268788728172,-1.330727585992221,0.5280567659727414,0.0,-0.8930772127243898,-0.5664572772702333,1.4848960616177729
1391,-1.6452618553355312,-1.8003907894530935,0.6256513576937649,-0.5013977026082089,-0.41702107268800304,1.1117524139238428,0.11446234958566764,0.0540296333885314,0.40683742795524463,1.5357786628062884,2.412803684849147,-1.1096375372715324,-0.874368328094925,0.5280567659727414,0.0,-0.8930772127243898,1.1921382551160753,1.8651403328624598
1392,-0.8536955358016,-0.2916118963431019,0.6256513576937649,-0.5013977026082089,-0.41702107268800304,1.1117524139238428,0.11446234958566764,0.0540296333885314,0.40683742795524463,1.5357786628062884,2.412803684849147,-1.036289856201675,-2.010994390281138,0.5280567659727414,0.0,-0.8930772127243898,-0.5664572772702333,2.245384604107147
1393,-1.4511497669741948,-1.374724204815757,0.6256513576937649,-0.5013977026082089,-0.41702107268800304,1.1117524139238428,0.11446234958566764,0.0540296333885314,0.40683742795524463,1.5357786628062884,2.412803684849147,-1.6833502688458424,-2.566373313734878,0.5280567659727414,0.0,-0.8930772127243898,-0.5664572772702333,2.625628875351834
1394,-0.12468803895260275,1.0308997445415982,0.6256513576937649,-1.5491826869357594,1.9181119000563556,1.1723258212145882,-0.17644057839844834,-0.171936886367318,-1.7618165702686994,1.5357786628062884,2.412803684849147,0.022889866918046866,0.16357299107020495,0.5280567659727414,0.0,0.6882113771853678,2.950733787502384,-1.176813837095037
1395,1.0718031166720068,0.48194346815207173,0.6256513576937649,-1.5491826869357594,1.9181119000563556,1.1723258212145882,-0.17644057839844834,-0.171936886367318,-1.7618165702686994,1.5357786628062884,2.412803684849147,0.3956545446563562,-0.032311186336881084,0.5280567659727414,0.0,-0.8930772127243898,-0.5664572772702333,-0.7965695658503499
1396,0.017095316722317847,0.5030345424114786,0.6256513576937649,-1.5491826869357594,1.9181119000563556,1.1723258212145882,-0.17644057839844834,-0.171936886367318,-1.7618165702686994,1.5357786628062884,2.412803684849147,0.20903730296549256,0.18435092988079693,0.5280567659727414,0.0,0.6882113771853678,1.1921382551160753,-0.41632529460566275
1397,0.30486590107301353,1.2001571049559838,0.6256513576937649,-1.5491826869357594,1.9181119000563556,1.1723258212145882,-0.17644057839844834,-0.171936886367318,-1.7618165702686994,1.5357786628062884,2.412803684849147,0.2718346573023064,-1.1742059076459375,0.5280567659727414,0.0,-0.8930772127243898,-0.5664572772702333,-0.03608102336097565
1398,-0.12468803895260275,1.0308997445415982,0.007228006677879595,-1.4182095638948156,6.004594602358984,1.5963396722498058,1.4235255255141899,-0.3979034061231674,-1.7618165702686994,1.5357786628062884,2.412803684849147,0.0823985817509374,0.16357299107020495,0.5280567659727414,0.0,-0.8930772127243898,2.950733787502384,-1.176813837095037
1399,1.0718031166720068,0.48194346815207173,0.007228006677879595,-1.4182095638948156,6.004594602358984,1.5963396722498058,1.4235255255141899,-0.3979034061231674,-1.7618165702686994,1.5357786628062884,2.412803684849147,1.1539440534109828,-0.032311186336881084,0.5280567659727414,0.0,0.6882113771853678,-0.5664572772702333,-0.7965695658503499
1400,0.017095316722317847,0.5030345424114786,0.007228006677879595,-1.4182095638948156,6.004594602358984,1.5963396722498058,1.4235255255141899,-0.3979034061231674,-1.7618165702686994,1.5357786628062884,2.412803684849147,0.08774044591868531,0.18435092988079693,0.5280567659727414,0.0,-0.8930772127243898,-0.5664572772702333,-0.41632529460566275
1401,0.30486590107301353,1.2001571049559838,0.007228006677879595,-1.4182095638948156,6.004594602358984,1.5963396722498058,1.4235255255141899,-0.3979034061231674,-1.7618165702686994,1.5357786628062884,2.412803684849147,-0.6036336590321345,-1.1742059076459375,0.5280567659727414,0.0,-0.8930772127243898,-0.5664572772702333,-0.03608102336097565
1402,1.137132900776744,0.2487351703557912,0.007228006677879595,-1.4182095638948156,6.004594602358984,1.5963396722498058,1.4235255255141899,-0.3979034061231674,-1.7618165702686994,1.5357786628062884,2.412803684849147,-0.580584182156315,1.1955985589313987,0.5280567659727414,0.0,-0.8930772127243898,-0.5664572772702333,0.34416324788371144
1403,-1.133702435453567,0.6921988383821475,0.007228006677879595,-1.4182095638948156,6.004594602358984,1.5963396722498058,1.4235255255141899,-0.3979034061231674,-1.7618165702686994,1.5357786628062884,2.412803684849147,-0.0996192046901714,-0.8086761851536834,0.5280567659727414,0.0,-0.8930772127243898,1.1921382551160753,0.7244075191283986
1404,-2.6298967840655036,-1.8003907894530935,0.007228006677879595,-1.4182095638948156,6.004594602358984,1.5963396722498058,1.4235255255141899,-0.3979034061231674,-1.7618165702686994,1.5357786628062884,2.412803684849147,-1.069930260298241,-1.3807020327766983,0.5280567659727414,0.0,-0.8930772127243898,-0.5664572772702333,1.1046517903730857
1405,-0.7986357834816118,-1.8003907894530935,-0.4050542273327106,0.022494789555566278,-0.41702107268800304,-1.1900370631244817,-0.7582464343666804,2.539661350702875,0.40683742795524463,-0.651135495119281,-0.4144556004615526,-1.032519810914991,-0.17593652684058492,0.5280567659727414,0.0,-0.8930772127243898,-0.5664572772702333,-1.176813837095037
1406,1.0718031166720068,0.48194346815207173,-0.4050542273327106,0.022494789555566278,-0.41702107268800304,-1.1900370631244817,-0.7582464343666804,2.539661350702875,0.40683742795524463,-0.651135495119281,-0.4144556004615526,-0.9864498575117111,0.8770399017923932,0.5280567659727414,0.0,-0.8930772127243898,-0.5664572772702333,-0.7965695658503499
1407,0.017095316722317847,0.5030345424114786,-0.4050542273327106,0.022494789555566278,-0.41702107268800304,-1.1900370631244817,-0.7582464343666804,2.539661350702875,0.40683742795524463,-0.651135495119281,-0.4144556004615526,-0.8840612275950425,-0.5989582508512405,0.5280567659727414,0.0,-0.8930772127243898,-0.5664572772702333,-0.41632529460566275
1408,0.30486590107301353,1.2001571049559838,-0.4050542273327106,0.022494789555566278,-0.41702107268800304,-1.1900370631244817,-0.7582464343666804,2.539661350702875,0.40683742795524463,-0.651135495119281,-0.4144556004615526,-1.4989022532122405,-1.3388549181682432,0.5280567659727414,0.0,-0.8930772127243898,-0.5664572772702333,-0.03608102336097565
1409,1.137132900776744,0.2487351703557912,-0.4050542273327106,0.022494789555566278,-0.41702107268800304,-1.1900370631244817,-0.7582464343666804,2.539661350702875,0.40683742795524463,-0.651135495119281,-0.4144556004615526,-0.9284259605148065,-0.23387448499574498,0.5280567659727414,0.0,-0.8930772127243898,-0.5664572772702333,0.34416324788371144
1410,-1.133702435453567,0.6921988383821475,-0.4050542273327106,0.022494789555566278,-0.41702107268800304,-1.1900370631244817,-0.7582464343666804,2.539661350702875,0.40683742795524463,-0.651135495119281,-0.4144556004615526,-0.16946364367824843,0.34063597817492286,0.5280567659727414,0.0,0.6882113771853678,-0.5664572772702333,0.7244075191283986
1411,-1.4120467582536522,-1.8003907894530935,-0.4050542273327106,0.022494789555566278,-0.41702107268800304,-1.1900370631244817,-0.7582464343666804,2.539661350702875,0.40683742795524463,-0.651135495119281,-0.4144556004615526,-1.0486556047419988,-0.9231687257744676,0.5280567659727414,0.0,-0.8930772127243898,-0.5664572772702333,1.1046517903730857
1412,-0.6901638775236811,-1.8003907894530935,-0.4050542273327106,0.022494789555566278,-0.41702107268800304,-1.1900370631244817,-0.7582464343666804,2.539661350702875,0.40683742795524463,-0.651135495119281,-0.4144556004615526,-0.3004756174253573,-0.5810198726665375,0.5280567659727414,0.0,-0.8930772127243898,2.950733787502384,1.4848960616177729
1413,-1.6452618553355312,-1.8003907894530935,-0.4050542273327106,0.022494789555566278,-0.41702107268800304,-1.1900370631244817,-0.7582464343666804,2.539661350702875,0.40683742795524463,-0.651135495119281,-0.4144556004615526,-1.4606113532528076,-2.2782216182981014,0.5280567659727414,0.0,-0.8930772127243898,-0.5664572772702333,1.8651403328624598
1414,-1.7471134102256074,-1.8003907894530935,-0.4050542273327106,0.022494789555566278,-0.41702107268800304,-1.1900370631244817,-0.7582464343666804,2.539661350702875,0.40683742795524463,-0.651135495119281,-0.4144556004615526,-0.8968097807337065,-1.9782120269014827,0.5280567659727414,0.0,-0.8930772127243898,-0.5664572772702333,2.245384604107147
1415,-1.4511497669741948,-1.374724204815757,-0.4050542273327106,0.022494789555566278,-0.41702107268800304,-1.1900370631244817,-0.7582464343666804,2.539661350702875,0.40683742795524463,-0.651135495119281,-0.4144556004615526,-1.0345208349517694,-1.7940310258047518,0.5280567659727414,0.0,-0.8930772127243898,-0.5664572772702333,2.625628875351834
1416,-0.7986357834816118,-1.8003907894530935,-0.6111953443380057,1.9870916351697234,-0.41702107268800304,-0.3420093610540463,-1.012786496352782,0.5059626729002302,0.40683742795524463,-0.651135495119281,-0.4144556004615526,-1.032519810914991,-0.17593652684058492,0.5280567659727414,0.0,-0.8930772127243898,-0.5664572772702333,-1.176813837095037
1417,1.0718031166720068,0.48194346815207173,-0.6111953443380057,1.9870916351697234,-0.41702107268800304,-0.3420093610540463,-1.012786496352782,0.5059626729002302,0.40683742795524463,-0.651135495119281,-0.4144556004615526,-0.9864498575117111,0.8770399017923932,0.5280567659727414,0.0,-0.8930772127243898,-0.5664572772702333,-0.7965695658503499
1418,0.017095316722317847,0.5030345424114786,-0.6111953443380057,1.9870916351697234,-0.41702107268800304,-0.3420093610540463,-1.012786496352782,0.5059626729002302,0.40683742795524463,-0.651135495119281,-0.4144556004615526,-0.8840612275950425,-0.5989582508512405,0.5280567659727414,0.0,-0.8930772127243898,-0.5664572772702333,-0.41632529460566275
1419,0.30486590107301353,1.2001571049559838,-0.6111953443380057,1.9870916351697234,-0.41702107268800304,-0.3420093610540463,-1.012786496352782,0.5059626729002302,0.40683742795524463,-0.651135495119281,-0.4144556004615526,-1.4989022532122405,-1.3388549181682432,0.5280567659727414,0.0,-0.8930772127243898,-0.5664572772702333,-0.03608102336097565
1420,1.137132900776744,0.2487351703557912,-0.6111953443380057,1.9870916351697234,-0.41702107268800304,-0.3420093610540463,-1.012786496352782,0.5059626729002302,0.40683742795524463,-0.651135495119281,-0.4144556004615526,-0.9284259605148065,-0.23387448499574498,0.5280567659727414,0.0,-0.8930772127243898,-0.5664572772702333,0.34416324788371144
1421,-1.133702435453567,0.6921988383821475,-0.6111953443380057,1.9870916351697234,-0.41702107268800304,-0.3420093610540463,-1.012786496352782,0.5059626729002302,0.40683742795524463,-0.651135495119281,-0.4144556004615526,-0.16946364367824843,0.34063597817492286,0.5280567659727414,0.0,-0.8930772127243898,-0.5664572772702333,0.7244075191283986
1422,-1.4120467582536522,-1.8003907894530935,-0.6111953443380057,1.9870916351697234,-0.41702107268800304,-0.3420093610540463,-1.012786496352782,0.5059626729002302,0.40683742795524463,-0.651135495119281,-0.4144556004615526,-1.0486556047419988,-0.9231687257744676,0.5280567659727414,0.0,-0.8930772127243898,-0.5664572772702333,1.1046517903730857
1423,-0.6901638775236811,-1.8003907894530935,-0.6111953443380057,1.9870916351697234,-0.41702107268800304,-0.3420093610540463,-1.012786496352782,0.5059626729002302,0.40683742795524463,-0.651135495119281,-0.4144556004615526,-0.3004756174253573,-0.5810198726665375,0.5280567659727414,0.0,-0.8930772127243898,-0.5664572772702333,1.4848960616177729
1424,-1.2127971576383016,-1.8003907894530935,-0.6111953443380057,1.9870916351697234,-0.41702107268800304,-0.3420093610540463,-1.012786496352782,0.5059626729002302,0.40683742795524463,-0.651135495119281,-0.4144556004615526,-1.611603407005408,-0.5496481884439746,0.5280567659727414,0.0,-0.8930772127243898,-0.5664572772702333,1.8651403328624598
1425,-1.7471134102256074,-1.8003907894530935,-0.6111953443380057,1.9870916351697234,-0.41702107268800304,-0.3420093610540463,-1.012786496352782,0.5059626729002302,0.40683742795524463,-0.651135495119281,-0.4144556004615526,-0.8968097807337065,-1.9782120269014827,0.5280567659727414,0.0,-0.8930772127243898,-0.5664572772702333,2.245384604107147
1426,-2.6298967840655036,-1.8003907894530935,-0.6111953443380057,1.9870916351697234,-0.41702107268800304,-0.3420093610540463,-1.012786496352782,0.5059626729002302,0.40683742795524463,-0.651135495119281,-0.4144556004615526,-1.435485451434476,-1.9245461513033495,0.5280567659727414,0.0,-0.8930772127243898,-0.5664572772702333,2.625628875351834
1427,-0.7986357834816118,-1.8003907894530935,-0.4050542273327106,-0.5013977026082089,-0.41702107268800304,-1.0083168412522454,-0.9036978983587384,1.8617617914353266,0.40683742795524463,1.5357786628062884,-0.4144556004615526,0.21690219744048303,-0.17593652684058492,0.5280567659727414,0.0,0.6882113771853678,2.950733787502384,-1.176813837095037
1428,1.0718031166720068,0.48194346815207173,-0.4050542273327106,-0.5013977026082089,-0.41702107268800304,-1.0083168412522454,-0.9036978983587384,1.8617617914353266,0.40683742795524463,1.5357786628062884,-0.4144556004615526,0.6259637111850529,0.8770399017923932,0.5280567659727414,0.0,0.6882113771853678,-0.5664572772702333,-0.7965695658503499
1429,0.017095316722317847,0.5030345424114786,-0.4050542273327106,-0.5013977026082089,-0.41702107268800304,-1.0083168412522454,-0.9036978983587384,1.8617617914353266,0.40683742795524463,1.5357786628062884,-0.4144556004615526,1.4372136561130837,-0.5989582508512405,0.5280567659727414,0.0,0.6882113771853678,1.1921382551160753,-0.41632529460566275
1430,0.30486590107301353,1.2001571049559838,-0.4050542273327106,-0.5013977026082089,-0.41702107268800304,-1.0083168412522454,-0.9036978983587384,1.8617617914353266,0.40683742795524463,1.5357786628062884,-0.4144556004615526,-0.6798813749379027,-1.3388549181682432,0.5280567659727414,0.0,-0.8930772127243898,-0.5664572772702333,-0.03608102336097565
1431,-0.7986357834816118,-1.8003907894530935,-1.229618695353891,0.2844410356374539,-0.41702107268800304,-0.16028913918181015,0.33263954557375464,-0.3979034061231674,0.40683742795524463,1.5357786628062884,-0.4144556004615526,-0.16594300138745263,-0.17593652684058492,0.5280567659727414,0.0,-0.8930772127243898,-0.5664572772702333,-1.176813837095037
1432,1.0718031166720068,0.48194346815207173,-1.229618695353891,0.2844410356374539,-0.41702107268800304,-0.16028913918181015,0.33263954557375464,-0.3979034061231674,0.40683742795524463,1.5357786628062884,-0.4144556004615526,-0.7771311431253373,0.8770399017923932,0.5280567659727414,0.0,-0.8930772127243898,-0.5664572772702333,-0.7965695658503499
1433,0.017095316722317847,0.5030345424114786,-1.229618695353891,0.2844410356374539,-0.41702107268800304,-0.16028913918181015,0.33263954557375464,-0.3979034061231674,0.40683742795524463,1.5357786628062884,-0.4144556004615526,-1.367856639061035,-0.5989582508512405,0.5280567659727414,0.0,-0.8930772127243898,-0.5664572772702333,-0.41632529460566275
1434,0.30486590107301353,1.2001571049559838,-1.229618695353891,0.2844410356374539,-0.41702107268800304,-0.16028913918181015,0.33263954557375464,-0.3979034061231674,0.40683742795524463,1.5357786628062884,-0.4144556004615526,-0.8980335954344609,-1.3388549181682432,0.5280567659727414,0.0,0.6882113771853678,1.1921382551160753,-0.03608102336097565
1435,1.137132900776744,0.2487351703557912,-1.229618695353891,0.2844410356374539,-0.41702107268800304,-0.16028913918181015,0.33263954557375464,-0.3979034061231674,0.40683742795524463,1.5357786628062884,-0.4144556004615526,1.2446281427299157,-0.23387448499574498,0.5280567659727414,0.0,0.6882113771853678,-0.5664572772702333,0.34416324788371144
1436,0.14607233718679458,-0.9300041581779736,-1.229618695353891,0.2844410356374539,-0.41702107268800304,-0.16028913918181015,0.33263954557375464,-0.3979034061231674,0.40683742795524463,1.5357786628062884,-0.4144556004615526,0.7285205431222044,-0.3217461447488189,0.5280567659727414,0.0,-0.8930772127243898,1.1921382551160753,0.7244075191283986
1437,-1.133702435453567,0.6921988383821475,-1.229618695353891,0.2844410356374539,-0.41702107268800304,-0.16028913918181015,0.33263954557375464,-0.3979034061231674,0.40683742795524463,1.5357786628062884,-0.4144556004615526,0.585815628916703,0.34063597817492286,0.5280567659727414,0.0,-0.8930772127243898,2.950733787502384,1.1046517903730857
1438,-1.4120467582536522,-1.8003907894530935,-1.229618695353891,0.2844410356374539,-0.41702107268800304,-0.16028913918181015,0.33263954557375464,-0.3979034061231674,0.40683742795524463,1.5357786628062884,-0.4144556004615526,-0.6440195441570291,-0.9231687257744676,0.5280567659727414,0.0,-0.8930772127243898,1.1921382551160753,1.4848960616177729
1439,-0.6901638775236811,-1.8003907894530935,-1.229618695353891,0.2844410356374539,-0.41702107268800304,-0.16028913918181015,0.33263954557375464,-0.3979034061231674,0.40683742795524463,1.5357786628062884,-0.4144556004615526,-0.6673300241680804,-0.5810198726665375,0.5280567659727414,0.0,-0.8930772127243898,1.1921382551160753,1.8651403328624598
1440,-1.7471134102256074,-1.8003907894530935,-1.229618695353891,0.2844410356374539,-0.41702107268800304,-0.16028913918181015,0.33263954557375464,-0.3979034061231674,0.40683742795524463,1.5357786628062884,-0.4144556004615526,-2.0050058926499936,-1.9782120269014827,0.5280567659727414,0.0,-0.8930772127243898,-0.5664572772702333,2.245384604107147
1441,-2.0150279340960173,-1.1071110921338192,-1.229618695353891,0.2844410356374539,-0.41702107268800304,-0.16028913918181015,0.33263954557375464,-0.3979034061231674,0.40683742795524463,1.5357786628062884,-0.4144556004615526,-0.9823086077660304,-1.490844220900127,0.5280567659727414,0.0,-0.8930772127243898,-0.5664572772702333,2.625628875351834
1442,-0.12468803895260275,1.1199559119123563,-1.8480420463697762,0.15346791259651008,-0.41702107268800304,0.6271651555978798,0.7689939375499286,0.957895712411929,0.40683742795524463,-0.651135495119281,-0.4144556004615526,1.1659965981890288,0.28174239865528083,0.7218644258993372,0.0,0.6882113771853678,-0.5664572772702333,-1.176813837095037
1443,-0.7986357834816118,-0.07291115951339087,-1.8480420463697762,0.15346791259651008,-0.41702107268800304,0.6271651555978798,0.7689939375499286,0.957895712411929,0.40683742795524463,-0.651135495119281,-0.4144556004615526,-0.26514159298461937,-0.25528040356013953,0.7218644258993372,0.0,-0.8930772127243898,-0.5664572772702333,-0.7965695658503499
1444,-0.532383836463084,-1.8003907894530935,-1.8480420463697762,0.15346791259651008,-0.41702107268800304,0.6271651555978798,0.7689939375499286,0.957895712411929,0.40683742795524463,-0.651135495119281,-0.4144556004615526,-0.28163119106160855,-0.24533284021367543,0.7218644258993372,0.0,0.6882113771853678,-0.5664572772702333,-0.41632529460566275
1445,0.30486590107301353,0.00856354119208629,-1.8480420463697762,0.15346791259651008,-0.41702107268800304,0.6271651555978798,0.7689939375499286,0.957895712411929,0.40683742795524463,-0.651135495119281,-0.4144556004615526,1.48852687249969,1.075144761227418,0.7218644258993372,0.0,0.6882113771853678,-0.5664572772702333,-0.03608102336097565
1446,1.137132900776744,0.21701663742118163,-1.8480420463697762,0.15346791259651008,-0.41702107268800304,0.6271651555978798,0.7689939375499286,0.957895712411929,0.40683742795524463,-0.651135495119281,-0.4144556004615526,-0.005924879211563414,-0.12528859452304408,0.7218644258993372,0.0,0.6882113771853678,2.950733787502384,0.34416324788371144
1447,-0.9771506043195858,-1.8003907894530935,-1.8480420463697762,0.15346791259651008,-0.41702107268800304,0.6271651555978798,0.7689939375499286,0.957895712411929,0.40683742795524463,-0.651135495119281,-0.4144556004615526,-0.19179971198443393,-0.07750752629894907,0.7218644258993372,0.0,0.6882113771853678,2.950733787502384,0.7244075191283986
1448,-1.3858249755927365,-1.8003907894530935,-1.8480420463697762,0.15346791259651008,-0.41702107268800304,0.6271651555978798,0.7689939375499286,0.957895712411929,0.40683742795524463,-0.651135495119281,-0.4144556004615526,0.2723914639908012,0.4896765064106908,0.7218644258993372,0.0,-0.8930772127243898,-0.5664572772702333,1.1046517903730857
1449,0.5138513120822684,-1.8003907894530935,-1.8480420463697762,0.15346791259651008,-0.41702107268800304,0.6271651555978798,0.7689939375499286,0.957895712411929,0.40683742795524463,-0.651135495119281,-0.4144556004615526,-0.830236581040537,-0.9260264887120612,0.7218644258993372,0.0,-0.8930772127243898,-0.5664572772702333,1.4848960616177729
1450,-1.0723119100159018,-1.8003907894530935,-1.8480420463697762,0.15346791259651008,-0.41702107268800304,0.6271651555978798,0.7689939375499286,0.957895712411929,0.40683742795524463,-0.651135495119281,-0.4144556004615526,-1.0493284128239302,-1.3066732310748335,0.7218644258993372,0.0,-0.8930772127243898,-0.5664572772702333,1.8651403328624598
1451,-0.12468803895260275,1.1199559119123563,-2.0541831633750713,-0.23945145652632133,-0.41702107268800304,0.6877385628886251,2.223508577470509,2.3136948309470253,0.40683742795524463,-0.651135495119281,-0.4144556004615526,1.1659965981890288,0.28174239865528083,0.7218644258993372,0.0,2.2694999670951255,2.950733787502384,-1.176813837095037
1452,-0.7986357834816118,-0.07291115951339087,-2.0541831633750713,-0.23945145652632133,-0.41702107268800304,0.6877385628886251,2.223508577470509,2.3136948309470253,0.40683742795524463,-0.651135495119281,-0.4144556004615526,-0.26514159298461937,-0.25528040356013953,0.7218644258993372,0.0,0.6882113771853678,1.1921382551160753,-0.7965695658503499
1453,-1.3858249755927365,-1.8003907894530935,-2.0541831633750713,-0.23945145652632133,-0.41702107268800304,0.6877385628886251,2.223508577470509,2.3136948309470253,0.40683742795524463,-0.651135495119281,-0.4144556004615526,0.2723914639908012,0.4896765064106908,0.7218644258993372,0.0,0.6882113771853678,4.709329319888692,-0.41632529460566275
1454,-0.9771506043195858,-1.8003907894530935,-2.0541831633750713,-0.23945145652632133,-0.41702107268800304,0.6877385628886251,2.223508577470509,2.3136948309470253,0.40683742795524463,-0.651135495119281,-0.4144556004615526,-0.19179971198443393,-0.07750752629894907,0.7218644258993372,0.0,-0.8930772127243898,-0.5664572772702333,-0.03608102336097565
1455,-1.5500656005762627,-1.8003907894530935,-2.0541831633750713,-0.23945145652632133,-0.41702107268800304,0.6877385628886251,2.223508577470509,2.3136948309470253,0.40683742795524463,-0.651135495119281,-0.4144556004615526,0.35445084970773477,0.8184375592600225,0.7218644258993372,0.0,-0.8930772127243898,1.1921382551160753,0.34416324788371144
1456,1.137132900776744,0.21701663742118163,-2.0541831633750713,-0.23945145652632133,-0.41702107268800304,0.6877385628886251,2.223508577470509,2.3136948309470253,0.40683742795524463,-0.651135495119281,-0.4144556004615526,-0.005924879211563414,-0.12528859452304408,0.7218644258993372,0.0,-0.8930772127243898,1.1921382551160753,0.7244075191283986
1457,0.30486590107301353,0.00856354119208629,-2.0541831633750713,-0.23945145652632133,-0.41702107268800304,0.6877385628886251,2.223508577470509,2.3136948309470253,0.40683742795524463,-0.651135495119281,-0.4144556004615526,1.48852687249969,1.075144761227418,0.7218644258993372,0.0,-0.8930772127243898,-0.5664572772702333,1.1046517903730857
1458,-0.532383836463084,-1.8003907894530935,-2.0541831633750713,-0.23945145652632133,-0.41702107268800304,0.6877385628886251,2.223508577470509,2.3136948309470253,0.40683742795524463,-0.651135495119281,-0.4144556004615526,-0.28163119106160855,-0.24533284021367543,0.7218644258993372,0.0,-0.8930772127243898,-0.5664572772702333,1.4848960616177729
1459,0.5138513120822684,-1.8003907894530935,-2.0541831633750713,-0.23945145652632133,-0.41702107268800304,0.6877385628886251,2.223508577470509,2.3136948309470253,0.40683742795524463,-0.651135495119281,-0.4144556004615526,-0.830236581040537,-0.9260264887120612,0.7218644258993372,0.0,-0.8930772127243898,-0.5664572772702333,1.8651403328624598
1460,-1.9510811343395422,-1.8003907894530935,-2.0541831633750713,-0.23945145652632133,-0.41702107268800304,0.6877385628886251,2.223508577470509,2.3136948309470253,0.40683742795524463,-0.651135495119281,-0.4144556004615526,-2.0050058926499936,-2.800300322604196,0.7218644258993372,0.0,-0.8930772127243898,-0.5664572772702333,2.245384604107147
1461,-0.12468803895260275,1.1199559119123563,-0.8173364613433008,0.2844410356374539,-0.41702107268800304,0.20315130456266212,0.11446234958566764,0.957895712411929,0.40683742795524463,-0.651135495119281,-0.4144556004615526,-0.4521648395525106,-0.9317784192106568,0.7218644258993372,0.0,0.6882113771853678,-0.5664572772702333,-1.176813837095037
1462,-0.7986357834816118,-0.07291115951339087,-0.8173364613433008,0.2844410356374539,-0.41702107268800304,0.20315130456266212,0.11446234958566764,0.957895712411929,0.40683742795524463,-0.651135495119281,-0.4144556004615526,-0.9771755461064682,-0.365031241981923,0.7218644258993372,0.0,-0.8930772127243898,-0.5664572772702333,-0.7965695658503499
1463,-0.532383836463084,-1.8003907894530935,-0.8173364613433008,0.2844410356374539,-0.41702107268800304,0.20315130456266212,0.11446234958566764,0.957895712411929,0.40683742795524463,-0.651135495119281,-0.4144556004615526,-0.48893148120218843,-0.4042299202373856,0.7218644258993372,0.0,-0.8930772127243898,1.1921382551160753,-0.41632529460566275
1464,0.30486590107301353,0.00856354119208629,-0.8173364613433008,0.2844410356374539,-0.41702107268800304,0.20315130456266212,0.11446234958566764,0.957895712411929,0.40683742795524463,-0.651135495119281,-0.4144556004615526,-1.1730902994812618,0.467606203469085,0.7218644258993372,0.0,-0.8930772127243898,-0.5664572772702333,-0.03608102336097565
1465,1.137132900776744,0.21701663742118163,-0.8173364613433008,0.2844410356374539,-0.41702107268800304,0.20315130456266212,0.11446234958566764,0.957895712411929,0.40683742795524463,-0.651135495119281,-0.4144556004615526,0.17808813119665193,0.8794699104049334,0.7218644258993372,0.0,0.6882113771853678,-0.5664572772702333,0.34416324788371144
1466,-1.3858249755927365,-1.8003907894530935,-0.8173364613433008,0.2844410356374539,-0.41702107268800304,0.20315130456266212,0.11446234958566764,0.957895712411929,0.40683742795524463,-0.651135495119281,-0.4144556004615526,1.4143555815364341,-0.9541490602953856,0.7218644258993372,0.0,0.6882113771853678,2.950733787502384,0.7244075191283986
1467,0.5138513120822684,-1.8003907894530935,-0.8173364613433008,0.2844410356374539,-0.41702107268800304,0.20315130456266212,0.11446234958566764,0.957895712411929,0.40683742795524463,-0.651135495119281,-0.4144556004615526,-1.2682810429351998,0.13442198887558052,0.7218644258993372,0.0,-0.8930772127243898,-0.5664572772702333,1.1046517903730857
1468,-0.9771506043195858,-1.8003907894530935,-0.8173364613433008,0.2844410356374539,-0.41702107268800304,0.20315130456266212,0.11446234958566764,0.957895712411929,0.40683742795524463,-0.651135495119281,-0.4144556004615526,-0.5506790229284023,-0.0677874918487903,0.7218644258993372,0.0,-0.8930772127243898,1.1921382551160753,1.4848960616177729
1469,-1.5500656005762627,-1.8003907894530935,-0.8173364613433008,0.2844410356374539,-0.41702107268800304,0.20315130456266212,0.11446234958566764,0.957895712411929,0.40683742795524463,-0.651135495119281,-0.4144556004615526,-0.2747407082914844,-0.7824739574551749,0.7218644258993372,0.0,-0.8930772127243898,1.1921382551160753,1.8651403328624598
1470,-1.4511497669741948,-0.8361220670359951,-0.8173364613433008,0.2844410356374539,-0.41702107268800304,0.20315130456266212,0.11446234958566764,0.957895712411929,0.40683742795524463,-0.651135495119281,-0.4144556004615526,-1.249923822423884,-1.467299530710463,0.7218644258993372,0.0,-0.8930772127243898,-0.5664572772702333,2.245384604107147
1471,-0.12468803895260275,1.1199559119123563,-1.4357598123591861,1.0702797738831167,0.7505454136841763,0.44544493372564364,0.07809948358765315,0.7319291926560796,0.40683742795524463,-0.651135495119281,-0.4144556004615526,-0.580613182504674,-0.9317784192106568,0.7218644258993372,0.0,-0.8930772127243898,-0.5664572772702333,-1.176813837095037
1472,-0.7986357834816118,-0.07291115951339087,-1.4357598123591861,1.0702797738831167,0.7505454136841763,0.44544493372564364,0.07809948358765315,0.7319291926560796,0.40683742795524463,-0.651135495119281,-0.4144556004615526,-0.5018134359433043,-0.365031241981923,0.7218644258993372,0.0,-0.8930772127243898,2.950733787502384,-0.7965695658503499
1473,-0.532383836463084,-1.8003907894530935,-1.4357598123591861,1.0702797738831167,0.7505454136841763,0.44544493372564364,0.07809948358765315,0.7319291926560796,0.40683742795524463,-0.651135495119281,-0.4144556004615526,-2.0050058926499936,-0.4042299202373856,0.7218644258993372,0.0,-0.8930772127243898,-0.5664572772702333,-0.41632529460566275
1474,0.30486590107301353,0.00856354119208629,-1.4357598123591861,1.0702797738831167,0.7505454136841763,0.44544493372564364,0.07809948358765315,0.7319291926560796,0.40683742795524463,-0.651135495119281,-0.4144556004615526,-0.08781606290801432,0.467606203469085,0.7218644258993372,0.0,-0.8930772127243898,-0.5664572772702333,-0.03608102336097565
1475,1.137132900776744,0.21701663742118163,-1.4357598123591861,1.0702797738831167,0.7505454136841763,0.44544493372564364,0.07809948358765315,0.7319291926560796,0.40683742795524463,-0.651135495119281,-0.4144556004615526,1.117247012597367,0.8794699104049334,0.7218644258993372,0.0,-0.8930772127243898,-0.5664572772702333,0.34416324788371144
1476,-1.3858249755927365,-1.8003907894530935,-1.4357598123591861,1.0702797738831167,0.7505454136841763,0.44544493372564364,0.07809948358765315,0.7319291926560796,0.40683742795524463,-0.651135495119281,-0.4144556004615526,-1.6598536065983256,-0.9541490602953856,0.7218644258993372,0.0,-0.8930772127243898,-0.5664572772702333,0.7244075191283986
1477,0.5138513120822684,-1.8003907894530935,-1.4357598123591861,1.0702797738831167,0.7505454136841763,0.44544493372564364,0.07809948358765315,0.7319291926560796,0.40683742795524463,-0.651135495119281,-0.4144556004615526,0.35648087409287255,0.13442198887558052,0.7218644258993372,0.0,0.6882113771853678,1.1921382551160753,1.1046517903730857
1478,-1.5500656005762627,-1.8003907894530935,-1.4357598123591861,1.0702797738831167,0.7505454136841763,0.44544493372564364,0.07809948358765315,0.7319291926560796,0.40683742795524463,-0.651135495119281,-0.4144556004615526,-1.367856639061035,-0.7824739574551749,0.7218644258993372,0.0,-0.8930772127243898,-0.5664572772702333,1.4848960616177729
1479,-1.4903376519904794,-1.8003907894530935,-1.4357598123591861,1.0702797738831167,0.7505454136841763,0.44544493372564364,0.07809948358765315,0.7319291926560796,0.40683742795524463,-0.651135495119281,-0.4144556004615526,-0.4694200468261801,-0.9857118687908452,0.7218644258993372,0.0,-0.8930772127243898,-0.5664572772702333,1.8651403328624598
1480,-0.12468803895260275,1.1199559119123563,-1.4357598123591861,1.2012528969240606,-0.41702107268800304,0.5665917483071344,2.47804863945661,1.6357952716794772,0.40683742795524463,-0.651135495119281,-0.4144556004615526,-1.4501132271468105,-0.9317784192106568,0.7218644258993372,0.0,-0.8930772127243898,-0.5664572772702333,-1.176813837095037
1481,-0.7986357834816118,-0.07291115951339087,-1.4357598123591861,1.2012528969240606,-0.41702107268800304,0.5665917483071344,2.47804863945661,1.6357952716794772,0.40683742795524463,-0.651135495119281,-0.4144556004615526,-1.5404783126337926,-0.365031241981923,0.7218644258993372,0.0,-0.8930772127243898,-0.5664572772702333,-0.7965695658503499
1482,-0.532383836463084,-1.8003907894530935,-1.4357598123591861,1.2012528969240606,-0.41702107268800304,0.5665917483071344,2.47804863945661,1.6357952716794772,0.40683742795524463,-0.651135495119281,-0.4144556004615526,0.11247774306900475,-0.4042299202373856,0.7218644258993372,0.0,0.6882113771853678,1.1921382551160753,-0.41632529460566275
1483,0.30486590107301353,0.00856354119208629,-1.4357598123591861,1.2012528969240606,-0.41702107268800304,0.5665917483071344,2.47804863945661,1.6357952716794772,0.40683742795524463,-0.651135495119281,-0.4144556004615526,0.3540042443430045,0.467606203469085,0.7218644258993372,0.0,0.6882113771853678,-0.5664572772702333,-0.03608102336097565
1484,1.137132900776744,0.21701663742118163,-1.4357598123591861,1.2012528969240606,-0.41702107268800304,0.5665917483071344,2.47804863945661,1.6357952716794772,0.40683742795524463,-0.651135495119281,-0.4144556004615526,0.2210724475345228,0.8794699104049334,0.7218644258993372,0.0,-0.8930772127243898,1.1921382551160753,0.34416324788371144
1485,-1.3858249755927365,-1.8003907894530935,-1.4357598123591861,1.2012528969240606,-0.41702107268800304,0.5665917483071344,2.47804863945661,1.6357952716794772,0.40683742795524463,-0.651135495119281,-0.4144556004615526,-1.601437044884639,-0.9541490602953856,0.7218644258993372,0.0,-0.8930772127243898,-0.5664572772702333,0.7244075191283986
1486,0.5138513120822684,-1.8003907894530935,-1.4357598123591861,1.2012528969240606,-0.41702107268800304,0.5665917483071344,2.47804863945661,1.6357952716794772,0.40683742795524463,-0.651135495119281,-0.4144556004615526,0.12145625092098485,0.13442198887558052,0.7218644258993372,0.0,-0.8930772127243898,1.1921382551160753,1.1046517903730857
1487,-0.9771506043195858,-1.8003907894530935,-1.4357598123591861,1.2012528969240606,-0.41702107268800304,0.5665917483071344,2.47804863945661,1.6357952716794772,0.40683742795524463,-0.651135495119281,-0.4144556004615526,-1.7328086229514006,-0.0677874918487903,0.7218644258993372,0.0,-0.8930772127243898,-0.5664572772702333,1.4848960616177729
1488,-1.5500656005762627,-1.8003907894530935,-1.4357598123591861,1.2012528969240606,-0.41702107268800304,0.5665917483071344,2.47804863945661,1.6357952716794772,0.40683742795524463,-0.651135495119281,-0.4144556004615526,-1.04881800669281,-0.7824739574551749,0.7218644258993372,0.0,-0.8930772127243898,-0.5664572772702333,1.8651403328624598
1489,-1.4511497669741948,-0.8361220670359951,-1.4357598123591861,1.2012528969240606,-0.41702107268800304,0.5665917483071344,2.47804863945661,1.6357952716794772,0.40683742795524463,-0.651135495119281,-0.4144556004615526,-1.2682810429351998,-1.467299530710463,0.7218644258993372,0.0,-0.8930772127243898,-0.5664572772702333,2.245384604107147
1490,-2.0150279340960173,-1.7837234786506384,-1.4357598123591861,1.2012528969240606,-0.41702107268800304,0.5665917483071344,2.47804863945661,1.6357952716794772,0.40683742795524463,-0.651135495119281,-0.4144556004615526,-1.0759507326175919,-1.0457066881686041,0.7218644258993372,0.0,-0.8930772127243898,-0.5664572772702333,2.625628875351834
1491,-0.12468803895260275,1.1199559119123563,-1.6419009293644813,2.5109841273334985,-0.41702107268800304,0.8088853774701159,2.5144115054546248,-0.6238699258790168,0.40683742795524463,-0.651135495119281,-0.4144556004615526,-0.18277480357507936,-0.9317784192106568,0.7218644258993372,0.0,-0.8930772127243898,-0.5664572772702333,-1.176813837095037
1492,-0.7986357834816118,-0.07291115951339087,-1.6419009293644813,2.5109841273334985,-0.41702107268800304,0.8088853774701159,2.5144115054546248,-0.6238699258790168,0.40683742795524463,-0.651135495119281,-0.4144556004615526,0.7530780381126971,-0.365031241981923,0.7218644258993372,0.0,0.6882113771853678,-0.5664572772702333,-0.7965695658503499
1493,-0.532383836463084,-1.8003907894530935,-1.6419009293644813,2.5109841273334985,-0.41702107268800304,0.8088853774701159,2.5144115054546248,-0.6238699258790168,0.40683742795524463,-0.651135495119281,-0.4144556004615526,0.3859974286527731,-0.4042299202373856,0.7218644258993372,0.0,2.2694999670951255,-0.5664572772702333,-0.41632529460566275
1494,0.30486590107301353,0.00856354119208629,-1.6419009293644813,2.5109841273334985,-0.41702107268800304,0.8088853774701159,2.5144115054546248,-0.6238699258790168,0.40683742795524463,-0.651135495119281,-0.4144556004615526,-0.3061074850766962,0.467606203469085,0.7218644258993372,0.0,-0.8930772127243898,2.950733787502384,-0.03608102336097565
1495,1.137132900776744,0.21701663742118163,-1.6419009293644813,2.5109841273334985,-0.41702107268800304,0.8088853774701159,2.5144115054546248,-0.6238699258790168,0.40683742795524463,-0.651135495119281,-0.4144556004615526,0.10650947137670032,0.8794699104049334,0.7218644258993372,0.0,0.6882113771853678,1.1921382551160753,0.34416324788371144
1496,-1.3858249755927365,-1.8003907894530935,-1.6419009293644813,2.5109841273334985,-0.41702107268800304,0.8088853774701159,2.5144115054546248,-0.6238699258790168,0.40683742795524463,-0.651135495119281,-0.4144556004615526,-0.9161878135072629,-0.9541490602953856,0.7218644258993372,0.0,-0.8930772127243898,-0.5664572772702333,0.7244075191283986
1497,-0.9771506043195858,-1.8003907894530935,-1.6419009293644813,2.5109841273334985,-0.41702107268800304,0.8088853774701159,2.5144115054546248,-0.6238699258790168,0.40683742795524463,-0.651135495119281,-0.4144556004615526,0.16485817227522673,-0.0677874918487903,0.7218644258993372,0.0,-0.8930772127243898,-0.5664572772702333,1.1046517903730857
1498,-0.12468803895260275,1.1199559119123563,-1.8480420463697762,2.641957250374442,-0.41702107268800304,0.32429811914415285,-0.9764236303547674,0.7319291926560796,0.40683742795524463,1.5357786628062884,-0.4144556004615526,-0.6774395456060658,-0.9317784192106568,0.7218644258993372,0.0,-0.8930772127243898,-0.5664572772702333,-1.176813837095037
1499,-0.7986357834816118,-0.07291115951339087,-1.8480420463697762,2.641957250374442,-0.41702107268800304,0.32429811914415285,-0.9764236303547674,0.7319291926560796,0.40683742795524463,1.5357786628062884,-0.4144556004615526,-0.39309693001467827,-0.365031241981923,0.7218644258993372,0.0,0.6882113771853678,-0.5664572772702333,-0.7965695658503499
1500,-0.532383836463084,-1.8003907894530935,-1.8480420463697762,2.641957250374442,-0.41702107268800304,0.32429811914415285,-0.9764236303547674,0.7319291926560796,0.40683742795524463,1.5357786628062884,-0.4144556004615526,-1.029329772595489,-0.4042299202373856,0.7218644258993372,0.0,-0.8930772127243898,-0.5664572772702333,-0.41632529460566275
1501,0.30486590107301353,0.00856354119208629,-1.8480420463697762,2.641957250374442,-0.41702107268800304,0.32429811914415285,-0.9764236303547674,0.7319291926560796,0.40683742795524463,1.5357786628062884,-0.4144556004615526,-1.2000432232462173,0.467606203469085,0.7218644258993372,0.0,-0.8930772127243898,1.1921382551160753,-0.03608102336097565
1502,1.137132900776744,0.21701663742118163,-1.8480420463697762,2.641957250374442,-0.41702107268800304,0.32429811914415285,-0.9764236303547674,0.7319291926560796,0.40683742795524463,1.5357786628062884,-0.4144556004615526,-1.0146961968134827,0.8794699104049334,0.7218644258993372,0.0,-0.8930772127243898,-0.5664572772702333,0.34416324788371144
1503,0.5138513120822684,-1.8003907894530935,-1.8480420463697762,2.641957250374442,-0.41702107268800304,0.32429811914415285,-0.9764236303547674,0.7319291926560796,0.40683742795524463,1.5357786628062884,-0.4144556004615526,-2.0050058926499936,0.13442198887558052,0.7218644258993372,0.0,-0.8930772127243898,-0.5664572772702333,0.7244075191283986
1504,-0.9771506043195858,-1.8003907894530935,-1.8480420463697762,2.641957250374442,-0.41702107268800304,0.32429811914415285,-0.9764236303547674,0.7319291926560796,0.40683742795524463,1.5357786628062884,-0.4144556004615526,-0.754922676351932,-0.0677874918487903,0.7218644258993372,0.0,-0.8930772127243898,1.1921382551160753,1.1046517903730857
1505,-1.3858249755927365,-1.8003907894530935,-1.8480420463697762,2.641957250374442,-0.41702107268800304,0.32429811914415285,-0.9764236303547674,0.7319291926560796,0.40683742795524463,1.5357786628062884,-0.4144556004615526,-1.6143184196187876,-0.9541490602953856,0.7218644258993372,0.0,-0.8930772127243898,-0.5664572772702333,1.4848960616177729
1506,-1.4511497669741948,-0.8361220670359951,-1.8480420463697762,2.641957250374442,-0.41702107268800304,0.32429811914415285,-0.9764236303547674,0.7319291926560796,0.40683742795524463,1.5357786628062884,-0.4144556004615526,-0.7998094155421602,-1.467299530710463,0.7218644258993372,0.0,-0.8930772127243898,-0.5664572772702333,1.8651403328624598
1507,-2.0150279340960173,-1.7837234786506384,-1.8480420463697762,2.641957250374442,-0.41702107268800304,0.32429811914415285,-0.9764236303547674,0.7319291926560796,0.40683742795524463,1.5357786628062884,-0.4144556004615526,-1.543255965999628,-1.0457066881686041,0.7218644258993372,0.0,-0.8930772127243898,-0.5664572772702333,2.245384604107147
1508,-2.6298967840655036,-1.8003907894530935,-1.8480420463697762,2.641957250374442,-0.41702107268800304,0.32429811914415285,-0.9764236303547674,0.7319291926560796,0.40683742795524463,1.5357786628062884,-0.4144556004615526,-1.6864759263919873,-2.300480315165848,0.7218644258993372,0.0,-0.8930772127243898,-0.5664572772702333,2.625628875351834
1509,-0.12468803895260275,1.1199559119123563,0.6256513576937649,-0.23945145652632133,0.7505454136841763,0.990605599342352,1.7144284534983059,-1.0758029653907155,0.40683742795524463,-0.651135495119281,-0.4144556004615526,0.022889866918046866,-0.5574933847885781,0.7218644258993372,0.0,-0.8930772127243898,-0.5664572772702333,-1.176813837095037
1510,1.0718031166720068,0.57975034606478,0.6256513576937649,-0.23945145652632133,0.7505454136841763,0.990605599342352,1.7144284534983059,-1.0758029653907155,0.40683742795524463,-0.651135495119281,-0.4144556004615526,0.3956545446563562,0.09480465745091668,0.7218644258993372,0.0,-0.8930772127243898,-0.5664572772702333,-0.7965695658503499
1511,-0.532383836463084,-1.8003907894530935,0.6256513576937649,-0.23945145652632133,0.7505454136841763,0.990605599342352,1.7144284534983059,-1.0758029653907155,0.40683742795524463,-0.651135495119281,-0.4144556004615526,0.2899540749570772,-0.07860876615706633,0.7218644258993372,0.0,0.6882113771853678,-0.5664572772702333,-0.41632529460566275
1512,0.30486590107301353,0.00856354119208629,0.6256513576937649,-0.23945145652632133,0.7505454136841763,0.990605599342352,1.7144284534983059,-1.0758029653907155,0.40683742795524463,-0.651135495119281,-0.4144556004615526,0.2718346573023064,0.3628792030777206,0.7218644258993372,0.0,-0.8930772127243898,-0.5664572772702333,-0.03608102336097565
1513,1.137132900776744,0.21701663742118163,0.6256513576937649,-0.23945145652632133,0.7505454136841763,0.990605599342352,1.7144284534983059,-1.0758029653907155,0.40683742795524463,-0.651135495119281,-0.4144556004615526,0.5377678517553318,-0.24237496456170773,0.7218644258993372,0.0,-0.8930772127243898,-0.5664572772702333,0.34416324788371144
1514,-1.0723119100159018,-1.8003907894530935,0.6256513576937649,-0.23945145652632133,0.7505454136841763,0.990605599342352,1.7144284534983059,-1.0758029653907155,0.40683742795524463,-0.651135495119281,-0.4144556004615526,-0.6249431150064074,-0.7188568780482366,0.7218644258993372,0.0,-0.8930772127243898,-0.5664572772702333,0.7244075191283986
1515,-1.133702435453567,0.4578138492959705,0.6256513576937649,-0.23945145652632133,0.7505454136841763,0.990605599342352,1.7144284534983059,-1.0758029653907155,0.40683742795524463,-0.651135495119281,-0.4144556004615526,-0.5095739291642017,-1.329771964627739,0.7218644258993372,0.0,-0.8930772127243898,-0.5664572772702333,1.1046517903730857
1516,0.14607233718679458,-0.007649477403510067,0.6256513576937649,-0.23945145652632133,0.7505454136841763,0.990605599342352,1.7144284534983059,-1.0758029653907155,0.40683742795524463,-0.651135495119281,-0.4144556004615526,-0.3797567697694883,-0.3612451611474043,0.7218644258993372,0.0,-0.8930772127243898,-0.5664572772702333,1.4848960616177729
1517,-2.6298967840655036,-1.8003907894530935,0.6256513576937649,-0.23945145652632133,0.7505454136841763,0.990605599342352,1.7144284534983059,-1.0758029653907155,0.40683742795524463,-0.651135495119281,-0.4144556004615526,-0.508460315787212,-0.8211447686712093,0.7218644258993372,0.0,-0.8930772127243898,-0.5664572772702333,1.8651403328624598
1518,-2.6298967840655036,-1.8003907894530935,0.6256513576937649,-0.23945145652632133,0.7505454136841763,0.990605599342352,1.7144284534983059,-1.0758029653907155,0.40683742795524463,-0.651135495119281,-0.4144556004615526,-1.2305805900683586,-1.7870140346426993,0.7218644258993372,0.0,-0.8930772127243898,-0.5664572772702333,2.245384604107147
1519,-0.7986357834816118,-0.07291115951339087,0.6256513576937649,0.4154141586783977,4.837028115986804,1.1723258212145882,1.3144369275201464,-1.0758029653907155,-3.9304705684926433,-0.651135495119281,-0.4144556004615526,-1.3928259389982274,-1.136590830508759,0.7218644258993372,0.0,-0.8930772127243898,-0.5664572772702333,-1.176813837095037
1520,1.0718031166720068,0.57975034606478,0.6256513576937649,0.4154141586783977,4.837028115986804,1.1723258212145882,1.3144369275201464,-1.0758029653907155,-3.9304705684926433,-0.651135495119281,-0.4144556004615526,0.3956545446563562,0.09480465745091668,0.7218644258993372,0.0,-0.8930772127243898,-0.5664572772702333,-0.7965695658503499
1521,-0.532383836463084,-1.8003907894530935,0.6256513576937649,0.4154141586783977,4.837028115986804,1.1723258212145882,1.3144369275201464,-1.0758029653907155,-3.9304705684926433,-0.651135495119281,-0.4144556004615526,0.2899540749570772,-0.07860876615706633,0.7218644258993372,0.0,0.6882113771853678,-0.5664572772702333,-0.41632529460566275
1522,0.30486590107301353,0.00856354119208629,0.6256513576937649,0.4154141586783977,4.837028115986804,1.1723258212145882,1.3144369275201464,-1.0758029653907155,-3.9304705684926433,-0.651135495119281,-0.4144556004615526,0.2718346573023064,0.3628792030777206,0.7218644258993372,0.0,-0.8930772127243898,1.1921382551160753,-0.03608102336097565
1523,1.137132900776744,0.21701663742118163,0.6256513576937649,0.4154141586783977,4.837028115986804,1.1723258212145882,1.3144369275201464,-1.0758029653907155,-3.9304705684926433,-0.651135495119281,-0.4144556004615526,0.5377678517553318,-0.24237496456170773,0.7218644258993372,0.0,-0.8930772127243898,2.950733787502384,0.34416324788371144
1524,-1.0723119100159018,-1.8003907894530935,0.6256513576937649,0.4154141586783977,4.837028115986804,1.1723258212145882,1.3144369275201464,-1.0758029653907155,-3.9304705684926433,-0.651135495119281,-0.4144556004615526,-0.6249431150064074,-0.7188568780482366,0.7218644258993372,0.0,-0.8930772127243898,-0.5664572772702333,0.7244075191283986
1525,-0.12468803895260275,1.1199559119123563,0.6256513576937649,0.4154141586783977,4.837028115986804,1.1723258212145882,1.3144369275201464,-1.0758029653907155,-3.9304705684926433,-0.651135495119281,-0.4144556004615526,0.022889866918046866,-0.5574933847885781,0.7218644258993372,0.0,0.6882113771853678,1.1921382551160753,1.1046517903730857
1526,0.14607233718679458,-0.007649477403510067,0.6256513576937649,0.4154141586783977,4.837028115986804,1.1723258212145882,1.3144369275201464,-1.0758029653907155,-3.9304705684926433,-0.651135495119281,-0.4144556004615526,-0.3797567697694883,-0.3612451611474043,0.7218644258993372,0.0,-0.8930772127243898,1.1921382551160753,1.4848960616177729
1527,-1.3858249755927365,-1.8003907894530935,0.6256513576937649,0.4154141586783977,4.837028115986804,1.1723258212145882,1.3144369275201464,-1.0758029653907155,-3.9304705684926433,-0.651135495119281,-0.4144556004615526,-1.3628395787949092,-1.4337253667716656,0.7218644258993372,0.0,-0.8930772127243898,-0.5664572772702333,1.8651403328624598
1528,-2.6298967840655036,-1.8003907894530935,0.6256513576937649,0.4154141586783977,4.837028115986804,1.1723258212145882,1.3144369275201464,-1.0758029653907155,-3.9304705684926433,-0.651135495119281,-0.4144556004615526,-0.508460315787212,-0.8211447686712093,0.7218644258993372,0.0,-0.8930772127243898,-0.5664572772702333,2.245384604107147
1529,-2.6298967840655036,-1.8003907894530935,0.6256513576937649,0.4154141586783977,4.837028115986804,1.1723258212145882,1.3144369275201464,-1.0758029653907155,-3.9304705684926433,-0.651135495119281,-0.4144556004615526,-1.2305805900683586,-1.7870140346426993,0.7218644258993372,0.0,-0.8930772127243898,-0.5664572772702333,2.625628875351834
1530,-0.7986357834816118,-0.07291115951339087,0.6256513576937649,-1.4182095638948156,3.6694616296146245,1.3540460430868244,1.9326056494863928,-0.3979034061231674,-1.7618165702686994,-0.651135495119281,-0.4144556004615526,-1.0186750446083523,-1.136590830508759,0.7218644258993372,0.0,-0.8930772127243898,-0.5664572772702333,-1.176813837095037
1531,1.0718031166720068,0.57975034606478,0.6256513576937649,-1.4182095638948156,3.6694616296146245,1.3540460430868244,1.9326056494863928,-0.3979034061231674,-1.7618165702686994,-0.651135495119281,-0.4144556004615526,0.2684126161959317,0.09480465745091668,0.7218644258993372,0.0,0.6882113771853678,-0.5664572772702333,-0.7965695658503499
1532,-0.532383836463084,-1.8003907894530935,0.6256513576937649,-1.4182095638948156,3.6694616296146245,1.3540460430868244,1.9326056494863928,-0.3979034061231674,-1.7618165702686994,-0.651135495119281,-0.4144556004615526,-0.5885070773280235,-0.07860876615706633,0.7218644258993372,0.0,-0.8930772127243898,-0.5664572772702333,-0.41632529460566275
1533,0.30486590107301353,0.00856354119208629,0.6256513576937649,-1.4182095638948156,3.6694616296146245,1.3540460430868244,1.9326056494863928,-0.3979034061231674,-1.7618165702686994,-0.651135495119281,-0.4144556004615526,0.05098540440835128,0.3628792030777206,0.7218644258993372,0.0,0.6882113771853678,-0.5664572772702333,-0.03608102336097565
1534,1.137132900776744,0.21701663742118163,0.6256513576937649,-1.4182095638948156,3.6694616296146245,1.3540460430868244,1.9326056494863928,-0.3979034061231674,-1.7618165702686994,-0.651135495119281,-0.4144556004615526,-0.3836602166586243,-0.24237496456170773,0.7218644258993372,0.0,-0.8930772127243898,-0.5664572772702333,0.34416324788371144
1535,-1.0723119100159018,-1.8003907894530935,0.6256513576937649,-1.4182095638948156,3.6694616296146245,1.3540460430868244,1.9326056494863928,-0.3979034061231674,-1.7618165702686994,-0.651135495119281,-0.4144556004615526,0.28721064200230556,-0.7188568780482366,0.7218644258993372,0.0,-0.8930772127243898,-0.5664572772702333,0.7244075191283986
1536,-0.12468803895260275,1.1199559119123563,0.6256513576937649,-1.4182095638948156,3.6694616296146245,1.3540460430868244,1.9326056494863928,-0.3979034061231674,-1.7618165702686994,-0.651135495119281,-0.4144556004615526,-0.4825166041451535,-0.5574933847885781,0.7218644258993372,0.0,-0.8930772127243898,-0.5664572772702333,1.1046517903730857
1537,0.14607233718679458,-0.007649477403510067,0.6256513576937649,-1.4182095638948156,3.6694616296146245,1.3540460430868244,1.9326056494863928,-0.3979034061231674,-1.7618165702686994,-0.651135495119281,-0.4144556004615526,-0.4568512958473425,-0.3612451611474043,0.7218644258993372,0.0,-0.8930772127243898,-0.5664572772702333,1.4848960616177729
1538,-1.3858249755927365,-1.8003907894530935,0.6256513576937649,-1.4182095638948156,3.6694616296146245,1.3540460430868244,1.9326056494863928,-0.3979034061231674,-1.7618165702686994,-0.651135495119281,-0.4144556004615526,-1.75964960537169,-1.4337253667716656,0.7218644258993372,0.0,-0.8930772127243898,-0.5664572772702333,1.8651403328624598
1539,-2.6298967840655036,-1.8003907894530935,0.6256513576937649,-1.4182095638948156,3.6694616296146245,1.3540460430868244,1.9326056494863928,-0.3979034061231674,-1.7618165702686994,-0.651135495119281,-0.4144556004615526,-0.7634661789785254,-0.8211447686712093,0.7218644258993372,0.0,-0.8930772127243898,1.1921382551160753,2.245384604107147
1540,-2.6298967840655036,-1.8003907894530935,0.6256513576937649,-1.4182095638948156,3.6694616296146245,1.3540460430868244,1.9326056494863928,-0.3979034061231674,-1.7618165702686994,-0.651135495119281,-0.4144556004615526,-1.500875436914594,-1.7870140346426993,0.7218644258993372,0.0,-0.8930772127243898,-0.5664572772702333,2.625628875351834
1541,-1.0723119100159018,-1.8003907894530935,-0.19891311032741552,-1.156263317812928,-0.41702107268800304,1.5963396722498058,0.7326310715519142,-0.171936886367318,0.40683742795524463,-0.651135495119281,-0.4144556004615526,0.28721064200230556,-0.7188568780482366,0.7218644258993372,0.0,0.6882113771853678,-0.5664572772702333,-1.176813837095037
1542,-1.2144597344901835,-1.8003907894530935,-0.19891311032741552,-1.156263317812928,-0.41702107268800304,1.5963396722498058,0.7326310715519142,-0.171936886367318,0.40683742795524463,-0.651135495119281,-0.4144556004615526,-2.0050058926499936,-2.800300322604196,0.7218644258993372,0.0,-0.8930772127243898,-0.5664572772702333,-0.7965695658503499
1543,-0.532383836463084,-1.8003907894530935,-0.19891311032741552,-1.156263317812928,-0.41702107268800304,1.5963396722498058,0.7326310715519142,-0.171936886367318,0.40683742795524463,-0.651135495119281,-0.4144556004615526,-0.5885070773280235,-0.07860876615706633,0.7218644258993372,0.0,-0.8930772127243898,-0.5664572772702333,-0.41632529460566275
1544,0.30486590107301353,0.00856354119208629,-0.19891311032741552,-1.156263317812928,-0.41702107268800304,1.5963396722498058,0.7326310715519142,-0.171936886367318,0.40683742795524463,-0.651135495119281,-0.4144556004615526,0.05098540440835128,0.3628792030777206,0.7218644258993372,0.0,-0.8930772127243898,-0.5664572772702333,-0.03608102336097565
1545,1.137132900776744,0.21701663742118163,-0.19891311032741552,-1.156263317812928,-0.41702107268800304,1.5963396722498058,0.7326310715519142,-0.171936886367318,0.40683742795524463,-0.651135495119281,-0.4144556004615526,-0.3836602166586243,-0.24237496456170773,0.7218644258993372,0.0,0.6882113771853678,-0.5664572772702333,0.34416324788371144
1546,-2.6298967840655036,-1.8003907894530935,-0.19891311032741552,-1.156263317812928,-0.41702107268800304,1.5963396722498058,0.7326310715519142,-0.171936886367318,0.40683742795524463,-0.651135495119281,-0.4144556004615526,-1.435485451434476,-1.9245461513033495,0.7218644258993372,0.0,-0.8930772127243898,-0.5664572772702333,0.7244075191283986
1547,-0.12468803895260275,1.1199559119123563,-0.19891311032741552,-1.156263317812928,-0.41702107268800304,1.5963396722498058,0.7326310715519142,-0.171936886367318,0.40683742795524463,-0.651135495119281,-0.4144556004615526,-0.4825166041451535,-0.5574933847885781,0.7218644258993372,0.0,-0.8930772127243898,-0.5664572772702333,1.1046517903730857
1548,0.14607233718679458,-0.007649477403510067,-0.19891311032741552,-1.156263317812928,-0.41702107268800304,1.5963396722498058,0.7326310715519142,-0.171936886367318,0.40683742795524463,-0.651135495119281,-0.4144556004615526,-0.4568512958473425,-0.3612451611474043,0.7218644258993372,0.0,-0.8930772127243898,-0.5664572772702333,1.4848960616177729
1549,-1.2891109329566746,-1.8003907894530935,-0.19891311032741552,-1.156263317812928,-0.41702107268800304,1.5963396722498058,0.7326310715519142,-0.171936886367318,0.40683742795524463,-0.651135495119281,-0.4144556004615526,-0.5576217063255727,-0.686365751655852,0.7218644258993372,0.0,-0.8930772127243898,-0.5664572772702333,1.8651403328624598
1550,-2.6298967840655036,-1.8003907894530935,-0.19891311032741552,-1.156263317812928,-0.41702107268800304,1.5963396722498058,0.7326310715519142,-0.171936886367318,0.40683742795524463,-0.651135495119281,-0.4144556004615526,-0.7634661789785254,-0.8211447686712093,0.7218644258993372,0.0,-0.8930772127243898,-0.5664572772702333,2.245384604107147
1551,-2.6298967840655036,-1.8003907894530935,-0.19891311032741552,-1.156263317812928,-0.41702107268800304,1.5963396722498058,0.7326310715519142,-0.171936886367318,0.40683742795524463,-0.651135495119281,-0.4144556004615526,-1.500875436914594,-1.7870140346426993,0.7218644258993372,0.0,-0.8930772127243898,-0.5664572772702333,2.625628875351834
1552,-1.0723119100159018,-1.8003907894530935,0.4195102406884698,0.2844410356374539,0.7505454136841763,0.2637247118534075,-0.5037063723805789,-0.3979034061231674,0.40683742795524463,-0.651135495119281,-0.4144556004615526,-0.36704301704885506,-0.7188568780482366,0.7218644258993372,0.0,0.6882113771853678,-0.5664572772702333,-1.176813837095037
1553,-0.7986357834816118,-0.07291115951339087,0.4195102406884698,0.2844410356374539,0.7505454136841763,0.2637247118534075,-0.5037063723805789,-0.3979034061231674,0.40683742795524463,-0.651135495119281,-0.4144556004615526,-0.5472279814736684,-1.136590830508759,0.7218644258993372,0.0,-0.8930772127243898,1.1921382551160753,-0.7965695658503499
1554,-0.532383836463084,-1.8003907894530935,0.4195102406884698,0.2844410356374539,0.7505454136841763,0.2637247118534075,-0.5037063723805789,-0.3979034061231674,0.40683742795524463,-0.651135495119281,-0.4144556004615526,-1.0189708481616153,-0.07860876615706633,0.7218644258993372,0.0,0.6882113771853678,1.1921382551160753,-0.41632529460566275
1555,0.30486590107301353,0.00856354119208629,0.4195102406884698,0.2844410356374539,0.7505454136841763,0.2637247118534075,-0.5037063723805789,-0.3979034061231674,0.40683742795524463,-0.651135495119281,-0.4144556004615526,-0.6036336590321345,0.3628792030777206,0.7218644258993372,0.0,-0.8930772127243898,-0.5664572772702333,-0.03608102336097565
1556,0.5138513120822684,-1.8003907894530935,0.4195102406884698,0.2844410356374539,0.7505454136841763,0.2637247118534075,-0.5037063723805789,-0.3979034061231674,0.40683742795524463,-0.651135495119281,-0.4144556004615526,-0.1603111337361137,-0.5885374274004618,0.7218644258993372,0.0,-0.8930772127243898,-0.5664572772702333,0.34416324788371144
1557,-0.12468803895260275,1.1199559119123563,0.4195102406884698,0.2844410356374539,0.7505454136841763,0.2637247118534075,-0.5037063723805789,-0.3979034061231674,0.40683742795524463,-0.651135495119281,-0.4144556004615526,0.0823985817509374,-0.5574933847885781,0.7218644258993372,0.0,-0.8930772127243898,-0.5664572772702333,0.7244075191283986
1558,-0.9771506043195858,-1.8003907894530935,0.4195102406884698,0.2844410356374539,0.7505454136841763,0.2637247118534075,-0.5037063723805789,-0.3979034061231674,0.40683742795524463,-0.651135495119281,-0.4144556004615526,0.4561260710547693,-1.2421460360826746,0.7218644258993372,0.0,-0.8930772127243898,-0.5664572772702333,1.1046517903730857
1559,-1.2891109329566746,-1.8003907894530935,0.4195102406884698,0.2844410356374539,0.7505454136841763,0.2637247118534075,-0.5037063723805789,-0.3979034061231674,0.40683742795524463,-0.651135495119281,-0.4144556004615526,-0.23907027980978093,-0.686365751655852,0.7218644258993372,0.0,0.6882113771853678,-0.5664572772702333,1.4848960616177729
1560,-2.6298967840655036,-1.8003907894530935,0.4195102406884698,0.2844410356374539,0.7505454136841763,0.2637247118534075,-0.5037063723805789,-0.3979034061231674,0.40683742795524463,-0.651135495119281,-0.4144556004615526,-1.2463045789486673,-0.8211447686712093,0.7218644258993372,0.0,-0.8930772127243898,-0.5664572772702333,1.8651403328624598
1561,-1.4511497669741948,-0.8361220670359951,0.4195102406884698,0.2844410356374539,0.7505454136841763,0.2637247118534075,-0.5037063723805789,-0.3979034061231674,0.40683742795524463,-0.651135495119281,-0.4144556004615526,-1.5705418137637461,-2.7799319358069527,0.7218644258993372,0.0,-0.8930772127243898,-0.5664572772702333,2.245384604107147
1562,-2.6298967840655036,-1.8003907894530935,0.4195102406884698,0.2844410356374539,0.7505454136841763,0.2637247118534075,-0.5037063723805789,-0.3979034061231674,0.40683742795524463,-0.651135495119281,-0.4144556004615526,-1.990122913872099,-1.7870140346426993,0.7218644258993372,0.0,-0.8930772127243898,-0.5664572772702333,2.625628875351834
1563,-1.0723119100159018,-0.07554754379581669,0.6256513576937649,-0.7633439486900966,-0.41702107268800304,-2.038064765194917,-0.35825490838852087,0.0540296333885314,0.40683742795524463,1.5357786628062884,-0.4144556004615526,0.7505956082931575,0.9682880903666367,0.915672085825933,0.0,2.2694999670951255,-0.5664572772702333,-1.176813837095037
1564,-0.12468803895260275,0.1119783212648701,0.6256513576937649,-0.7633439486900966,-0.41702107268800304,-2.038064765194917,-0.35825490838852087,0.0540296333885314,0.40683742795524463,1.5357786628062884,-0.4144556004615526,-1.1413465181673816,0.13187366523696223,0.915672085825933,0.0,0.6882113771853678,-0.5664572772702333,-0.7965695658503499
1565,-0.5857510555915164,-1.8003907894530935,0.6256513576937649,-0.7633439486900966,-0.41702107268800304,-2.038064765194917,-0.35825490838852087,0.0540296333885314,0.40683742795524463,1.5357786628062884,-0.4144556004615526,-0.31436678428937026,0.03622051723024968,0.915672085825933,0.0,0.6882113771853678,-0.5664572772702333,-0.41632529460566275
1566,-0.532383836463084,0.5059166913304017,0.6256513576937649,-0.7633439486900966,-0.41702107268800304,-2.038064765194917,-0.35825490838852087,0.0540296333885314,0.40683742795524463,1.5357786628062884,-0.4144556004615526,-0.6229652912483163,-0.5611065436619049,0.915672085825933,0.0,-0.8930772127243898,1.1921382551160753,-0.03608102336097565
1567,-1.0723119100159018,-0.07554754379581669,-0.19891311032741552,-0.8943170717310404,-0.41702107268800304,-1.1900370631244817,-0.32189204239050634,0.0540296333885314,0.40683742795524463,1.5357786628062884,-0.4144556004615526,0.7505956082931575,0.050336409957025305,0.915672085825933,0.0,-0.8930772127243898,-0.5664572772702333,-1.176813837095037
1568,-0.12468803895260275,0.1119783212648701,-0.19891311032741552,-0.8943170717310404,-0.41702107268800304,-1.1900370631244817,-0.32189204239050634,0.0540296333885314,0.40683742795524463,1.5357786628062884,-0.4144556004615526,-1.1413465181673816,0.16357299107020495,0.915672085825933,0.0,-0.8930772127243898,-0.5664572772702333,-0.7965695658503499
1569,-0.5857510555915164,-1.8003907894530935,-0.19891311032741552,-0.8943170717310404,-0.41702107268800304,-1.1900370631244817,-0.32189204239050634,0.0540296333885314,0.40683742795524463,1.5357786628062884,-0.4144556004615526,-0.31436678428937026,0.6341209509410934,0.915672085825933,0.0,-0.8930772127243898,-0.5664572772702333,-0.41632529460566275
1570,-0.532383836463084,0.5059166913304017,-0.19891311032741552,-0.8943170717310404,-0.41702107268800304,-1.1900370631244817,-0.32189204239050634,0.0540296333885314,0.40683742795524463,1.5357786628062884,-0.4144556004615526,-0.6229652912483163,0.35685423790355897,0.915672085825933,0.0,-0.8930772127243898,-0.5664572772702333,-0.03608102336097565
1571,0.5138513120822684,0.02395734433269162,-0.19891311032741552,-0.8943170717310404,-0.41702107268800304,-1.1900370631244817,-0.32189204239050634,0.0540296333885314,0.40683742795524463,1.5357786628062884,-0.4144556004615526,-0.13528383310220302,-0.08848352025671259,0.915672085825933,0.0,-0.8930772127243898,-0.5664572772702333,0.34416324788371144
1572,-1.1426493955694013,-1.8003907894530935,-0.19891311032741552,-0.8943170717310404,-0.41702107268800304,-1.1900370631244817,-0.32189204239050634,0.0540296333885314,0.40683742795524463,1.5357786628062884,-0.4144556004615526,-0.8952205616436274,-1.224808334184217,0.915672085825933,0.0,-0.8930772127243898,-0.5664572772702333,0.7244075191283986
1573,-2.6298967840655036,-1.8003907894530935,-0.19891311032741552,-0.8943170717310404,-0.41702107268800304,-1.1900370631244817,-0.32189204239050634,0.0540296333885314,0.40683742795524463,1.5357786628062884,-0.4144556004615526,-0.7195654516325068,-1.3807020327766983,0.915672085825933,0.0,-0.8930772127243898,-0.5664572772702333,1.1046517903730857
1574,-1.2891109329566746,-0.053905360957597535,-0.19891311032741552,-0.8943170717310404,-0.41702107268800304,-1.1900370631244817,-0.32189204239050634,0.0540296333885314,0.40683742795524463,1.5357786628062884,-0.4144556004615526,0.1782853335654938,1.7062189080195622,0.915672085825933,0.0,0.6882113771853678,2.950733787502384,1.4848960616177729
1575,-0.6901638775236811,-1.8003907894530935,-0.19891311032741552,-0.8943170717310404,-0.41702107268800304,-1.1900370631244817,-0.32189204239050634,0.0540296333885314,0.40683742795524463,1.5357786628062884,-0.4144556004615526,-0.5011000273736702,-0.9077513677608262,0.915672085825933,0.0,-0.8930772127243898,-0.5664572772702333,1.8651403328624598
1576,-1.4511497669741948,-0.935693981883548,-0.19891311032741552,-0.8943170717310404,-0.41702107268800304,-1.1900370631244817,-0.32189204239050634,0.0540296333885314,0.40683742795524463,1.5357786628062884,-0.4144556004615526,-2.0050058926499936,-2.566373313734878,0.915672085825933,0.0,-0.8930772127243898,-0.5664572772702333,2.245384604107147
1577,-2.0150279340960173,-0.4222246295215899,-0.19891311032741552,-0.8943170717310404,-0.41702107268800304,-1.1900370631244817,-0.32189204239050634,0.0540296333885314,0.40683742795524463,1.5357786628062884,-0.4144556004615526,-2.0050058926499936,-2.800300322604196,0.915672085825933,0.0,-0.8930772127243898,-0.5664572772702333,2.625628875351834
1578,-1.0723119100159018,-0.07554754379581669,1.2440747087096502,1.3322260199650044,-0.41702107268800304,-2.4620786162301345,-0.9764236303547674,0.7319291926560796,0.40683742795524463,-0.651135495119281,-0.4144556004615526,-0.7363566533324307,0.050336409957025305,0.915672085825933,0.0,0.6882113771853678,-0.5664572772702333,-1.176813837095037
1579,-0.12468803895260275,0.1119783212648701,1.2440747087096502,1.3322260199650044,-0.41702107268800304,-2.4620786162301345,-0.9764236303547674,0.7319291926560796,0.40683742795524463,-0.651135495119281,-0.4144556004615526,-0.7944443510957251,0.16357299107020495,0.915672085825933,0.0,-0.8930772127243898,-0.5664572772702333,-0.7965695658503499
1580,-0.5857510555915164,-1.8003907894530935,1.2440747087096502,1.3322260199650044,-0.41702107268800304,-2.4620786162301345,-0.9764236303547674,0.7319291926560796,0.40683742795524463,-0.651135495119281,-0.4144556004615526,0.37776132971878607,0.6341209509410934,0.915672085825933,0.0,0.6882113771853678,1.1921382551160753,-0.41632529460566275
1581,-0.532383836463084,0.5059166913304017,1.2440747087096502,1.3322260199650044,-0.41702107268800304,-2.4620786162301345,-0.9764236303547674,0.7319291926560796,0.40683742795524463,-0.651135495119281,-0.4144556004615526,0.9720886689206851,0.35685423790355897,0.915672085825933,0.0,0.6882113771853678,2.950733787502384,-0.03608102336097565
1582,-2.6298967840655036,-1.8003907894530935,1.2440747087096502,1.3322260199650044,-0.41702107268800304,-2.4620786162301345,-0.9764236303547674,0.7319291926560796,0.40683742795524463,-0.651135495119281,-0.4144556004615526,-1.1085471241732296,-1.3807020327766983,0.915672085825933,0.0,-0.8930772127243898,-0.5664572772702333,0.34416324788371144
1583,0.5138513120822684,0.02395734433269162,1.2440747087096502,1.3322260199650044,-0.41702107268800304,-2.4620786162301345,-0.9764236303547674,0.7319291926560796,0.40683742795524463,-0.651135495119281,-0.4144556004615526,-0.053792854213108324,-0.08848352025671259,0.915672085825933,0.0,-0.8930772127243898,-0.5664572772702333,0.7244075191283986
1584,-1.1426493955694013,-1.8003907894530935,1.2440747087096502,1.3322260199650044,-0.41702107268800304,-2.4620786162301345,-0.9764236303547674,0.7319291926560796,0.40683742795524463,-0.651135495119281,-0.4144556004615526,-0.7602587404500079,-1.224808334184217,0.915672085825933,0.0,-0.8930772127243898,-0.5664572772702333,1.1046517903730857
1585,-1.2891109329566746,-0.053905360957597535,1.2440747087096502,1.3322260199650044,-0.41702107268800304,-2.4620786162301345,-0.9764236303547674,0.7319291926560796,0.40683742795524463,-0.651135495119281,-0.4144556004615526,-0.05235443693449618,1.7062189080195622,0.915672085825933,0.0,-0.8930772127243898,-0.5664572772702333,1.4848960616177729
1586,-1.0723119100159018,-0.07554754379581669,-0.19891311032741552,1.0702797738831167,-0.41702107268800304,-0.7660232120892639,-0.35825490838852087,0.5059626729002302,0.40683742795524463,1.5357786628062884,-0.4144556004615526,-0.7363566533324307,0.9682880903666367,0.915672085825933,0.0,-0.8930772127243898,-0.5664572772702333,-1.176813837095037
1587,-0.12468803895260275,0.1119783212648701,-0.19891311032741552,1.0702797738831167,-0.41702107268800304,-0.7660232120892639,-0.35825490838852087,0.5059626729002302,0.40683742795524463,1.5357786628062884,-0.4144556004615526,-0.7944443510957251,0.13187366523696223,0.915672085825933,0.0,-0.8930772127243898,-0.5664572772702333,-0.7965695658503499
1588,-0.5857510555915164,-1.8003907894530935,-0.19891311032741552,1.0702797738831167,-0.41702107268800304,-0.7660232120892639,-0.35825490838852087,0.5059626729002302,0.40683742795524463,1.5357786628062884,-0.4144556004615526,0.37776132971878607,0.03622051723024968,0.915672085825933,0.0,-0.8930772127243898,-0.5664572772702333,-0.41632529460566275
1589,-0.532383836463084,0.5059166913304017,-0.19891311032741552,1.0702797738831167,-0.41702107268800304,-0.7660232120892639,-0.35825490838852087,0.5059626729002302,0.40683742795524463,1.5357786628062884,-0.4144556004615526,0.9720886689206851,-0.5611065436619049,0.915672085825933,0.0,0.6882113771853678,-0.5664572772702333,-0.03608102336097565
1590,0.5138513120822684,0.02395734433269162,-0.19891311032741552,1.0702797738831167,-0.41702107268800304,-0.7660232120892639,-0.35825490838852087,0.5059626729002302,0.40683742795524463,1.5357786628062884,-0.4144556004615526,-0.053792854213108324,1.7216999741241688,0.915672085825933,0.0,0.6882113771853678,1.1921382551160753,0.34416324788371144
1591,-1.1426493955694013,-1.8003907894530935,-0.19891311032741552,1.0702797738831167,-0.41702107268800304,-0.7660232120892639,-0.35825490838852087,0.5059626729002302,0.40683742795524463,1.5357786628062884,-0.4144556004615526,-0.7602587404500079,-0.7045225575810082,0.915672085825933,0.0,-0.8930772127243898,-0.5664572772702333,0.7244075191283986
1592,-0.5857510555915164,-1.8003907894530935,-0.19891311032741552,6.047258449438981,-0.41702107268800304,-0.46315617563553707,0.8780825355439722,-0.8498364456348662,0.40683742795524463,-0.651135495119281,-0.4144556004615526,-1.7594309427450623,-0.05569205572120481,0.915672085825933,0.0,-0.8930772127243898,-0.5664572772702333,-1.176813837095037
1593,-2.6298967840655036,-1.8003907894530935,-0.19891311032741552,6.047258449438981,-0.41702107268800304,-0.46315617563553707,0.8780825355439722,-0.8498364456348662,0.40683742795524463,-0.651135495119281,-0.4144556004615526,-1.142083127015703,-0.38997751017282684,0.915672085825933,0.0,-0.8930772127243898,-0.5664572772702333,-0.7965695658503499
1594,-0.532383836463084,0.5059166913304017,-0.19891311032741552,6.047258449438981,-0.41702107268800304,-0.46315617563553707,0.8780825355439722,-0.8498364456348662,0.40683742795524463,-0.651135495119281,-0.4144556004615526,-0.33527603545628765,-0.4302956305981107,0.915672085825933,0.0,0.6882113771853678,-0.5664572772702333,-0.41632529460566275
1595,0.30486590107301353,1.196679162978885,-0.19891311032741552,6.047258449438981,-0.41702107268800304,-0.46315617563553707,0.8780825355439722,-0.8498364456348662,0.40683742795524463,-0.651135495119281,-0.4144556004615526,-1.0689906490114058,-0.2636170623207626,0.915672085825933,0.0,-0.8930772127243898,-0.5664572772702333,-0.03608102336097565
1596,0.5138513120822684,0.02395734433269162,-0.19891311032741552,6.047258449438981,-0.41702107268800304,-0.46315617563553707,0.8780825355439722,-0.8498364456348662,0.40683742795524463,-0.651135495119281,-0.4144556004615526,-1.3989450125019993,-0.27826082208696634,0.915672085825933,0.0,-0.8930772127243898,-0.5664572772702333,0.34416324788371144
1597,-1.0723119100159018,-0.07554754379581669,-0.19891311032741552,6.047258449438981,-0.41702107268800304,-0.46315617563553707,0.8780825355439722,-0.8498364456348662,0.40683742795524463,-0.651135495119281,-0.4144556004615526,-0.8780639555543788,-0.7061971702578146,0.915672085825933,0.0,-0.8930772127243898,-0.5664572772702333,0.7244075191283986
1598,-1.1426493955694013,-1.8003907894530935,-0.19891311032741552,6.047258449438981,-0.41702107268800304,-0.46315617563553707,0.8780825355439722,-0.8498364456348662,0.40683742795524463,-0.651135495119281,-0.4144556004615526,-0.7656702054538177,-0.19699660148259568,0.915672085825933,0.0,-0.8930772127243898,-0.5664572772702333,1.1046517903730857
1599,-0.6901638775236811,-1.8003907894530935,-0.19891311032741552,6.047258449438981,-0.41702107268800304,-0.46315617563553707,0.8780825355439722,-0.8498364456348662,0.40683742795524463,-0.651135495119281,-0.4144556004615526,-0.6218806782196855,-1.3413122302483396,0.915672085825933,0.0,-0.8930772127243898,1.1921382551160753,1.4848960616177729
1600,-2.6298967840655036,-1.8003907894530935,-0.19891311032741552,6.047258449438981,-0.41702107268800304,-0.46315617563553707,0.8780825355439722,-0.8498364456348662,0.40683742795524463,-0.651135495119281,-0.4144556004615526,-1.354122074078161,-1.8722463591986327,0.915672085825933,0.0,-0.8930772127243898,-0.5664572772702333,1.8651403328624598
1601,-1.4511497669741948,-0.935693981883548,-0.19891311032741552,6.047258449438981,-0.41702107268800304,-0.46315617563553707,0.8780825355439722,-0.8498364456348662,0.40683742795524463,-0.651135495119281,-0.4144556004615526,-1.706186303157739,-1.6464739859728936,0.915672085825933,0.0,-0.8930772127243898,-0.5664572772702333,2.245384604107147
1602,-2.174380183717148,-1.8003907894530935,-0.19891311032741552,6.047258449438981,-0.41702107268800304,-0.46315617563553707,0.8780825355439722,-0.8498364456348662,0.40683742795524463,-0.651135495119281,-0.4144556004615526,-1.7765991489736543,-2.227154122695774,0.915672085825933,0.0,-0.8930772127243898,-0.5664572772702333,2.625628875351834
1603,-0.5857510555915164,-1.8003907894530935,-0.19891311032741552,0.15346791259651008,-0.41702107268800304,0.7483119701793706,-1.0491493623507964,-0.171936886367318,0.40683742795524463,1.5357786628062884,-0.4144556004615526,-0.98609605326173,-0.05569205572120481,0.915672085825933,0.0,-0.8930772127243898,-0.5664572772702333,-1.176813837095037
1604,0.5138513120822684,0.02395734433269162,-0.19891311032741552,0.15346791259651008,-0.41702107268800304,0.7483119701793706,-1.0491493623507964,-0.171936886367318,0.40683742795524463,1.5357786628062884,-0.4144556004615526,-0.5537588599241396,-0.27826082208696634,0.915672085825933,0.0,0.6882113771853678,-0.5664572772702333,-0.7965695658503499
1605,-0.532383836463084,0.5059166913304017,-0.19891311032741552,0.15346791259651008,-0.41702107268800304,0.7483119701793706,-1.0491493623507964,-0.171936886367318,0.40683742795524463,1.5357786628062884,-0.4144556004615526,-0.18089558100140918,-0.4302956305981107,0.915672085825933,0.0,-0.8930772127243898,-0.5664572772702333,-0.41632529460566275
1606,0.30486590107301353,1.196679162978885,-0.19891311032741552,0.15346791259651008,-0.41702107268800304,0.7483119701793706,-1.0491493623507964,-0.171936886367318,0.40683742795524463,1.5357786628062884,-0.4144556004615526,-0.361190746749987,-0.2636170623207626,0.915672085825933,0.0,0.6882113771853678,-0.5664572772702333,-0.03608102336097565
1607,-1.0723119100159018,-0.07554754379581669,-0.19891311032741552,0.15346791259651008,-0.41702107268800304,0.7483119701793706,-1.0491493623507964,-0.171936886367318,0.40683742795524463,1.5357786628062884,-0.4144556004615526,-1.8032214687673163,-0.7061971702578146,0.915672085825933,0.0,-0.8930772127243898,-0.5664572772702333,0.34416324788371144
1608,-1.1426493955694013,-1.8003907894530935,-0.19891311032741552,0.15346791259651008,-0.41702107268800304,0.7483119701793706,-1.0491493623507964,-0.171936886367318,0.40683742795524463,1.5357786628062884,-0.4144556004615526,-0.868946246030275,-0.19699660148259568,0.915672085825933,0.0,-0.8930772127243898,-0.5664572772702333,0.7244075191283986
1609,-2.6298967840655036,-1.8003907894530935,-0.19891311032741552,0.15346791259651008,-0.41702107268800304,0.7483119701793706,-1.0491493623507964,-0.171936886367318,0.40683742795524463,1.5357786628062884,-0.4144556004615526,-0.7564828950936521,-0.87999284241159,0.915672085825933,0.0,-0.8930772127243898,-0.5664572772702333,1.1046517903730857
1610,-1.2891109329566746,-0.053905360957597535,-0.19891311032741552,0.15346791259651008,-0.41702107268800304,0.7483119701793706,-1.0491493623507964,-0.171936886367318,0.40683742795524463,1.5357786628062884,-0.4144556004615526,-0.6621853623691746,-0.8248580402589102,0.915672085825933,0.0,-0.8930772127243898,-0.5664572772702333,1.4848960616177729
1611,-0.6901638775236811,-1.8003907894530935,-0.19891311032741552,0.15346791259651008,-0.41702107268800304,0.7483119701793706,-1.0491493623507964,-0.171936886367318,0.40683742795524463,1.5357786628062884,-0.4144556004615526,-1.1600517428590067,-1.3413122302483396,0.915672085825933,0.0,-0.8930772127243898,-0.5664572772702333,1.8651403328624598
1612,-1.4511497669741948,-0.935693981883548,-0.19891311032741552,0.15346791259651008,-0.41702107268800304,0.7483119701793706,-1.0491493623507964,-0.171936886367318,0.40683742795524463,1.5357786628062884,-0.4144556004615526,-1.601437044884639,-1.6464739859728936,0.915672085825933,0.0,-0.8930772127243898,-0.5664572772702333,2.245384604107147
1613,-2.174380183717148,-1.8003907894530935,-0.19891311032741552,0.15346791259651008,-0.41702107268800304,0.7483119701793706,-1.0491493623507964,-0.171936886367318,0.40683742795524463,1.5357786628062884,-0.4144556004615526,-2.0050058926499936,-2.227154122695774,0.915672085825933,0.0,-0.8930772127243898,-0.5664572772702333,2.625628875351834
1614,-0.5857510555915164,-1.8003907894530935,0.2133691236831747,-0.10847833348537753,-0.41702107268800304,-0.7660232120892639,-0.6491578363726369,-0.3979034061231674,0.40683742795524463,-0.651135495119281,-0.4144556004615526,0.07293866811619619,-0.05569205572120481,0.915672085825933,0.0,0.6882113771853678,-0.5664572772702333,-1.176813837095037
1615,0.5138513120822684,0.02395734433269162,0.2133691236831747,-0.10847833348537753,-0.41702107268800304,-0.7660232120892639,-0.6491578363726369,-0.3979034061231674,0.40683742795524463,-0.651135495119281,-0.4144556004615526,-0.3947731501498348,-0.27826082208696634,0.915672085825933,0.0,0.6882113771853678,-0.5664572772702333,-0.7965695658503499
1616,-0.532383836463084,0.5059166913304017,0.2133691236831747,-0.10847833348537753,-0.41702107268800304,-0.7660232120892639,-0.6491578363726369,-0.3979034061231674,0.40683742795524463,-0.651135495119281,-0.4144556004615526,-0.4715834728137695,-0.4302956305981107,0.915672085825933,0.0,-0.8930772127243898,-0.5664572772702333,-0.41632529460566275
1617,0.30486590107301353,1.196679162978885,0.2133691236831747,-0.10847833348537753,-0.41702107268800304,-0.7660232120892639,-0.6491578363726369,-0.3979034061231674,0.40683742795524463,-0.651135495119281,-0.4144556004615526,-1.2801073849960443,-0.2636170623207626,0.915672085825933,0.0,-0.8930772127243898,-0.5664572772702333,-0.03608102336097565
1618,-1.0723119100159018,-0.07554754379581669,0.2133691236831747,-0.10847833348537753,-0.41702107268800304,-0.7660232120892639,-0.6491578363726369,-0.3979034061231674,0.40683742795524463,-0.651135495119281,-0.4144556004615526,-0.6274429450349626,-0.7061971702578146,0.915672085825933,0.0,-0.8930772127243898,-0.5664572772702333,0.34416324788371144
1619,-1.1426493955694013,-1.8003907894530935,0.2133691236831747,-0.10847833348537753,-0.41702107268800304,-0.7660232120892639,-0.6491578363726369,-0.3979034061231674,0.40683742795524463,-0.651135495119281,-0.4144556004615526,-1.8266079296910684,-0.19699660148259568,0.915672085825933,0.0,-0.8930772127243898,-0.5664572772702333,0.7244075191283986
1620,-1.2891109329566746,-0.053905360957597535,0.2133691236831747,-0.10847833348537753,-0.41702107268800304,-0.7660232120892639,-0.6491578363726369,-0.3979034061231674,0.40683742795524463,-0.651135495119281,-0.4144556004615526,-0.9194822530808575,-0.8248580402589102,0.915672085825933,0.0,-0.8930772127243898,-0.5664572772702333,1.1046517903730857
1621,-2.6298967840655036,-1.8003907894530935,0.2133691236831747,-0.10847833348537753,-0.41702107268800304,-0.7660232120892639,-0.6491578363726369,-0.3979034061231674,0.40683742795524463,-0.651135495119281,-0.4144556004615526,-2.0050058926499936,-1.9212742857744805,0.915672085825933,0.0,-0.8930772127243898,-0.5664572772702333,1.4848960616177729
1622,-1.4511497669741948,-0.935693981883548,0.2133691236831747,-0.10847833348537753,-0.41702107268800304,-0.7660232120892639,-0.6491578363726369,-0.3979034061231674,0.40683742795524463,-0.651135495119281,-0.4144556004615526,-2.0050058926499936,-1.6464739859728936,0.915672085825933,0.0,-0.8930772127243898,-0.5664572772702333,1.8651403328624598
1623,-2.6298967840655036,-1.8003907894530935,0.2133691236831747,-0.10847833348537753,-0.41702107268800304,-0.7660232120892639,-0.6491578363726369,-0.3979034061231674,0.40683742795524463,-0.651135495119281,-0.4144556004615526,-1.2463045789486673,-1.765635419545861,0.915672085825933,0.0,-0.8930772127243898,-0.5664572772702333,2.245384604107147
1624,-2.174380183717148,-1.8003907894530935,0.2133691236831747,-0.10847833348537753,-0.41702107268800304,-0.7660232120892639,-0.6491578363726369,-0.3979034061231674,0.40683742795524463,-0.651135495119281,-0.4144556004615526,-1.7788843764243523,-2.227154122695774,0.915672085825933,0.0,-0.8930772127243898,-0.5664572772702333,2.625628875351834
1625,-0.5857510555915164,-1.8003907894530935,-1.229618695353891,1.0702797738831167,-0.41702107268800304,0.9300321920516067,-0.9764236303547674,0.5059626729002302,0.40683742795524463,1.5357786628062884,-0.4144556004615526,0.6230636763491418,-0.05569205572120481,0.915672085825933,0.0,0.6882113771853678,-0.5664572772702333,-1.176813837095037
1626,0.5138513120822684,0.02395734433269162,-1.229618695353891,1.0702797738831167,-0.41702107268800304,0.9300321920516067,-0.9764236303547674,0.5059626729002302,0.40683742795524463,1.5357786628062884,-0.4144556004615526,0.4248578954539786,-0.27826082208696634,0.915672085825933,0.0,2.2694999670951255,2.950733787502384,-0.7965695658503499
1627,-0.532383836463084,0.5059166913304017,-1.229618695353891,1.0702797738831167,-0.41702107268800304,0.9300321920516067,-0.9764236303547674,0.5059626729002302,0.40683742795524463,1.5357786628062884,-0.4144556004615526,-0.16432478194901443,-0.4302956305981107,0.915672085825933,0.0,-0.8930772127243898,-0.5664572772702333,-0.41632529460566275
1628,-2.6298967840655036,-1.8003907894530935,-1.229618695353891,1.0702797738831167,-0.41702107268800304,0.9300321920516067,-0.9764236303547674,0.5059626729002302,0.40683742795524463,1.5357786628062884,-0.4144556004615526,0.5383710590012012,-0.38997751017282684,0.915672085825933,0.0,0.6882113771853678,1.1921382551160753,-0.03608102336097565
1629,-1.0723119100159018,-0.07554754379581669,-1.229618695353891,1.0702797738831167,-0.41702107268800304,0.9300321920516067,-0.9764236303547674,0.5059626729002302,0.40683742795524463,1.5357786628062884,-0.4144556004615526,-1.1628937769981993,-0.7061971702578146,0.915672085825933,0.0,-0.8930772127243898,-0.5664572772702333,0.34416324788371144
1630,-1.1426493955694013,-1.8003907894530935,-1.229618695353891,1.0702797738831167,-0.41702107268800304,0.9300321920516067,-0.9764236303547674,0.5059626729002302,0.40683742795524463,1.5357786628062884,-0.4144556004615526,0.08021195548466056,-0.19699660148259568,0.915672085825933,0.0,-0.8930772127243898,1.1921382551160753,0.7244075191283986
1631,-0.6901638775236811,-1.8003907894530935,-1.229618695353891,1.0702797738831167,-0.41702107268800304,0.9300321920516067,-0.9764236303547674,0.5059626729002302,0.40683742795524463,1.5357786628062884,-0.4144556004615526,-1.5404783126337926,-1.3413122302483396,0.915672085825933,0.0,-0.8930772127243898,-0.5664572772702333,1.1046517903730857
1632,-1.2891109329566746,-0.053905360957597535,-1.229618695353891,1.0702797738831167,-0.41702107268800304,0.9300321920516067,-0.9764236303547674,0.5059626729002302,0.40683742795524463,1.5357786628062884,-0.4144556004615526,-1.6864759263919873,-0.8248580402589102,0.915672085825933,0.0,-0.8930772127243898,-0.5664572772702333,1.4848960616177729
1633,-2.6298967840655036,-1.8003907894530935,-1.229618695353891,1.0702797738831167,-0.41702107268800304,0.9300321920516067,-0.9764236303547674,0.5059626729002302,0.40683742795524463,1.5357786628062884,-0.4144556004615526,-1.188414083554215,-1.9212742857744805,0.915672085825933,0.0,-0.8930772127243898,-0.5664572772702333,1.8651403328624598
1634,-2.6298967840655036,-1.8003907894530935,-1.229618695353891,1.0702797738831167,-0.41702107268800304,0.9300321920516067,-0.9764236303547674,0.5059626729002302,0.40683742795524463,1.5357786628062884,-0.4144556004615526,-1.8532302494847301,-1.765635419545861,0.915672085825933,0.0,-0.8930772127243898,-0.5664572772702333,2.245384604107147
1635,-2.174380183717148,-1.8003907894530935,-1.229618695353891,1.0702797738831167,-0.41702107268800304,0.9300321920516067,-0.9764236303547674,0.5059626729002302,0.40683742795524463,1.5357786628062884,-0.4144556004615526,-1.5404783126337926,-2.227154122695774,0.915672085825933,0.0,-0.8930772127243898,-0.5664572772702333,2.625628875351834
1636,-0.5857510555915164,-1.8003907894530935,-0.6111953443380057,-1.5491826869357594,-0.41702107268800304,-0.0391423246003194,0.5508167415618417,0.7319291926560796,0.40683742795524463,1.5357786628062884,-0.4144556004615526,-0.19814498820540694,-0.05569205572120481,0.915672085825933,0.0,0.6882113771853678,2.950733787502384,-1.176813837095037
1637,0.5138513120822684,0.02395734433269162,-0.6111953443380057,-1.5491826869357594,-0.41702107268800304,-0.0391423246003194,0.5508167415618417,0.7319291926560796,0.40683742795524463,1.5357786628062884,-0.4144556004615526,-1.2612861589109827,-0.27826082208696634,0.915672085825933,0.0,-0.8930772127243898,-0.5664572772702333,-0.7965695658503499
1638,-0.532383836463084,0.5059166913304017,-0.6111953443380057,-1.5491826869357594,-0.41702107268800304,-0.0391423246003194,0.5508167415618417,0.7319291926560796,0.40683742795524463,1.5357786628062884,-0.4144556004615526,-1.2338634295026099,-0.4302956305981107,0.915672085825933,0.0,-0.8930772127243898,-0.5664572772702333,-0.41632529460566275
1639,-2.6298967840655036,-1.8003907894530935,-0.6111953443380057,-1.5491826869357594,-0.41702107268800304,-0.0391423246003194,0.5508167415618417,0.7319291926560796,0.40683742795524463,1.5357786628062884,-0.4144556004615526,-0.7656702054538177,-0.38997751017282684,0.915672085825933,0.0,-0.8930772127243898,-0.5664572772702333,-0.03608102336097565
1640,-1.0723119100159018,-0.07554754379581669,-0.6111953443380057,-1.5491826869357594,-0.41702107268800304,-0.0391423246003194,0.5508167415618417,0.7319291926560796,0.40683742795524463,1.5357786628062884,-0.4144556004615526,-1.1340964310776045,-0.7061971702578146,0.915672085825933,0.0,-0.8930772127243898,-0.5664572772702333,0.34416324788371144
1641,-1.1426493955694013,-1.8003907894530935,-0.6111953443380057,-1.5491826869357594,-0.41702107268800304,-0.0391423246003194,0.5508167415618417,0.7319291926560796,0.40683742795524463,1.5357786628062884,-0.4144556004615526,1.8878906697529745,-0.19699660148259568,0.915672085825933,0.0,2.2694999670951255,2.950733787502384,0.7244075191283986
1642,-1.2891109329566746,-0.053905360957597535,-0.6111953443380057,-1.5491826869357594,-0.41702107268800304,-0.0391423246003194,0.5508167415618417,0.7319291926560796,0.40683742795524463,1.5357786628062884,-0.4144556004615526,0.28009975658465225,-0.8248580402589102,0.915672085825933,0.0,0.6882113771853678,1.1921382551160753,1.1046517903730857
1643,-2.6298967840655036,-1.8003907894530935,-0.6111953443380057,-1.5491826869357594,-0.41702107268800304,-0.0391423246003194,0.5508167415618417,0.7319291926560796,0.40683742795524463,1.5357786628062884,-0.4144556004615526,-1.205582289782807,-1.9212742857744805,0.915672085825933,0.0,-0.8930772127243898,-0.5664572772702333,1.4848960616177729
1644,-2.6298967840655036,-1.8003907894530935,-0.6111953443380057,-1.5491826869357594,-0.41702107268800304,-0.0391423246003194,0.5508167415618417,0.7319291926560796,0.40683742795524463,1.5357786628062884,-0.4144556004615526,-1.478046942693271,-1.8722463591986327,0.915672085825933,0.0,-0.8930772127243898,-0.5664572772702333,1.8651403328624598
1645,-1.4511497669741948,-0.935693981883548,-0.6111953443380057,-1.5491826869357594,-0.41702107268800304,-0.0391423246003194,0.5508167415618417,0.7319291926560796,0.40683742795524463,1.5357786628062884,-0.4144556004615526,-0.8469697820437425,-1.6464739859728936,0.915672085825933,0.0,-0.8930772127243898,1.1921382551160753,2.245384604107147
1646,-0.7986357834816118,0.16145893474633174,0.6256513576937649,-1.4182095638948156,-0.41702107268800304,-0.28143595376330094,0.9144454015419866,-0.3979034061231674,0.40683742795524463,1.5357786628062884,2.412803684849147,-1.0186750446083523,-0.9967242673720175,0.915672085825933,0.0,-0.8930772127243898,-0.5664572772702333,-1.176813837095037
1647,0.5138513120822684,0.02395734433269162,0.6256513576937649,-1.4182095638948156,-0.41702107268800304,-0.28143595376330094,0.9144454015419866,-0.3979034061231674,0.40683742795524463,1.5357786628062884,2.412803684849147,-0.5077411071479061,0.8919020892990498,0.915672085825933,0.0,-0.8930772127243898,-0.5664572772702333,-0.7965695658503499
1648,-0.532383836463084,0.5059166913304017,0.6256513576937649,-1.4182095638948156,-0.41702107268800304,-0.28143595376330094,0.9144454015419866,-0.3979034061231674,0.40683742795524463,1.5357786628062884,2.412803684849147,-0.5885070773280235,0.2877400603618869,0.915672085825933,0.0,-0.8930772127243898,-0.5664572772702333,-0.41632529460566275
1649,0.30486590107301353,1.196679162978885,0.6256513576937649,-1.4182095638948156,-0.41702107268800304,-0.28143595376330094,0.9144454015419866,-0.3979034061231674,0.40683742795524463,1.5357786628062884,2.412803684849147,0.05098540440835128,-0.5278600213337872,0.915672085825933,0.0,0.6882113771853678,-0.5664572772702333,-0.03608102336097565
1650,-1.1426493955694013,-1.8003907894530935,0.6256513576937649,-1.4182095638948156,-0.41702107268800304,-0.28143595376330094,0.9144454015419866,-0.3979034061231674,0.40683742795524463,1.5357786628062884,2.412803684849147,-0.2645499858780937,-0.6713215410321514,0.915672085825933,0.0,-0.8930772127243898,-0.5664572772702333,0.34416324788371144
1651,-1.133702435453567,-0.3563746017667607,0.6256513576937649,-1.4182095638948156,-0.41702107268800304,-0.28143595376330094,0.9144454015419866,-0.3979034061231674,0.40683742795524463,1.5357786628062884,2.412803684849147,-0.4537366584335741,-0.7183290110088087,0.915672085825933,0.0,-0.8930772127243898,1.1921382551160753,0.7244075191283986
1652,-1.2891109329566746,-0.053905360957597535,0.6256513576937649,-1.4182095638948156,-0.41702107268800304,-0.28143595376330094,0.9144454015419866,-0.3979034061231674,0.40683742795524463,1.5357786628062884,2.412803684849147,-0.5576217063255727,-0.2634532415154229,0.915672085825933,0.0,-0.8930772127243898,-0.5664572772702333,1.1046517903730857
1653,0.14607233718679458,0.09006803155047216,0.6256513576937649,-1.4182095638948156,-0.41702107268800304,-0.28143595376330094,0.9144454015419866,-0.3979034061231674,0.40683742795524463,1.5357786628062884,2.412803684849147,-0.4568512958473425,-0.2505478025169911,0.915672085825933,0.0,0.6882113771853678,2.950733787502384,1.4848960616177729
1654,-1.4511497669741948,-0.935693981883548,0.6256513576937649,-1.4182095638948156,-0.41702107268800304,-0.28143595376330094,0.9144454015419866,-0.3979034061231674,0.40683742795524463,1.5357786628062884,2.412803684849147,-1.366905427634856,-1.5947066114855315,0.915672085825933,0.0,-0.8930772127243898,-0.5664572772702333,1.8651403328624598
1655,-2.174380183717148,-1.8003907894530935,0.6256513576937649,-1.4182095638948156,-0.41702107268800304,-0.28143595376330094,0.9144454015419866,-0.3979034061231674,0.40683742795524463,1.5357786628062884,2.412803684849147,-1.3851872472404383,-2.0919336996215847,0.915672085825933,0.0,-0.8930772127243898,-0.5664572772702333,2.245384604107147
1656,-2.6298967840655036,-1.8003907894530935,0.6256513576937649,-1.4182095638948156,-0.41702107268800304,-0.28143595376330094,0.9144454015419866,-0.3979034061231674,0.40683742795524463,1.5357786628062884,2.412803684849147,-1.6913033243798445,-2.800300322604196,0.915672085825933,0.0,-0.8930772127243898,-0.5664572772702333,2.625628875351834
1657,-0.7986357834816118,0.16145893474633174,2.0686391767308305,-1.287236440853872,-0.41702107268800304,-1.9169179506134262,-0.39461777438653534,-0.6238699258790168,0.40683742795524463,-0.651135495119281,-0.4144556004615526,-1.0186750446083523,-0.9967242673720175,0.915672085825933,0.0,-0.8930772127243898,-0.5664572772702333,-1.176813837095037
1658,0.5138513120822684,0.02395734433269162,2.0686391767308305,-1.287236440853872,-0.41702107268800304,-1.9169179506134262,-0.39461777438653534,-0.6238699258790168,0.40683742795524463,-0.651135495119281,-0.4144556004615526,-0.5077411071479061,0.8919020892990498,0.915672085825933,0.0,0.6882113771853678,-0.5664572772702333,-0.7965695658503499
1659,-0.532383836463084,0.5059166913304017,2.0686391767308305,-1.287236440853872,-0.41702107268800304,-1.9169179506134262,-0.39461777438653534,-0.6238699258790168,0.40683742795524463,-0.651135495119281,-0.4144556004615526,-0.5885070773280235,0.2877400603618869,0.915672085825933,0.0,0.6882113771853678,1.1921382551160753,-0.41632529460566275
1660,0.30486590107301353,1.196679162978885,2.0686391767308305,-1.287236440853872,-0.41702107268800304,-1.9169179506134262,-0.39461777438653534,-0.6238699258790168,0.40683742795524463,-0.651135495119281,-0.4144556004615526,0.05098540440835128,-0.5278600213337872,0.915672085825933,0.0,-0.8930772127243898,-0.5664572772702333,-0.03608102336097565
1661,-1.1426493955694013,-1.8003907894530935,2.0686391767308305,-1.287236440853872,-0.41702107268800304,-1.9169179506134262,-0.39461777438653534,-0.6238699258790168,0.40683742795524463,-0.651135495119281,-0.4144556004615526,-0.2645499858780937,-0.6713215410321514,0.915672085825933,0.0,0.6882113771853678,1.1921382551160753,0.34416324788371144
1662,-1.133702435453567,-0.3563746017667607,2.0686391767308305,-1.287236440853872,-0.41702107268800304,-1.9169179506134262,-0.39461777438653534,-0.6238699258790168,0.40683742795524463,-0.651135495119281,-0.4144556004615526,-0.4537366584335741,-0.7183290110088087,0.915672085825933,0.0,-0.8930772127243898,-0.5664572772702333,0.7244075191283986
1663,0.14607233718679458,0.09006803155047216,2.0686391767308305,-1.287236440853872,-0.41702107268800304,-1.9169179506134262,-0.39461777438653534,-0.6238699258790168,0.40683742795524463,-0.651135495119281,-0.4144556004615526,-0.4568512958473425,-0.2505478025169911,0.915672085825933,0.0,-0.8930772127243898,-0.5664572772702333,1.1046517903730857
1664,-2.6298967840655036,-0.1641941034390794,2.0686391767308305,-1.287236440853872,-0.41702107268800304,-1.9169179506134262,-0.39461777438653534,-0.6238699258790168,0.40683742795524463,-0.651135495119281,-0.4144556004615526,-0.7634661789785254,-0.6233948543144207,0.915672085825933,0.0,-0.8930772127243898,-0.5664572772702333,1.4848960616177729
1665,-0.6901638775236811,-1.8003907894530935,2.0686391767308305,-1.287236440853872,-0.41702107268800304,-1.9169179506134262,-0.39461777438653534,-0.6238699258790168,0.40683742795524463,-0.651135495119281,-0.4144556004615526,-0.6501850182181754,-1.5921764901586173,0.915672085825933,0.0,-0.8930772127243898,-0.5664572772702333,1.8651403328624598
1666,-1.4511497669741948,-0.935693981883548,2.0686391767308305,-1.287236440853872,-0.41702107268800304,-1.9169179506134262,-0.39461777438653534,-0.6238699258790168,0.40683742795524463,-0.651135495119281,-0.4144556004615526,-1.366905427634856,-1.5947066114855315,0.915672085825933,0.0,-0.8930772127243898,-0.5664572772702333,2.245384604107147
1667,-2.0150279340960173,-0.4222246295215899,2.0686391767308305,-1.287236440853872,-0.41702107268800304,-1.9169179506134262,-0.39461777438653534,-0.6238699258790168,0.40683742795524463,-0.651135495119281,-0.4144556004615526,-2.0050058926499936,-2.75956354900971,0.915672085825933,0.0,-0.8930772127243898,-0.5664572772702333,2.625628875351834
1668,-0.7986357834816118,0.16145893474633174,1.8624980597255354,-0.6323708256491528,0.16676217049808661,-0.6448763975077731,-0.35825490838852087,0.0540296333885314,0.40683742795524463,-0.651135495119281,-0.4144556004615526,-0.31625760700238426,-0.9967242673720175,0.915672085825933,0.0,-0.8930772127243898,1.1921382551160753,-1.176813837095037
1669,0.5138513120822684,0.02395734433269162,1.8624980597255354,-0.6323708256491528,0.16676217049808661,-0.6448763975077731,-0.35825490838852087,0.0540296333885314,0.40683742795524463,-0.651135495119281,-0.4144556004615526,1.1015462239957456,0.8919020892990498,0.915672085825933,0.0,0.6882113771853678,1.1921382551160753,-0.7965695658503499
1670,-0.532383836463084,0.5059166913304017,1.8624980597255354,-0.6323708256491528,0.16676217049808661,-0.6448763975077731,-0.35825490838852087,0.0540296333885314,0.40683742795524463,-0.651135495119281,-0.4144556004615526,0.058090489756332596,0.2877400603618869,0.915672085825933,0.0,0.6882113771853678,-0.5664572772702333,-0.41632529460566275
1671,0.30486590107301353,1.196679162978885,1.8624980597255354,-0.6323708256491528,0.16676217049808661,-0.6448763975077731,-0.35825490838852087,0.0540296333885314,0.40683742795524463,-0.651135495119281,-0.4144556004615526,-0.9204508647160518,-0.5278600213337872,0.915672085825933,0.0,-0.8930772127243898,-0.5664572772702333,-0.03608102336097565
1672,-1.133702435453567,-0.3563746017667607,1.8624980597255354,-0.6323708256491528,0.16676217049808661,-0.6448763975077731,-0.35825490838852087,0.0540296333885314,0.40683742795524463,-0.651135495119281,-0.4144556004615526,-1.0286801647922448,-0.7183290110088087,0.915672085825933,0.0,-0.8930772127243898,-0.5664572772702333,0.34416324788371144
1673,-1.1426493955694013,-1.8003907894530935,1.8624980597255354,-0.6323708256491528,0.16676217049808661,-0.6448763975077731,-0.35825490838852087,0.0540296333885314,0.40683742795524463,-0.651135495119281,-0.4144556004615526,-0.4231064904966837,-0.6713215410321514,0.915672085825933,0.0,-0.8930772127243898,-0.5664572772702333,0.7244075191283986
1674,0.14607233718679458,0.09006803155047216,1.8624980597255354,-0.6323708256491528,0.16676217049808661,-0.6448763975077731,-0.35825490838852087,0.0540296333885314,0.40683742795524463,-0.651135495119281,-0.4144556004615526,-0.27338929205795,-0.2505478025169911,0.915672085825933,0.0,0.6882113771853678,1.1921382551160753,1.1046517903730857
1675,-1.3858249755927365,0.17344182262888302,1.8624980597255354,-0.6323708256491528,0.16676217049808661,-0.6448763975077731,-0.35825490838852087,0.0540296333885314,0.40683742795524463,-0.651135495119281,-0.4144556004615526,-1.6864759263919873,-2.300480315165848,0.915672085825933,0.0,-0.8930772127243898,-0.5664572772702333,1.4848960616177729
1676,-2.6298967840655036,-0.1641941034390794,1.8624980597255354,-0.6323708256491528,0.16676217049808661,-0.6448763975077731,-0.35825490838852087,0.0540296333885314,0.40683742795524463,-0.651135495119281,-0.4144556004615526,-0.4114135500382912,-0.6233948543144207,0.915672085825933,0.0,-0.8930772127243898,-0.5664572772702333,1.8651403328624598
1677,-0.6901638775236811,-1.8003907894530935,1.8624980597255354,-0.6323708256491528,0.16676217049808661,-0.6448763975077731,-0.35825490838852087,0.0540296333885314,0.40683742795524463,-0.651135495119281,-0.4144556004615526,-1.1025730524112536,-1.5921764901586173,0.915672085825933,0.0,-0.8930772127243898,-0.5664572772702333,2.245384604107147
1678,-1.4511497669741948,-0.935693981883548,1.8624980597255354,-0.6323708256491528,0.16676217049808661,-0.6448763975077731,-0.35825490838852087,0.0540296333885314,0.40683742795524463,-0.651135495119281,-0.4144556004615526,-0.2001402121725135,-1.5947066114855315,0.915672085825933,0.0,-0.8930772127243898,-0.5664572772702333,2.625628875351834
1679,-0.5857510555915164,0.8578739930342539,-1.0234775783485959,0.4154141586783977,-0.41702107268800304,-0.5237295829262825,-0.43098064038454986,0.7319291926560796,0.40683742795524463,1.5357786628062884,-0.4144556004615526,-0.6044920693435641,-0.05569205572120481,1.1094797457525287,0.0,0.6882113771853678,1.1921382551160753,-1.176813837095037
1680,0.5138513120822684,0.5839953716042794,-1.0234775783485959,0.4154141586783977,-0.41702107268800304,-0.5237295829262825,-0.43098064038454986,0.7319291926560796,0.40683742795524463,1.5357786628062884,-0.4144556004615526,0.23919766525896566,-0.27826082208696634,1.1094797457525287,0.0,0.6882113771853678,-0.5664572772702333,-0.7965695658503499
1681,-0.532383836463084,0.5994115169845663,-1.0234775783485959,0.4154141586783977,-0.41702107268800304,-0.5237295829262825,-0.43098064038454986,0.7319291926560796,0.40683742795524463,1.5357786628062884,-0.4144556004615526,0.3859974286527731,-0.4302956305981107,1.1094797457525287,0.0,-0.8930772127243898,-0.5664572772702333,-0.41632529460566275
1682,0.30486590107301353,-0.1078469749621469,-1.0234775783485959,0.4154141586783977,-0.41702107268800304,-0.5237295829262825,-0.43098064038454986,0.7319291926560796,0.40683742795524463,1.5357786628062884,-0.4144556004615526,-0.3061074850766962,-0.2636170623207626,1.1094797457525287,0.0,-0.8930772127243898,-0.5664572772702333,-0.03608102336097565
1683,-1.4120467582536522,-1.8003907894530935,-1.0234775783485959,0.4154141586783977,-0.41702107268800304,-0.5237295829262825,-0.43098064038454986,0.7319291926560796,0.40683742795524463,1.5357786628062884,-0.4144556004615526,-2.0050058926499936,-2.800300322604196,1.1094797457525287,0.0,-0.8930772127243898,-0.5664572772702333,0.34416324788371144
1684,-0.12468803895260275,-0.45413679520010625,-1.0234775783485959,0.4154141586783977,-0.41702107268800304,-0.5237295829262825,-0.43098064038454986,0.7319291926560796,0.40683742795524463,1.5357786628062884,-0.4144556004615526,-0.18277480357507936,-0.07014469121451233,1.1094797457525287,0.0,0.6882113771853678,-0.5664572772702333,0.7244075191283986
1685,-1.1426493955694013,0.4799177717542755,-1.0234775783485959,0.4154141586783977,-0.41702107268800304,-0.5237295829262825,-0.43098064038454986,0.7319291926560796,0.40683742795524463,1.5357786628062884,-0.4144556004615526,-0.14237151824116911,-0.19699660148259568,1.1094797457525287,0.0,-0.8930772127243898,-0.5664572772702333,1.1046517903730857
1686,-1.3858249755927365,-1.374724204815757,-1.0234775783485959,0.4154141586783977,-0.41702107268800304,-0.5237295829262825,-0.43098064038454986,0.7319291926560796,0.40683742795524463,1.5357786628062884,-0.4144556004615526,-0.9161878135072629,-1.3997780554429275,1.1094797457525287,0.0,-0.8930772127243898,1.1921382551160753,1.4848960616177729
1687,-1.4511497669741948,-0.8347815326551006,-1.0234775783485959,0.4154141586783977,-0.41702107268800304,-0.5237295829262825,-0.43098064038454986,0.7319291926560796,0.40683742795524463,1.5357786628062884,-0.4144556004615526,-1.6352009904652147,-1.6464739859728936,1.1094797457525287,0.0,-0.8930772127243898,-0.5664572772702333,1.8651403328624598
1688,-0.8536955358016,-1.8003907894530935,-1.0234775783485959,0.4154141586783977,-0.41702107268800304,-0.5237295829262825,-0.43098064038454986,0.7319291926560796,0.40683742795524463,1.5357786628062884,-0.4144556004615526,-0.7627875708269223,-1.807655456115508,1.1094797457525287,0.0,-0.8930772127243898,-0.5664572772702333,2.245384604107147
1689,-2.0150279340960173,-1.7670561678481833,-1.0234775783485959,0.4154141586783977,-0.41702107268800304,-0.5237295829262825,-0.43098064038454986,0.7319291926560796,0.40683742795524463,1.5357786628062884,-0.4144556004615526,-1.7363362253258026,-2.030709314088192,1.1094797457525287,0.0,-0.8930772127243898,-0.5664572772702333,2.625628875351834
1690,-0.5857510555915164,0.8578739930342539,-1.6419009293644813,1.9870916351697234,-0.41702107268800304,0.8694587847608612,2.3689600414625667,-0.6238699258790168,0.40683742795524463,1.5357786628062884,-0.4144556004615526,-0.6044920693435641,-0.4393694829827629,1.1094797457525287,0.0,-0.8930772127243898,-0.5664572772702333,-1.176813837095037
1691,-0.7986357834816118,-0.648462148537219,-1.6419009293644813,1.9870916351697234,-0.41702107268800304,0.8694587847608612,2.3689600414625667,-0.6238699258790168,0.40683742795524463,1.5357786628062884,-0.4144556004615526,0.7530780381126971,-0.6376836690023882,1.1094797457525287,0.0,0.6882113771853678,2.950733787502384,-0.7965695658503499
1692,-0.532383836463084,0.5994115169845663,-1.6419009293644813,1.9870916351697234,-0.41702107268800304,0.8694587847608612,2.3689600414625667,-0.6238699258790168,0.40683742795524463,1.5357786628062884,-0.4144556004615526,0.3859974286527731,-1.0710079014377443,1.1094797457525287,0.0,2.2694999670951255,1.1921382551160753,-0.41632529460566275
1693,-0.12468803895260275,-0.45413679520010625,-1.6419009293644813,1.9870916351697234,-0.41702107268800304,0.8694587847608612,2.3689600414625667,-0.6238699258790168,0.40683742795524463,1.5357786628062884,-0.4144556004615526,-0.18277480357507936,-1.134388350792525,1.1094797457525287,0.0,0.6882113771853678,-0.5664572772702333,-0.03608102336097565
1694,1.137132900776744,-1.8003907894530935,-1.6419009293644813,1.9870916351697234,-0.41702107268800304,0.8694587847608612,2.3689600414625667,-0.6238699258790168,0.40683742795524463,1.5357786628062884,-0.4144556004615526,0.10650947137670032,1.2957021721498414,1.1094797457525287,0.0,0.6882113771853678,-0.5664572772702333,0.34416324788371144
1695,-1.1426493955694013,0.4799177717542755,-1.6419009293644813,1.9870916351697234,-0.41702107268800304,0.8694587847608612,2.3689600414625667,-0.6238699258790168,0.40683742795524463,1.5357786628062884,-0.4144556004615526,-0.14237151824116911,0.31142126788933344,1.1094797457525287,0.0,-0.8930772127243898,2.950733787502384,0.7244075191283986
1696,-0.5857510555915164,0.8578739930342539,-1.6419009293644813,1.8561185121287795,-0.41702107268800304,0.44544493372564364,1.1689854635280883,1.6357952716794772,0.40683742795524463,-0.651135495119281,-0.4144556004615526,0.6850374207925568,-0.7048775026592444,1.1094797457525287,0.0,0.6882113771853678,-0.5664572772702333,-1.176813837095037
1697,-0.7986357834816118,-0.648462148537219,-1.6419009293644813,1.8561185121287795,-0.41702107268800304,0.44544493372564364,1.1689854635280883,1.6357952716794772,0.40683742795524463,-0.651135495119281,-0.4144556004615526,-0.39309693001467827,0.41524725385132905,1.1094797457525287,0.0,-0.8930772127243898,-0.5664572772702333,-0.7965695658503499
1698,-0.532383836463084,0.5994115169845663,-1.6419009293644813,1.8561185121287795,-0.41702107268800304,0.44544493372564364,1.1689854635280883,1.6357952716794772,0.40683742795524463,-0.651135495119281,-0.4144556004615526,-1.029329772595489,-1.514452619180756,1.1094797457525287,0.0,0.6882113771853678,-0.5664572772702333,-0.41632529460566275
1699,0.30486590107301353,-0.1078469749621469,-1.6419009293644813,1.8561185121287795,-0.41702107268800304,0.44544493372564364,1.1689854635280883,1.6357952716794772,0.40683742795524463,-0.651135495119281,-0.4144556004615526,-1.2000432232462173,-0.3210180522806423,1.1094797457525287,0.0,-0.8930772127243898,-0.5664572772702333,-0.03608102336097565
1700,1.137132900776744,-1.8003907894530935,-1.6419009293644813,1.8561185121287795,-0.41702107268800304,0.44544493372564364,1.1689854635280883,1.6357952716794772,0.40683742795524463,-0.651135495119281,-0.4144556004615526,-1.0146961968134827,0.6802365076442346,1.1094797457525287,0.0,-0.8930772127243898,1.1921382551160753,0.34416324788371144
1701,-1.0723119100159018,-0.25289279497493233,-1.6419009293644813,1.8561185121287795,-0.41702107268800304,0.44544493372564364,1.1689854635280883,1.6357952716794772,0.40683742795524463,-0.651135495119281,-0.4144556004615526,-1.78793538514723,-2.529434452477519,1.1094797457525287,0.0,-0.8930772127243898,-0.5664572772702333,0.7244075191283986
1702,-1.1426493955694013,0.4799177717542755,-1.6419009293644813,1.8561185121287795,-0.41702107268800304,0.44544493372564364,1.1689854635280883,1.6357952716794772,0.40683742795524463,-0.651135495119281,-0.4144556004615526,-0.7488036028481602,-0.9067502406170834,1.1094797457525287,0.0,-0.8930772127243898,-0.5664572772702333,1.1046517903730857
1703,0.14607233718679458,1.1311642688192798,-1.6419009293644813,1.8561185121287795,-0.41702107268800304,0.44544493372564364,1.1689854635280883,1.6357952716794772,0.40683742795524463,-0.651135495119281,-0.4144556004615526,-1.2528006569811077,-0.6046373721030188,1.1094797457525287,0.0,-0.8930772127243898,-0.5664572772702333,1.4848960616177729
1704,-1.4511497669741948,-0.8347815326551006,-1.6419009293644813,1.8561185121287795,-0.41702107268800304,0.44544493372564364,1.1689854635280883,1.6357952716794772,0.40683742795524463,-0.651135495119281,-0.4144556004615526,-0.7998094155421602,-1.3646111892299935,1.1094797457525287,0.0,-0.8930772127243898,-0.5664572772702333,1.8651403328624598
1705,-0.8536955358016,-1.8003907894530935,-1.6419009293644813,1.8561185121287795,-0.41702107268800304,0.44544493372564364,1.1689854635280883,1.6357952716794772,0.40683742795524463,-0.651135495119281,-0.4144556004615526,-0.7587507223353342,-1.237149501519812,1.1094797457525287,0.0,-0.8930772127243898,-0.5664572772702333,2.245384604107147
1706,-2.0150279340960173,-1.7670561678481833,-1.6419009293644813,1.8561185121287795,-0.41702107268800304,0.44544493372564364,1.1689854635280883,1.6357952716794772,0.40683742795524463,-0.651135495119281,-0.4144556004615526,-1.543255965999628,-2.0120337422794603,1.1094797457525287,0.0,-0.8930772127243898,-0.5664572772702333,2.625628875351834
1707,-0.5857510555915164,0.8578739930342539,1.037933591704355,1.2012528969240606,0.7505454136841763,0.38487152643489825,-0.14007771240043385,-0.6238699258790168,0.40683742795524463,-0.651135495119281,-0.4144556004615526,-0.7466981775572888,0.03622051723024968,1.1094797457525287,0.0,-0.8930772127243898,-0.5664572772702333,-1.176813837095037
1708,-0.7986357834816118,-0.648462148537219,1.037933591704355,1.2012528969240606,0.7505454136841763,0.38487152643489825,-0.14007771240043385,-0.6238699258790168,0.40683742795524463,-0.651135495119281,-0.4144556004615526,-0.19057589728367952,1.0427082417701465,1.1094797457525287,0.0,0.6882113771853678,1.1921382551160753,-0.7965695658503499
1709,-0.532383836463084,0.5994115169845663,1.037933591704355,1.2012528969240606,0.7505454136841763,0.38487152643489825,-0.14007771240043385,-0.6238699258790168,0.40683742795524463,-0.651135495119281,-0.4144556004615526,-0.28958308658167614,-0.5611065436619049,1.1094797457525287,0.0,0.6882113771853678,1.1921382551160753,-0.41632529460566275
1710,0.5138513120822684,0.5839953716042794,1.037933591704355,1.2012528969240606,0.7505454136841763,0.38487152643489825,-0.14007771240043385,-0.6238699258790168,0.40683742795524463,-0.651135495119281,-0.4144556004615526,2.8292825779773407,1.7216999741241688,1.1094797457525287,0.0,0.6882113771853678,1.1921382551160753,-0.03608102336097565
1711,1.137132900776744,-1.8003907894530935,1.037933591704355,1.2012528969240606,0.7505454136841763,0.38487152643489825,-0.14007771240043385,-0.6238699258790168,0.40683742795524463,-0.651135495119281,-0.4144556004615526,0.8247668992564138,-0.2755850822664168,1.1094797457525287,0.0,0.6882113771853678,1.1921382551160753,0.34416324788371144
1712,-1.1426493955694013,0.4799177717542755,1.037933591704355,1.2012528969240606,0.7505454136841763,0.38487152643489825,-0.14007771240043385,-0.6238699258790168,0.40683742795524463,-0.651135495119281,-0.4144556004615526,-0.3164200089531951,-0.7045225575810082,1.1094797457525287,0.0,0.6882113771853678,-0.5664572772702333,0.7244075191283986
1713,-2.6298967840655036,-1.0644225195155563,1.037933591704355,1.2012528969240606,0.7505454136841763,0.38487152643489825,-0.14007771240043385,-0.6238699258790168,0.40683742795524463,-0.651135495119281,-0.4144556004615526,-1.1025730524112536,-1.3842514835590596,1.1094797457525287,0.0,-0.8930772127243898,-0.5664572772702333,1.1046517903730857
1714,-0.5857510555915164,0.8578739930342539,0.83179247469906,0.9393066508421729,-0.41702107268800304,0.7483119701793706,1.3144369275201464,-0.8498364456348662,0.40683742795524463,1.5357786628062884,-0.4144556004615526,-0.7466981775572888,0.03622051723024968,1.1094797457525287,0.0,0.6882113771853678,-0.5664572772702333,-1.176813837095037
1715,-0.7986357834816118,-0.648462148537219,0.83179247469906,0.9393066508421729,-0.41702107268800304,0.7483119701793706,1.3144369275201464,-0.8498364456348662,0.40683742795524463,1.5357786628062884,-0.4144556004615526,-0.19057589728367952,1.0427082417701465,1.1094797457525287,0.0,-0.8930772127243898,-0.5664572772702333,-0.7965695658503499
1716,-0.532383836463084,0.5994115169845663,0.83179247469906,0.9393066508421729,-0.41702107268800304,0.7483119701793706,1.3144369275201464,-0.8498364456348662,0.40683742795524463,1.5357786628062884,-0.4144556004615526,-0.28958308658167614,-0.5611065436619049,1.1094797457525287,0.0,-0.8930772127243898,-0.5664572772702333,-0.41632529460566275
1717,0.5138513120822684,0.5839953716042794,0.83179247469906,0.9393066508421729,-0.41702107268800304,0.7483119701793706,1.3144369275201464,-0.8498364456348662,0.40683742795524463,1.5357786628062884,-0.4144556004615526,2.8292825779773407,1.7216999741241688,1.1094797457525287,0.0,0.6882113771853678,-0.5664572772702333,-0.03608102336097565
1718,1.137132900776744,-1.8003907894530935,0.83179247469906,0.9393066508421729,-0.41702107268800304,0.7483119701793706,1.3144369275201464,-0.8498364456348662,0.40683742795524463,1.5357786628062884,-0.4144556004615526,0.8247668992564138,-0.2755850822664168,1.1094797457525287,0.0,0.6882113771853678,-0.5664572772702333,0.34416324788371144
1719,-0.5857510555915164,0.8578739930342539,0.83179247469906,2.5109841273334985,-0.41702107268800304,0.38487152643489825,-0.6855207023706513,-0.3979034061231674,0.40683742795524463,1.5357786628062884,-0.4144556004615526,0.7287815462574364,0.03622051723024968,1.1094797457525287,0.0,2.2694999670951255,-0.5664572772702333,-1.176813837095037
1720,-0.7986357834816118,-0.648462148537219,0.83179247469906,2.5109841273334985,-0.41702107268800304,0.38487152643489825,-0.6855207023706513,-0.3979034061231674,0.40683742795524463,1.5357786628062884,-0.4144556004615526,1.090729094057798,1.0427082417701465,1.1094797457525287,0.0,2.2694999670951255,1.1921382551160753,-0.7965695658503499
1721,-0.532383836463084,0.5994115169845663,0.83179247469906,2.5109841273334985,-0.41702107268800304,0.38487152643489825,-0.6855207023706513,-0.3979034061231674,0.40683742795524463,1.5357786628062884,-0.4144556004615526,-1.2000722235945764,-0.5611065436619049,1.1094797457525287,0.0,-0.8930772127243898,-0.5664572772702333,-0.41632529460566275
1722,0.5138513120822684,0.5839953716042794,0.83179247469906,2.5109841273334985,-0.41702107268800304,0.38487152643489825,-0.6855207023706513,-0.3979034061231674,0.40683742795524463,1.5357786628062884,-0.4144556004615526,0.1726766661928423,1.7216999741241688,1.1094797457525287,0.0,-0.8930772127243898,2.950733787502384,-0.03608102336097565
1723,-0.5857510555915164,0.8578739930342539,1.2440747087096502,2.2490378812516107,-0.41702107268800304,-0.0391423246003194,-0.24916631039447737,-0.8498364456348662,0.40683742795524463,-0.651135495119281,-0.4144556004615526,0.7287815462574364,0.03622051723024968,1.1094797457525287,0.0,0.6882113771853678,-0.5664572772702333,-1.176813837095037
1724,-0.7986357834816118,-0.648462148537219,1.2440747087096502,2.2490378812516107,-0.41702107268800304,-0.0391423246003194,-0.24916631039447737,-0.8498364456348662,0.40683742795524463,-0.651135495119281,-0.4144556004615526,1.090729094057798,1.0427082417701465,1.1094797457525287,0.0,0.6882113771853678,-0.5664572772702333,-0.7965695658503499
1725,1.137132900776744,-1.8003907894530935,1.2440747087096502,2.2490378812516107,-0.41702107268800304,-0.0391423246003194,-0.24916631039447737,-0.8498364456348662,0.40683742795524463,-0.651135495119281,-0.4144556004615526,0.4486497812477911,-0.2755850822664168,1.1094797457525287,0.0,-0.8930772127243898,2.950733787502384,-0.41632529460566275
1726,0.5138513120822684,0.5839953716042794,1.2440747087096502,2.2490378812516107,-0.41702107268800304,-0.0391423246003194,-0.24916631039447737,-0.8498364456348662,0.40683742795524463,-0.651135495119281,-0.4144556004615526,0.1726766661928423,1.7216999741241688,1.1094797457525287,0.0,-0.8930772127243898,1.1921382551160753,-0.03608102336097565
1727,-1.1426493955694013,0.4799177717542755,1.2440747087096502,2.2490378812516107,-0.41702107268800304,-0.0391423246003194,-0.24916631039447737,-0.8498364456348662,0.40683742795524463,-0.651135495119281,-0.4144556004615526,0.07346067438666017,-0.7045225575810082,1.1094797457525287,0.0,-0.8930772127243898,-0.5664572772702333,0.34416324788371144
1728,-0.532383836463084,0.5994115169845663,1.2440747087096502,2.2490378812516107,-0.41702107268800304,-0.0391423246003194,-0.24916631039447737,-0.8498364456348662,0.40683742795524463,-0.651135495119281,-0.4144556004615526,-1.2000722235945764,-0.5611065436619049,1.1094797457525287,0.0,-0.8930772127243898,-0.5664572772702333,0.7244075191283986
1729,-2.6298967840655036,-1.8003907894530935,1.2440747087096502,2.2490378812516107,-0.41702107268800304,-0.0391423246003194,-0.24916631039447737,-0.8498364456348662,0.40683742795524463,-0.651135495119281,-0.4144556004615526,-0.9948947589538835,-1.2398616459637704,1.1094797457525287,0.0,-0.8930772127243898,-0.5664572772702333,1.1046517903730857
1730,-0.5857510555915164,0.8578739930342539,1.4502158257149453,2.90390349645633,-0.41702107268800304,-0.22086254647255554,-0.6127949703746224,-0.6238699258790168,0.40683742795524463,-0.651135495119281,-0.4144556004615526,0.7287815462574364,0.03622051723024968,1.1094797457525287,0.0,-0.8930772127243898,-0.5664572772702333,-1.176813837095037
1731,-0.7986357834816118,-0.648462148537219,1.4502158257149453,2.90390349645633,-0.41702107268800304,-0.22086254647255554,-0.6127949703746224,-0.6238699258790168,0.40683742795524463,-0.651135495119281,-0.4144556004615526,1.090729094057798,1.0427082417701465,1.1094797457525287,0.0,0.6882113771853678,-0.5664572772702333,-0.7965695658503499
1732,-0.532383836463084,0.5994115169845663,1.4502158257149453,2.90390349645633,-0.41702107268800304,-0.22086254647255554,-0.6127949703746224,-0.6238699258790168,0.40683742795524463,-0.651135495119281,-0.4144556004615526,-1.2000722235945764,-0.5611065436619049,1.1094797457525287,0.0,-0.8930772127243898,-0.5664572772702333,-0.41632529460566275
1733,0.5138513120822684,0.5839953716042794,1.4502158257149453,2.90390349645633,-0.41702107268800304,-0.22086254647255554,-0.6127949703746224,-0.6238699258790168,0.40683742795524463,-0.651135495119281,-0.4144556004615526,0.1726766661928423,1.7216999741241688,1.1094797457525287,0.0,-0.8930772127243898,-0.5664572772702333,-0.03608102336097565
1734,1.137132900776744,-1.8003907894530935,1.4502158257149453,2.90390349645633,-0.41702107268800304,-0.22086254647255554,-0.6127949703746224,-0.6238699258790168,0.40683742795524463,-0.651135495119281,-0.4144556004615526,0.4486497812477911,-0.2755850822664168,1.1094797457525287,0.0,0.6882113771853678,-0.5664572772702333,0.34416324788371144
1735,-1.1426493955694013,0.4799177717542755,1.4502158257149453,2.90390349645633,-0.41702107268800304,-0.22086254647255554,-0.6127949703746224,-0.6238699258790168,0.40683742795524463,-0.651135495119281,-0.4144556004615526,0.07346067438666017,-0.7045225575810082,1.1094797457525287,0.0,0.6882113771853678,-0.5664572772702333,0.7244075191283986
1736,-2.6298967840655036,-1.8003907894530935,1.4502158257149453,2.90390349645633,-0.41702107268800304,-0.22086254647255554,-0.6127949703746224,-0.6238699258790168,0.40683742795524463,-0.651135495119281,-0.4144556004615526,-0.9948947589538835,-1.2398616459637704,1.1094797457525287,0.0,-0.8930772127243898,-0.5664572772702333,1.1046517903730857
1737,-0.6901638775236811,-0.2860561260756169,1.4502158257149453,2.90390349645633,-0.41702107268800304,-0.22086254647255554,-0.6127949703746224,-0.6238699258790168,0.40683742795524463,-0.651135495119281,-0.4144556004615526,-0.45623068839245756,-1.2290949785906073,1.1094797457525287,0.0,-0.8930772127243898,-0.5664572772702333,1.4848960616177729
1738,-1.4879261666467587,-1.8003907894530935,1.4502158257149453,2.90390349645633,-0.41702107268800304,-0.22086254647255554,-0.6127949703746224,-0.6238699258790168,0.40683742795524463,-0.651135495119281,-0.4144556004615526,-1.5121159719385846,-1.9531920393481756,1.1094797457525287,0.0,-0.8930772127243898,-0.5664572772702333,1.8651403328624598
1739,-1.7471134102256074,-1.8003907894530935,1.4502158257149453,2.90390349645633,-0.41702107268800304,-0.22086254647255554,-0.6127949703746224,-0.6238699258790168,0.40683742795524463,-0.651135495119281,-0.4144556004615526,-0.9623969685826665,-1.405247850110105,1.1094797457525287,0.0,-0.8930772127243898,-0.5664572772702333,2.245384604107147
1740,-0.5857510555915164,0.8578739930342539,0.4195102406884698,-0.6323708256491528,0.16676217049808661,1.0511790066330975,1.3871626595161752,-0.6238699258790168,0.40683742795524463,-0.651135495119281,-0.4144556004615526,-0.18473522712415505,-0.4393694829827629,1.1094797457525287,0.0,0.6882113771853678,-0.5664572772702333,-1.176813837095037
1741,-0.7986357834816118,-0.648462148537219,0.4195102406884698,-0.6323708256491528,0.16676217049808661,1.0511790066330975,1.3871626595161752,-0.6238699258790168,0.40683742795524463,-0.651135495119281,-0.4144556004615526,-1.0186750446083523,-0.6376836690023882,1.1094797457525287,0.0,0.6882113771853678,-0.5664572772702333,-0.7965695658503499
1742,-0.532383836463084,0.5994115169845663,0.4195102406884698,-0.6323708256491528,0.16676217049808661,1.0511790066330975,1.3871626595161752,-0.6238699258790168,0.40683742795524463,-0.651135495119281,-0.4144556004615526,-0.5885070773280235,-1.0710079014377443,1.1094797457525287,0.0,0.6882113771853678,-0.5664572772702333,-0.41632529460566275
1743,0.5138513120822684,0.5839953716042794,0.4195102406884698,-0.6323708256491528,0.16676217049808661,1.0511790066330975,1.3871626595161752,-0.6238699258790168,0.40683742795524463,-0.651135495119281,-0.4144556004615526,-0.5077411071479061,-0.09775759807011321,1.1094797457525287,0.0,-0.8930772127243898,-0.5664572772702333,-0.03608102336097565
1744,1.137132900776744,-1.8003907894530935,0.4195102406884698,-0.6323708256491528,0.16676217049808661,1.0511790066330975,1.3871626595161752,-0.6238699258790168,0.40683742795524463,-0.651135495119281,-0.4144556004615526,-0.3836602166586243,1.2957021721498414,1.1094797457525287,0.0,-0.8930772127243898,1.1921382551160753,0.34416324788371144
1745,-1.4120467582536522,-1.8003907894530935,0.4195102406884698,-0.6323708256491528,0.16676217049808661,1.0511790066330975,1.3871626595161752,-0.6238699258790168,0.40683742795524463,-0.651135495119281,-0.4144556004615526,-0.3724776823313519,-0.9487611760308784,1.1094797457525287,0.0,-0.8930772127243898,-0.5664572772702333,0.7244075191283986
1746,-2.6298967840655036,-1.8003907894530935,0.4195102406884698,-0.6323708256491528,0.16676217049808661,1.0511790066330975,1.3871626595161752,-0.6238699258790168,0.40683742795524463,-0.651135495119281,-0.4144556004615526,-1.601437044884639,-1.2245079960410943,1.1094797457525287,0.0,-0.8930772127243898,-0.5664572772702333,1.1046517903730857
1747,0.14607233718679458,1.1311642688192798,0.4195102406884698,-0.6323708256491528,0.16676217049808661,1.0511790066330975,1.3871626595161752,-0.6238699258790168,0.40683742795524463,-0.651135495119281,-0.4144556004615526,-0.4568512958473425,-0.32164603203444453,1.1094797457525287,0.0,-0.8930772127243898,-0.5664572772702333,1.4848960616177729
1748,-2.174380183717148,-1.3924088322650465,0.4195102406884698,-0.6323708256491528,0.16676217049808661,1.0511790066330975,1.3871626595161752,-0.6238699258790168,0.40683742795524463,-0.651135495119281,-0.4144556004615526,-1.3851872472404383,-1.7444479287219194,1.1094797457525287,0.0,-0.8930772127243898,-0.5664572772702333,1.8651403328624598
1749,-0.8536955358016,-1.8003907894530935,0.4195102406884698,-0.6323708256491528,0.16676217049808661,1.0511790066330975,1.3871626595161752,-0.6238699258790168,0.40683742795524463,-0.651135495119281,-0.4144556004615526,-0.8411233118145462,-0.7612045562285635,1.1094797457525287,0.0,-0.8930772127243898,1.1921382551160753,2.245384604107147
1750,-2.6298967840655036,-1.8003907894530935,0.4195102406884698,-0.6323708256491528,0.16676217049808661,1.0511790066330975,1.3871626595161752,-0.6238699258790168,0.40683742795524463,-0.651135495119281,-0.4144556004615526,-2.0050058926499936,-1.434043907226493,1.1094797457525287,0.0,-0.8930772127243898,-0.5664572772702333,2.625628875351834
1751,-0.5857510555915164,0.8578739930342539,0.2133691236831747,-1.287236440853872,3.085678386428535,0.8694587847608612,0.7326310715519142,-1.301769485146565,-1.7618165702686994,-0.651135495119281,-0.4144556004615526,-0.1293213614795706,-0.4393694829827629,1.1094797457525287,0.0,-0.8930772127243898,2.950733787502384,-1.176813837095037
1752,-0.7986357834816118,-0.648462148537219,0.2133691236831747,-1.287236440853872,3.085678386428535,0.8694587847608612,0.7326310715519142,-1.301769485146565,-1.7618165702686994,-0.651135495119281,-0.4144556004615526,-0.5472279814736684,-0.6376836690023882,1.1094797457525287,0.0,-0.8930772127243898,-0.5664572772702333,-0.7965695658503499
1753,-0.532383836463084,0.5994115169845663,0.2133691236831747,-1.287236440853872,3.085678386428535,0.8694587847608612,0.7326310715519142,-1.301769485146565,-1.7618165702686994,-0.651135495119281,-0.4144556004615526,-1.0189708481616153,-1.0710079014377443,1.1094797457525287,0.0,-0.8930772127243898,-0.5664572772702333,-0.41632529460566275
1754,0.5138513120822684,0.5839953716042794,0.2133691236831747,-1.287236440853872,3.085678386428535,0.8694587847608612,0.7326310715519142,-1.301769485146565,-1.7618165702686994,-0.651135495119281,-0.4144556004615526,-0.1603111337361137,-0.09775759807011321,1.1094797457525287,0.0,-0.8930772127243898,-0.5664572772702333,-0.03608102336097565
1755,1.137132900776744,-1.8003907894530935,0.2133691236831747,-1.287236440853872,3.085678386428535,0.8694587847608612,0.7326310715519142,-1.301769485146565,-1.7618165702686994,-0.651135495119281,-0.4144556004615526,-0.580584182156315,1.2957021721498414,1.1094797457525287,0.0,-0.8930772127243898,-0.5664572772702333,0.34416324788371144
1756,-1.133702435453567,-0.0800606762114949,0.2133691236831747,-1.287236440853872,3.085678386428535,0.8694587847608612,0.7326310715519142,-1.301769485146565,-1.7618165702686994,-0.651135495119281,-0.4144556004615526,-0.0996192046901714,0.1741303318587669,1.1094797457525287,0.0,-0.8930772127243898,1.1921382551160753,0.7244075191283986
1757,-1.4120467582536522,-1.8003907894530935,0.2133691236831747,-1.287236440853872,3.085678386428535,0.8694587847608612,0.7326310715519142,-1.301769485146565,-1.7618165702686994,-0.651135495119281,-0.4144556004615526,-0.6274719453833216,-0.9487611760308784,1.1094797457525287,0.0,-0.8930772127243898,-0.5664572772702333,1.1046517903730857
1758,-1.4879261666467587,-1.8003907894530935,0.2133691236831747,-1.287236440853872,3.085678386428535,0.8694587847608612,0.7326310715519142,-1.301769485146565,-1.7618165702686994,-0.651135495119281,-0.4144556004615526,-0.5115981534796676,-1.682141415757699,1.1094797457525287,0.0,-0.8930772127243898,-0.5664572772702333,1.4848960616177729
1759,-1.7471134102256074,-1.8003907894530935,0.2133691236831747,-1.287236440853872,3.085678386428535,0.8694587847608612,0.7326310715519142,-1.301769485146565,-1.7618165702686994,-0.651135495119281,-0.4144556004615526,-1.0439981487955259,-1.3072648062052272,1.1094797457525287,0.0,-0.8930772127243898,-0.5664572772702333,1.8651403328624598
1760,-2.6298967840655036,-1.8003907894530935,0.2133691236831747,-1.287236440853872,3.085678386428535,0.8694587847608612,0.7326310715519142,-1.301769485146565,-1.7618165702686994,-0.651135495119281,-0.4144556004615526,-1.1989934106356177,-1.434043907226493,1.1094797457525287,0.0,-0.8930772127243898,-0.5664572772702333,2.245384604107147
1761,-0.5857510555915164,0.8578739930342539,0.4195102406884698,-0.23945145652632133,0.16676217049808661,0.20315130456266212,-0.4673435063825644,-1.5277360049024145,0.40683742795524463,-0.651135495119281,-0.4144556004615526,-0.1293213614795706,-0.4393694829827629,1.1094797457525287,0.0,-0.8930772127243898,-0.5664572772702333,-1.176813837095037
1762,0.30486590107301353,-0.1078469749621469,0.4195102406884698,-0.23945145652632133,0.16676217049808661,0.20315130456266212,-0.4673435063825644,-1.5277360049024145,0.40683742795524463,-0.651135495119281,-0.4144556004615526,-0.6036336590321345,-0.3963847238927816,1.1094797457525287,0.0,0.6882113771853678,-0.5664572772702333,-0.7965695658503499
1763,-0.532383836463084,0.5994115169845663,0.4195102406884698,-0.23945145652632133,0.16676217049808661,0.20315130456266212,-0.4673435063825644,-1.5277360049024145,0.40683742795524463,-0.651135495119281,-0.4144556004615526,-1.0189708481616153,-1.0710079014377443,1.1094797457525287,0.0,-0.8930772127243898,-0.5664572772702333,-0.41632529460566275
1764,0.017095316722317847,-1.8003907894530935,0.4195102406884698,-0.23945145652632133,0.16676217049808661,0.20315130456266212,-0.4673435063825644,-1.5277360049024145,0.40683742795524463,-0.651135495119281,-0.4144556004615526,0.08774044591868531,-0.06100713073889485,1.1094797457525287,0.0,0.6882113771853678,1.1921382551160753,-0.03608102336097565
1765,1.137132900776744,-1.8003907894530935,0.4195102406884698,-0.23945145652632133,0.16676217049808661,0.20315130456266212,-0.4673435063825644,-1.5277360049024145,0.40683742795524463,-0.651135495119281,-0.4144556004615526,-0.580584182156315,1.2957021721498414,1.1094797457525287,0.0,-0.8930772127243898,-0.5664572772702333,0.34416324788371144
1766,-1.4120467582536522,-1.8003907894530935,0.4195102406884698,-0.23945145652632133,0.16676217049808661,0.20315130456266212,-0.4673435063825644,-1.5277360049024145,0.40683742795524463,-0.651135495119281,-0.4144556004615526,-0.6274719453833216,-0.9487611760308784,1.1094797457525287,0.0,-0.8930772127243898,-0.5664572772702333,0.7244075191283986
1767,-1.133702435453567,-0.0800606762114949,0.4195102406884698,-0.23945145652632133,0.16676217049808661,0.20315130456266212,-0.4673435063825644,-1.5277360049024145,0.40683742795524463,-0.651135495119281,-0.4144556004615526,-0.0996192046901714,0.1741303318587669,1.1094797457525287,0.0,0.6882113771853678,-0.5664572772702333,1.1046517903730857
1768,-1.4879261666467587,-1.8003907894530935,0.4195102406884698,-0.23945145652632133,0.16676217049808661,0.20315130456266212,-0.4673435063825644,-1.5277360049024145,0.40683742795524463,-0.651135495119281,-0.4144556004615526,-0.5115981534796676,-1.682141415757699,1.1094797457525287,0.0,-0.8930772127243898,-0.5664572772702333,1.4848960616177729
1769,-1.7471134102256074,-1.8003907894530935,0.4195102406884698,-0.23945145652632133,0.16676217049808661,0.20315130456266212,-0.4673435063825644,-1.5277360049024145,0.40683742795524463,-0.651135495119281,-0.4144556004615526,-1.0439981487955259,-1.3072648062052272,1.1094797457525287,0.0,-0.8930772127243898,-0.5664572772702333,1.8651403328624598
1770,-2.6298967840655036,-1.8003907894530935,0.4195102406884698,-0.23945145652632133,0.16676217049808661,0.20315130456266212,-0.4673435063825644,-1.5277360049024145,0.40683742795524463,-0.651135495119281,-0.4144556004615526,-1.1989934106356177,-1.434043907226493,1.1094797457525287,0.0,-0.8930772127243898,-0.5664572772702333,2.245384604107147
1771,-0.8536955358016,-1.8003907894530935,0.4195102406884698,-0.23945145652632133,0.16676217049808661,0.20315130456266212,-0.4673435063825644,-1.5277360049024145,0.40683742795524463,-0.651135495119281,-0.4144556004615526,-0.7668708198758847,-0.7612045562285635,1.1094797457525287,0.0,-0.8930772127243898,-0.5664572772702333,2.625628875351834
1772,-0.5857510555915164,0.8578739930342539,0.6256513576937649,-0.23945145652632133,-0.41702107268800304,1.2934726357960789,1.2417111955241174,-0.6238699258790168,0.40683742795524463,1.5357786628062884,2.412803684849147,-0.11377137468941635,-0.4393694829827629,1.1094797457525287,0.0,-0.8930772127243898,-0.5664572772702333,-1.176813837095037
1773,-2.6298967840655036,-1.8003907894530935,0.6256513576937649,-0.23945145652632133,-0.41702107268800304,1.2934726357960789,1.2417111955241174,-0.6238699258790168,0.40683742795524463,1.5357786628062884,2.412803684849147,-1.232778816473979,-1.618415122480535,1.1094797457525287,0.0,-0.8930772127243898,-0.5664572772702333,-0.7965695658503499
1774,-0.532383836463084,0.5994115169845663,0.6256513576937649,-0.23945145652632133,-0.41702107268800304,1.2934726357960789,1.2417111955241174,-0.6238699258790168,0.40683742795524463,1.5357786628062884,2.412803684849147,0.2899540749570772,-1.0710079014377443,1.1094797457525287,0.0,-0.8930772127243898,-0.5664572772702333,-0.41632529460566275
1775,0.017095316722317847,-1.8003907894530935,0.6256513576937649,-0.23945145652632133,-0.41702107268800304,1.2934726357960789,1.2417111955241174,-0.6238699258790168,0.40683742795524463,1.5357786628062884,2.412803684849147,0.20903730296549256,-0.06100713073889485,1.1094797457525287,0.0,-0.8930772127243898,1.1921382551160753,-0.03608102336097565
1776,1.137132900776744,-1.8003907894530935,0.6256513576937649,-0.23945145652632133,-0.41702107268800304,1.2934726357960789,1.2417111955241174,-0.6238699258790168,0.40683742795524463,1.5357786628062884,2.412803684849147,0.5377678517553318,1.2957021721498414,1.1094797457525287,0.0,0.6882113771853678,-0.5664572772702333,0.34416324788371144
1777,-1.133702435453567,-0.0800606762114949,0.6256513576937649,-0.23945145652632133,-0.41702107268800304,1.2934726357960789,1.2417111955241174,-0.6238699258790168,0.40683742795524463,1.5357786628062884,2.412803684849147,-0.5095739291642017,0.1741303318587669,1.1094797457525287,0.0,-0.8930772127243898,2.950733787502384,0.7244075191283986
1778,-2.6298967840655036,-1.8003907894530935,0.6256513576937649,-0.23945145652632133,-0.41702107268800304,1.2934726357960789,1.2417111955241174,-0.6238699258790168,0.40683742795524463,1.5357786628062884,2.412803684849147,-0.1173848180949613,-1.2245079960410943,1.1094797457525287,0.0,-0.8930772127243898,1.1921382551160753,1.1046517903730857
1779,-1.4879261666467587,-1.8003907894530935,0.6256513576937649,-0.23945145652632133,-0.41702107268800304,1.2934726357960789,1.2417111955241174,-0.6238699258790168,0.40683742795524463,1.5357786628062884,2.412803684849147,-0.6943293484904106,-1.682141415757699,1.1094797457525287,0.0,-0.8930772127243898,-0.5664572772702333,1.4848960616177729
1780,-2.6298967840655036,-1.8003907894530935,0.6256513576937649,-0.23945145652632133,-0.41702107268800304,1.2934726357960789,1.2417111955241174,-0.6238699258790168,0.40683742795524463,1.5357786628062884,2.412803684849147,-1.3280391607639788,-1.7589369688386354,1.1094797457525287,0.0,-0.8930772127243898,-0.5664572772702333,1.8651403328624598
1781,-2.6298967840655036,-1.8003907894530935,0.6256513576937649,-0.23945145652632133,-0.41702107268800304,1.2934726357960789,1.2417111955241174,-0.6238699258790168,0.40683742795524463,1.5357786628062884,2.412803684849147,-0.8541038677400833,-1.434043907226493,1.1094797457525287,0.0,-0.8930772127243898,-0.5664572772702333,2.245384604107147
1782,-0.8536955358016,-1.8003907894530935,0.6256513576937649,-0.23945145652632133,-0.41702107268800304,1.2934726357960789,1.2417111955241174,-0.6238699258790168,0.40683742795524463,1.5357786628062884,2.412803684849147,-1.036289856201675,-0.7612045562285635,1.1094797457525287,0.0,-0.8930772127243898,-0.5664572772702333,2.625628875351834
1783,-0.5857510555915164,0.8578739930342539,0.6256513576937649,-1.0252901947719841,1.9181119000563556,1.2934726357960789,1.4235255255141899,-0.6238699258790168,-1.7618165702686994,-0.651135495119281,-0.4144556004615526,-0.11377137468941635,-0.4393694829827629,1.1094797457525287,0.0,-0.8930772127243898,-0.5664572772702333,-1.176813837095037
1784,0.5138513120822684,0.5839953716042794,0.6256513576937649,-1.0252901947719841,1.9181119000563556,1.2934726357960789,1.4235255255141899,-0.6238699258790168,-1.7618165702686994,-0.651135495119281,-0.4144556004615526,-0.23911668036715542,-0.09775759807011321,1.1094797457525287,0.0,0.6882113771853678,-0.5664572772702333,-0.7965695658503499
1785,-2.6298967840655036,-1.8003907894530935,0.6256513576937649,-1.0252901947719841,1.9181119000563556,1.2934726357960789,1.4235255255141899,-0.6238699258790168,-1.7618165702686994,-0.651135495119281,-0.4144556004615526,-1.232778816473979,-1.618415122480535,1.1094797457525287,0.0,-0.8930772127243898,-0.5664572772702333,-0.41632529460566275
1786,0.017095316722317847,-1.8003907894530935,0.6256513576937649,-1.0252901947719841,1.9181119000563556,1.2934726357960789,1.4235255255141899,-0.6238699258790168,-1.7618165702686994,-0.651135495119281,-0.4144556004615526,0.20903730296549256,-0.06100713073889485,1.1094797457525287,0.0,-0.8930772127243898,1.1921382551160753,-0.03608102336097565
1787,1.137132900776744,-1.8003907894530935,0.6256513576937649,-1.0252901947719841,1.9181119000563556,1.2934726357960789,1.4235255255141899,-0.6238699258790168,-1.7618165702686994,-0.651135495119281,-0.4144556004615526,0.5377678517553318,1.2957021721498414,1.1094797457525287,0.0,0.6882113771853678,-0.5664572772702333,0.34416324788371144
1788,-1.133702435453567,-0.0800606762114949,0.6256513576937649,-1.0252901947719841,1.9181119000563556,1.2934726357960789,1.4235255255141899,-0.6238699258790168,-1.7618165702686994,-0.651135495119281,-0.4144556004615526,-0.5095739291642017,0.1741303318587669,1.1094797457525287,0.0,-0.8930772127243898,1.1921382551160753,0.7244075191283986
1789,-2.6298967840655036,-1.8003907894530935,0.6256513576937649,-1.0252901947719841,1.9181119000563556,1.2934726357960789,1.4235255255141899,-0.6238699258790168,-1.7618165702686994,-0.651135495119281,-0.4144556004615526,-0.1173848180949613,-1.2245079960410943,1.1094797457525287,0.0,-0.8930772127243898,-0.5664572772702333,1.1046517903730857
1790,-1.4879261666467587,-1.8003907894530935,0.6256513576937649,-1.0252901947719841,1.9181119000563556,1.2934726357960789,1.4235255255141899,-0.6238699258790168,-1.7618165702686994,-0.651135495119281,-0.4144556004615526,-0.6943293484904106,-1.682141415757699,1.1094797457525287,0.0,-0.8930772127243898,-0.5664572772702333,1.4848960616177729
1791,-2.6298967840655036,-1.8003907894530935,0.6256513576937649,-1.0252901947719841,1.9181119000563556,1.2934726357960789,1.4235255255141899,-0.6238699258790168,-1.7618165702686994,-0.651135495119281,-0.4144556004615526,-1.3280391607639788,-1.7589369688386354,1.1094797457525287,0.0,-0.8930772127243898,1.1921382551160753,1.8651403328624598
1792,-2.6298967840655036,-1.8003907894530935,0.6256513576937649,-1.0252901947719841,1.9181119000563556,1.2934726357960789,1.4235255255141899,-0.6238699258790168,-1.7618165702686994,-0.651135495119281,-0.4144556004615526,-0.8541038677400833,-1.434043907226493,1.1094797457525287,0.0,-0.8930772127243898,-0.5664572772702333,2.245384604107147
1793,-0.8536955358016,-1.8003907894530935,0.6256513576937649,-1.0252901947719841,1.9181119000563556,1.2934726357960789,1.4235255255141899,-0.6238699258790168,-1.7618165702686994,-0.651135495119281,-0.4144556004615526,-1.036289856201675,-0.7612045562285635,1.1094797457525287,0.0,-0.8930772127243898,-0.5664572772702333,2.625628875351834
1794,-0.5857510555915164,0.6468515392417774,1.4502158257149453,-0.5013977026082089,-0.41702107268800304,-0.3420093610540463,-1.1218750943468254,-1.301769485146565,0.40683742795524463,1.5357786628062884,2.412803684849147,-0.21918764097477608,-0.7048775026592444,1.3032874056791244,0.0,-0.8930772127243898,-0.5664572772702333,-1.176813837095037
1795,0.5138513120822684,1.399092407080728,1.4502158257149453,-0.5013977026082089,-0.41702107268800304,-0.3420093610540463,-1.1218750943468254,-1.301769485146565,0.40683742795524463,1.5357786628062884,2.412803684849147,-0.12974476656561362,-0.2671392096355672,1.3032874056791244,0.0,-0.8930772127243898,-0.5664572772702333,-0.7965695658503499
1796,0.30486590107301353,-0.8334112086212974,1.4502158257149453,-0.5013977026082089,-0.41702107268800304,-0.3420093610540463,-1.1218750943468254,-1.301769485146565,0.40683742795524463,1.5357786628062884,2.412803684849147,-0.7007964261744918,-0.3210180522806423,1.3032874056791244,0.0,-0.8930772127243898,-0.5664572772702333,-0.41632529460566275
1797,0.017095316722317847,0.792724022122781,1.4502158257149453,-0.5013977026082089,-0.41702107268800304,-0.3420093610540463,-1.1218750943468254,-1.301769485146565,0.40683742795524463,1.5357786628062884,2.412803684849147,0.03645622988043776,0.12124351520158215,1.3032874056791244,0.0,-0.8930772127243898,-0.5664572772702333,-0.03608102336097565
1798,-0.532383836463084,-0.05643003404161545,1.4502158257149453,-0.5013977026082089,-0.41702107268800304,-0.3420093610540463,-1.1218750943468254,-1.301769485146565,0.40683742795524463,1.5357786628062884,2.412803684849147,-1.8521218561704451,-1.514452619180756,1.3032874056791244,0.0,-0.8930772127243898,-0.5664572772702333,0.34416324788371144
1799,-1.133702435453567,0.6502326648469224,1.4502158257149453,-0.5013977026082089,-0.41702107268800304,-0.3420093610540463,-1.1218750943468254,-1.301769485146565,0.40683742795524463,1.5357786628062884,2.412803684849147,-2.0050058926499936,-0.8142551936910872,1.3032874056791244,0.0,-0.8930772127243898,-0.5664572772702333,0.7244075191283986
1800,0.14607233718679458,-1.6362870389919246,1.4502158257149453,-0.5013977026082089,-0.41702107268800304,-0.3420093610540463,-1.1218750943468254,-1.301769485146565,0.40683742795524463,1.5357786628062884,2.412803684849147,-1.027218547234946,-0.6046373721030188,1.3032874056791244,0.0,-0.8930772127243898,1.1921382551160753,1.1046517903730857
1801,-1.4879261666467587,-0.875124170106798,1.4502158257149453,-0.5013977026082089,-0.41702107268800304,-0.3420093610540463,-1.1218750943468254,-1.301769485146565,0.40683742795524463,1.5357786628062884,2.412803684849147,-0.06250455886018443,-1.0678224968894712,1.3032874056791244,0.0,0.6882113771853678,-0.5664572772702333,1.4848960616177729
1802,-2.6298967840655036,-1.8003907894530935,1.4502158257149453,-0.5013977026082089,-0.41702107268800304,-0.3420093610540463,-1.1218750943468254,-1.301769485146565,0.40683742795524463,1.5357786628062884,2.412803684849147,-0.8736037019767477,-1.8661849894010616,1.3032874056791244,0.0,-0.8930772127243898,-0.5664572772702333,1.8651403328624598
1803,-1.4511497669741948,-0.9220056363719698,1.4502158257149453,-0.5013977026082089,-0.41702107268800304,-0.3420093610540463,-1.1218750943468254,-1.301769485146565,0.40683742795524463,1.5357786628062884,2.412803684849147,-1.1428545362820555,-1.3646111892299935,1.3032874056791244,0.0,-0.8930772127243898,-0.5664572772702333,2.245384604107147
1804,-0.5857510555915164,0.6468515392417774,1.2440747087096502,-0.6323708256491528,-0.41702107268800304,-0.46315617563553707,-1.1218750943468254,-0.8498364456348662,0.40683742795524463,1.5357786628062884,2.412803684849147,-1.2054720884590424,-0.7048775026592444,1.3032874056791244,0.0,-0.8930772127243898,-0.5664572772702333,-1.176813837095037
1805,0.5138513120822684,1.399092407080728,1.2440747087096502,-0.6323708256491528,-0.41702107268800304,-0.46315617563553707,-1.1218750943468254,-0.8498364456348662,0.40683742795524463,1.5357786628062884,2.412803684849147,0.533475800198184,-0.2671392096355672,1.3032874056791244,0.0,2.2694999670951255,-0.5664572772702333,-0.7965695658503499
1806,-0.532383836463084,-0.05643003404161545,1.2440747087096502,-0.6323708256491528,-0.41702107268800304,-0.46315617563553707,-1.1218750943468254,-0.8498364456348662,0.40683742795524463,1.5357786628062884,2.412803684849147,-1.6650237887037873,-1.514452619180756,1.3032874056791244,0.0,-0.8930772127243898,-0.5664572772702333,-0.41632529460566275
1807,0.017095316722317847,0.792724022122781,1.2440747087096502,-0.6323708256491528,-0.41702107268800304,-0.46315617563553707,-1.1218750943468254,-0.8498364456348662,0.40683742795524463,1.5357786628062884,2.412803684849147,-1.0154560059404916,0.12124351520158215,1.3032874056791244,0.0,-0.8930772127243898,-0.5664572772702333,-0.03608102336097565
1808,0.30486590107301353,-0.8334112086212974,1.2440747087096502,-0.6323708256491528,-0.41702107268800304,-0.46315617563553707,-1.1218750943468254,-0.8498364456348662,0.40683742795524463,1.5357786628062884,2.412803684849147,-0.744807354844275,-0.3210180522806423,1.3032874056791244,0.0,-0.8930772127243898,-0.5664572772702333,0.34416324788371144
1809,-1.133702435453567,0.6502326648469224,1.2440747087096502,-0.6323708256491528,-0.41702107268800304,-0.46315617563553707,-1.1218750943468254,-0.8498364456348662,0.40683742795524463,1.5357786628062884,2.412803684849147,-1.440920116716973,-0.8142551936910872,1.3032874056791244,0.0,-0.8930772127243898,-0.5664572772702333,0.7244075191283986
1810,0.14607233718679458,-1.6362870389919246,1.2440747087096502,-0.6323708256491528,-0.41702107268800304,-0.46315617563553707,-1.1218750943468254,-0.8498364456348662,0.40683742795524463,1.5357786628062884,2.412803684849147,-0.27662573093482634,-0.6046373721030188,1.3032874056791244,0.0,-0.8930772127243898,-0.5664572772702333,1.1046517903730857
1811,-1.4879261666467587,-0.875124170106798,1.2440747087096502,-0.6323708256491528,-0.41702107268800304,-0.46315617563553707,-1.1218750943468254,-0.8498364456348662,0.40683742795524463,1.5357786628062884,2.412803684849147,-1.5881508252873968,-1.0678224968894712,1.3032874056791244,0.0,-0.8930772127243898,-0.5664572772702333,1.4848960616177729
1812,-2.6298967840655036,-1.8003907894530935,1.2440747087096502,-0.6323708256491528,-0.41702107268800304,-0.46315617563553707,-1.1218750943468254,-0.8498364456348662,0.40683742795524463,1.5357786628062884,2.412803684849147,-1.5011886406768724,-1.8661849894010616,1.3032874056791244,0.0,-0.8930772127243898,-0.5664572772702333,1.8651403328624598
1813,-1.4511497669741948,-0.9220056363719698,1.2440747087096502,-0.6323708256491528,-0.41702107268800304,-0.46315617563553707,-1.1218750943468254,-0.8498364456348662,0.40683742795524463,1.5357786628062884,2.412803684849147,-1.6135945709237445,-1.3646111892299935,1.3032874056791244,0.0,-0.8930772127243898,-0.5664572772702333,2.245384604107147
1814,-2.6298967840655036,-1.8003907894530935,1.2440747087096502,-0.6323708256491528,-0.41702107268800304,-0.46315617563553707,-1.1218750943468254,-0.8498364456348662,0.40683742795524463,1.5357786628062884,2.412803684849147,-1.6913033243798445,-2.389708047140901,1.3032874056791244,0.0,-0.8930772127243898,-0.5664572772702333,2.625628875351834
1815,-0.5857510555915164,0.6468515392417774,2.0686391767308305,0.5463872817193415,-0.41702107268800304,-1.0083168412522454,-1.1218750943468254,-0.8498364456348662,0.40683742795524463,-0.651135495119281,-0.4144556004615526,-1.2054720884590424,-0.7048775026592444,1.3032874056791244,0.0,-0.8930772127243898,-0.5664572772702333,-1.176813837095037
1816,0.5138513120822684,1.399092407080728,2.0686391767308305,0.5463872817193415,-0.41702107268800304,-1.0083168412522454,-1.1218750943468254,-0.8498364456348662,0.40683742795524463,-0.651135495119281,-0.4144556004615526,0.533475800198184,-0.2671392096355672,1.3032874056791244,0.0,0.6882113771853678,-0.5664572772702333,-0.7965695658503499
1817,0.30486590107301353,-0.8334112086212974,2.0686391767308305,0.5463872817193415,-0.41702107268800304,-1.0083168412522454,-1.1218750943468254,-0.8498364456348662,0.40683742795524463,-0.651135495119281,-0.4144556004615526,-0.744807354844275,-0.3210180522806423,1.3032874056791244,0.0,-0.8930772127243898,-0.5664572772702333,-0.41632529460566275
1818,-1.4120467582536522,-0.7861275820418573,2.0686391767308305,0.5463872817193415,-0.41702107268800304,-1.0083168412522454,-1.1218750943468254,-0.8498364456348662,0.40683742795524463,-0.651135495119281,-0.4144556004615526,-1.0003178240970367,-1.7447664691767466,1.3032874056791244,0.0,-0.8930772127243898,-0.5664572772702333,-0.03608102336097565
1819,0.017095316722317847,0.792724022122781,2.0686391767308305,0.5463872817193415,-0.41702107268800304,-1.0083168412522454,-1.1218750943468254,-0.8498364456348662,0.40683742795524463,-0.651135495119281,-0.4144556004615526,-1.0154560059404916,0.12124351520158215,1.3032874056791244,0.0,-0.8930772127243898,-0.5664572772702333,0.34416324788371144
1820,-1.133702435453567,0.6502326648469224,2.0686391767308305,0.5463872817193415,-0.41702107268800304,-1.0083168412522454,-1.1218750943468254,-0.8498364456348662,0.40683742795524463,-0.651135495119281,-0.4144556004615526,-1.440920116716973,-0.8142551936910872,1.3032874056791244,0.0,-0.8930772127243898,-0.5664572772702333,0.7244075191283986
1821,-2.6298967840655036,-1.8003907894530935,2.0686391767308305,0.5463872817193415,-0.41702107268800304,-1.0083168412522454,-1.1218750943468254,-0.8498364456348662,0.40683742795524463,-0.651135495119281,-0.4144556004615526,-1.5011886406768724,-1.8661849894010616,1.3032874056791244,0.0,-0.8930772127243898,-0.5664572772702333,1.1046517903730857
1822,0.14607233718679458,-1.6362870389919246,2.0686391767308305,0.5463872817193415,-0.41702107268800304,-1.0083168412522454,-1.1218750943468254,-0.8498364456348662,0.40683742795524463,-0.651135495119281,-0.4144556004615526,-0.27662573093482634,-0.6046373721030188,1.3032874056791244,0.0,0.6882113771853678,-0.5664572772702333,1.4848960616177729
1823,-1.4879261666467587,-0.875124170106798,2.0686391767308305,0.5463872817193415,-0.41702107268800304,-1.0083168412522454,-1.1218750943468254,-0.8498364456348662,0.40683742795524463,-0.651135495119281,-0.4144556004615526,-1.5881508252873968,-1.0678224968894712,1.3032874056791244,0.0,-0.8930772127243898,-0.5664572772702333,1.8651403328624598
1824,-1.7471134102256074,0.016852512113950637,2.0686391767308305,0.5463872817193415,-0.41702107268800304,-1.0083168412522454,-1.1218750943468254,-0.8498364456348662,0.40683742795524463,-0.651135495119281,-0.4144556004615526,-1.1343922346308675,-1.2902092401381884,1.3032874056791244,0.0,-0.8930772127243898,-0.5664572772702333,2.245384604107147
1825,-2.6298967840655036,-1.8003907894530935,2.0686391767308305,0.5463872817193415,-0.41702107268800304,-1.0083168412522454,-1.1218750943468254,-0.8498364456348662,0.40683742795524463,-0.651135495119281,-0.4144556004615526,-1.6913033243798445,-2.389708047140901,1.3032874056791244,0.0,-0.8930772127243898,-0.5664572772702333,2.625628875351834
1826,-0.5857510555915164,0.6468515392417774,2.0686391767308305,0.15346791259651008,-0.41702107268800304,-1.73519772874119,-1.1218750943468254,-0.6238699258790168,0.40683742795524463,-0.651135495119281,-0.4144556004615526,-1.0742281119250607,-0.7048775026592444,1.3032874056791244,0.0,-0.8930772127243898,1.1921382551160753,-1.176813837095037
1827,0.5138513120822684,1.399092407080728,2.0686391767308305,0.15346791259651008,-0.41702107268800304,-1.73519772874119,-1.1218750943468254,-0.6238699258790168,0.40683742795524463,-0.651135495119281,-0.4144556004615526,-1.128220960500049,-0.2671392096355672,1.3032874056791244,0.0,-0.8930772127243898,-0.5664572772702333,-0.7965695658503499
1828,0.30486590107301353,-0.8334112086212974,2.0686391767308305,0.15346791259651008,-0.41702107268800304,-1.73519772874119,-1.1218750943468254,-0.6238699258790168,0.40683742795524463,-0.651135495119281,-0.4144556004615526,-0.8207650672664522,-0.3210180522806423,1.3032874056791244,0.0,-0.8930772127243898,-0.5664572772702333,-0.41632529460566275
1829,0.017095316722317847,0.792724022122781,2.0686391767308305,0.15346791259651008,-0.41702107268800304,-1.73519772874119,-1.1218750943468254,-0.6238699258790168,0.40683742795524463,-0.651135495119281,-0.4144556004615526,-0.5502788181210465,0.12124351520158215,1.3032874056791244,0.0,0.6882113771853678,-0.5664572772702333,-0.03608102336097565
1830,-2.6298967840655036,-1.8003907894530935,2.0686391767308305,0.15346791259651008,-0.41702107268800304,-1.73519772874119,-1.1218750943468254,-0.6238699258790168,0.40683742795524463,-0.651135495119281,-0.4144556004615526,-1.990122913872099,-2.482661792321849,1.3032874056791244,0.0,-0.8930772127243898,-0.5664572772702333,0.34416324788371144
1831,-1.133702435453567,0.6502326648469224,2.0686391767308305,0.15346791259651008,-0.41702107268800304,-1.73519772874119,-1.1218750943468254,-0.6238699258790168,0.40683742795524463,-0.651135495119281,-0.4144556004615526,-1.3505376310209753,-0.8142551936910872,1.3032874056791244,0.0,-0.8930772127243898,-0.5664572772702333,0.7244075191283986
1832,-1.3858249755927365,-0.6376857415974726,2.0686391767308305,0.15346791259651008,-0.41702107268800304,-1.73519772874119,-1.1218750943468254,-0.6238699258790168,0.40683742795524463,-0.651135495119281,-0.4144556004615526,-0.7443549494098728,-1.3138267395746697,1.3032874056791244,0.0,-0.8930772127243898,-0.5664572772702333,1.1046517903730857
1833,0.14607233718679458,-1.6362870389919246,2.0686391767308305,0.15346791259651008,-0.41702107268800304,-1.73519772874119,-1.1218750943468254,-0.6238699258790168,0.40683742795524463,-0.651135495119281,-0.4144556004615526,-1.2041322723648518,-0.6046373721030188,1.3032874056791244,0.0,-0.8930772127243898,-0.5664572772702333,1.4848960616177729
1834,-1.4879261666467587,-0.875124170106798,2.0686391767308305,0.15346791259651008,-0.41702107268800304,-1.73519772874119,-1.1218750943468254,-0.6238699258790168,0.40683742795524463,-0.651135495119281,-0.4144556004615526,-1.099725218202389,-1.0678224968894712,1.3032874056791244,0.0,-0.8930772127243898,-0.5664572772702333,1.8651403328624598
1835,-1.4511497669741948,-0.9220056363719698,2.0686391767308305,0.15346791259651008,-0.41702107268800304,-1.73519772874119,-1.1218750943468254,-0.6238699258790168,0.40683742795524463,-0.651135495119281,-0.4144556004615526,-0.5794415684309661,-1.3646111892299935,1.3032874056791244,0.0,-0.8930772127243898,-0.5664572772702333,2.245384604107147
1836,-2.6298967840655036,-1.8003907894530935,2.0686391767308305,0.15346791259651008,-0.41702107268800304,-1.73519772874119,-1.1218750943468254,-0.6238699258790168,0.40683742795524463,-0.651135495119281,-0.4144556004615526,-1.868907257800697,-2.389708047140901,1.3032874056791244,0.0,-0.8930772127243898,-0.5664572772702333,2.625628875351834
1837,0.5138513120822684,1.399092407080728,1.8624980597255354,0.5463872817193415,-0.41702107268800304,-1.0083168412522454,-1.1218750943468254,-0.3979034061231674,0.40683742795524463,-0.651135495119281,-0.4144556004615526,-1.128220960500049,-0.2671392096355672,1.3032874056791244,0.0,-0.8930772127243898,-0.5664572772702333,-1.176813837095037
1838,-2.6298967840655036,-1.8003907894530935,1.8624980597255354,0.5463872817193415,-0.41702107268800304,-1.0083168412522454,-1.1218750943468254,-0.3979034061231674,0.40683742795524463,-0.651135495119281,-0.4144556004615526,-1.990122913872099,-2.482661792321849,1.3032874056791244,0.0,-0.8930772127243898,-0.5664572772702333,-0.7965695658503499
1839,0.30486590107301353,-0.8334112086212974,1.8624980597255354,0.5463872817193415,-0.41702107268800304,-1.0083168412522454,-1.1218750943468254,-0.3979034061231674,0.40683742795524463,-0.651135495119281,-0.4144556004615526,-0.8207650672664522,-0.3210180522806423,1.3032874056791244,0.0,-0.8930772127243898,-0.5664572772702333,-0.41632529460566275
1840,0.017095316722317847,0.792724022122781,1.8624980597255354,0.5463872817193415,-0.41702107268800304,-1.0083168412522454,-1.1218750943468254,-0.3979034061231674,0.40683742795524463,-0.651135495119281,-0.4144556004615526,-0.5502788181210465,0.12124351520158215,1.3032874056791244,0.0,-0.8930772127243898,-0.5664572772702333,-0.03608102336097565
1841,-0.5857510555915164,0.6468515392417774,1.8624980597255354,0.5463872817193415,-0.41702107268800304,-1.0083168412522454,-1.1218750943468254,-0.3979034061231674,0.40683742795524463,-0.651135495119281,-0.4144556004615526,-1.0742281119250607,-0.7048775026592444,1.3032874056791244,0.0,-0.8930772127243898,-0.5664572772702333,0.34416324788371144
1842,-1.133702435453567,0.6502326648469224,1.8624980597255354,0.5463872817193415,-0.41702107268800304,-1.0083168412522454,-1.1218750943468254,-0.3979034061231674,0.40683742795524463,-0.651135495119281,-0.4144556004615526,-1.3505376310209753,-0.8142551936910872,1.3032874056791244,0.0,-0.8930772127243898,-0.5664572772702333,0.7244075191283986
1843,-1.3858249755927365,-0.6376857415974726,1.8624980597255354,0.5463872817193415,-0.41702107268800304,-1.0083168412522454,-1.1218750943468254,-0.3979034061231674,0.40683742795524463,-0.651135495119281,-0.4144556004615526,-0.7443549494098728,-1.3138267395746697,1.3032874056791244,0.0,-0.8930772127243898,1.1921382551160753,1.1046517903730857
1844,0.14607233718679458,-1.6362870389919246,1.8624980597255354,0.5463872817193415,-0.41702107268800304,-1.0083168412522454,-1.1218750943468254,-0.3979034061231674,0.40683742795524463,-0.651135495119281,-0.4144556004615526,-1.2041322723648518,-0.6046373721030188,1.3032874056791244,0.0,-0.8930772127243898,1.1921382551160753,1.4848960616177729
1845,-2.6298967840655036,-1.8003907894530935,1.8624980597255354,0.5463872817193415,-0.41702107268800304,-1.0083168412522454,-1.1218750943468254,-0.3979034061231674,0.40683742795524463,-0.651135495119281,-0.4144556004615526,-1.7765991489736543,-1.8661849894010616,1.3032874056791244,0.0,-0.8930772127243898,-0.5664572772702333,1.8651403328624598
1846,-1.7471134102256074,0.016852512113950637,1.8624980597255354,0.5463872817193415,-0.41702107268800304,-1.0083168412522454,-1.1218750943468254,-0.3979034061231674,0.40683742795524463,-0.651135495119281,-0.4144556004615526,-1.069930260298241,-1.2902092401381884,1.3032874056791244,0.0,-0.8930772127243898,-0.5664572772702333,2.245384604107147
1847,-2.6298967840655036,-0.6657252523978493,1.8624980597255354,0.5463872817193415,-0.41702107268800304,-1.0083168412522454,-1.1218750943468254,-0.3979034061231674,0.40683742795524463,-0.651135495119281,-0.4144556004615526,-1.2612861589109827,-1.6512065870160422,1.3032874056791244,0.0,-0.8930772127243898,-0.5664572772702333,2.625628875351834
1848,-0.7986357834816118,0.9681031562099182,-1.0234775783485959,-1.287236440853872,-0.41702107268800304,-3.0678126891375883,2.296234309466538,1.4098287519236279,0.40683742795524463,1.5357786628062884,-0.4144556004615526,-1.8987723965478744,-0.6376836690023882,1.3032874056791244,0.0,-0.8930772127243898,-0.5664572772702333,-1.176813837095037
1849,0.5138513120822684,1.399092407080728,-1.0234775783485959,-1.287236440853872,-0.41702107268800304,-3.0678126891375883,2.296234309466538,1.4098287519236279,0.40683742795524463,1.5357786628062884,-0.4144556004615526,0.23239998360359038,-0.09775759807011321,1.3032874056791244,0.0,0.6882113771853678,-0.5664572772702333,-0.7965695658503499
1850,0.017095316722317847,0.792724022122781,-1.0234775783485959,-1.287236440853872,-0.41702107268800304,-3.0678126891375883,2.296234309466538,1.4098287519236279,0.40683742795524463,1.5357786628062884,-0.4144556004615526,-2.0050058926499936,-0.06100713073889485,1.3032874056791244,0.0,-0.8930772127243898,-0.5664572772702333,-0.41632529460566275
1851,1.137132900776744,0.9876749581709778,-1.0234775783485959,-1.287236440853872,-0.41702107268800304,-3.0678126891375883,2.296234309466538,1.4098287519236279,0.40683742795524463,1.5357786628062884,-0.4144556004615526,-0.8181666360534758,1.2957021721498414,1.3032874056791244,0.0,0.6882113771853678,-0.5664572772702333,-0.03608102336097565
1852,-0.5857510555915164,0.6468515392417774,-1.0234775783485959,-1.287236440853872,-0.41702107268800304,-3.0678126891375883,2.296234309466538,1.4098287519236279,0.40683742795524463,1.5357786628062884,-0.4144556004615526,-0.3640617812375387,-0.4393694829827629,1.3032874056791244,0.0,0.6882113771853678,-0.5664572772702333,0.34416324788371144
1853,-0.7986357834816118,0.9681031562099182,-1.6419009293644813,-0.6323708256491528,-0.41702107268800304,-0.0391423246003194,-0.8673350323607238,1.8617617914353266,0.40683742795524463,1.5357786628062884,-0.4144556004615526,-0.8415293166915738,-0.6376836690023882,1.3032874056791244,0.0,-0.8930772127243898,-0.5664572772702333,-1.176813837095037
1854,0.5138513120822684,1.399092407080728,-1.6419009293644813,-0.6323708256491528,-0.41702107268800304,-0.0391423246003194,-0.8673350323607238,1.8617617914353266,0.40683742795524463,1.5357786628062884,-0.4144556004615526,-1.3807443938718227,-0.09775759807011321,1.3032874056791244,0.0,-0.8930772127243898,-0.5664572772702333,-0.7965695658503499
1855,0.017095316722317847,0.792724022122781,-1.6419009293644813,-0.6323708256491528,-0.41702107268800304,-0.0391423246003194,-0.8673350323607238,1.8617617914353266,0.40683742795524463,1.5357786628062884,-0.4144556004615526,-0.9204508647160518,-0.06100713073889485,1.3032874056791244,0.0,-0.8930772127243898,-0.5664572772702333,-0.41632529460566275
1856,1.137132900776744,0.9876749581709778,-1.6419009293644813,-0.6323708256491528,-0.41702107268800304,-0.0391423246003194,-0.8673350323607238,1.8617617914353266,0.40683742795524463,1.5357786628062884,-0.4144556004615526,1.6911059059274074,1.2957021721498414,1.3032874056791244,0.0,0.6882113771853678,2.950733787502384,-0.03608102336097565
1857,-0.5857510555915164,0.6468515392417774,-1.6419009293644813,-0.6323708256491528,-0.41702107268800304,-0.0391423246003194,-0.8673350323607238,1.8617617914353266,0.40683742795524463,1.5357786628062884,-0.4144556004615526,-0.45592328469985094,-0.4393694829827629,1.3032874056791244,0.0,0.6882113771853678,-0.5664572772702333,0.34416324788371144
1858,-1.1426493955694013,0.4094503477985877,-1.6419009293644813,-0.6323708256491528,-0.41702107268800304,-0.0391423246003194,-0.8673350323607238,1.8617617914353266,0.40683742795524463,1.5357786628062884,-0.4144556004615526,-0.10729269686599156,0.31142126788933344,1.3032874056791244,0.0,0.6882113771853678,-0.5664572772702333,0.7244075191283986
1859,0.14607233718679458,-1.6362870389919246,-1.6419009293644813,-0.6323708256491528,-0.41702107268800304,-0.0391423246003194,-0.8673350323607238,1.8617617914353266,0.40683742795524463,1.5357786628062884,-0.4144556004615526,-0.41217915923497156,-0.32164603203444453,1.3032874056791244,0.0,-0.8930772127243898,-0.5664572772702333,1.1046517903730857
1860,-1.2891109329566746,-1.8003907894530935,-1.6419009293644813,-0.6323708256491528,-0.41702107268800304,-0.0391423246003194,-0.8673350323607238,1.8617617914353266,0.40683742795524463,1.5357786628062884,-0.4144556004615526,-1.7328086229514006,-2.026818569961373,1.3032874056791244,0.0,-0.8930772127243898,-0.5664572772702333,1.4848960616177729
1861,-1.4879261666467587,-0.875124170106798,-1.6419009293644813,-0.6323708256491528,-0.41702107268800304,-0.0391423246003194,-0.8673350323607238,1.8617617914353266,0.40683742795524463,1.5357786628062884,-0.4144556004615526,-1.1454239671466724,-1.682141415757699,1.3032874056791244,0.0,-0.8930772127243898,-0.5664572772702333,1.8651403328624598
1862,-1.4511497669741948,-0.9220056363719698,-1.6419009293644813,-0.6323708256491528,-0.41702107268800304,-0.0391423246003194,-0.8673350323607238,1.8617617914353266,0.40683742795524463,1.5357786628062884,-0.4144556004615526,-1.274255114697176,-2.1279160293988766,1.3032874056791244,0.0,-0.8930772127243898,-0.5664572772702333,2.245384604107147
1863,-0.7986357834816118,0.9681031562099182,0.2133691236831747,0.15346791259651008,-0.41702107268800304,-0.5237295829262825,-1.1218750943468254,0.957895712411929,0.40683742795524463,-0.651135495119281,-0.4144556004615526,-0.7101519385551402,-0.6376836690023882,1.3032874056791244,0.0,-0.8930772127243898,-0.5664572772702333,-1.176813837095037
1864,0.5138513120822684,1.399092407080728,0.2133691236831747,0.15346791259651008,-0.41702107268800304,-0.5237295829262825,-1.1218750943468254,0.957895712411929,0.40683742795524463,-0.651135495119281,-0.4144556004615526,1.5419629143861837,-0.09775759807011321,1.3032874056791244,0.0,2.2694999670951255,2.950733787502384,-0.7965695658503499
1865,-2.6298967840655036,-1.8003907894530935,0.2133691236831747,0.15346791259651008,-0.41702107268800304,-0.5237295829262825,-1.1218750943468254,0.957895712411929,0.40683742795524463,-0.651135495119281,-0.4144556004615526,-0.24157010983833604,-0.15560454466675108,1.3032874056791244,0.0,0.6882113771853678,-0.5664572772702333,-0.41632529460566275
1866,1.137132900776744,0.9876749581709778,0.2133691236831747,0.15346791259651008,-0.41702107268800304,-0.5237295829262825,-1.1218750943468254,0.957895712411929,0.40683742795524463,-0.651135495119281,-0.4144556004615526,-1.0207224692025054,1.2957021721498414,1.3032874056791244,0.0,-0.8930772127243898,-0.5664572772702333,-0.03608102336097565
1867,-0.5857510555915164,0.6468515392417774,0.2133691236831747,0.15346791259651008,-0.41702107268800304,-0.5237295829262825,-1.1218750943468254,0.957895712411929,0.40683742795524463,-0.651135495119281,-0.4144556004615526,-0.04040629341054369,-0.4393694829827629,1.3032874056791244,0.0,-0.8930772127243898,-0.5664572772702333,0.34416324788371144
1868,-1.1426493955694013,0.4094503477985877,0.2133691236831747,0.15346791259651008,-0.41702107268800304,-0.5237295829262825,-1.1218750943468254,0.957895712411929,0.40683742795524463,-0.651135495119281,-0.4144556004615526,-1.2605205497143024,0.31142126788933344,1.3032874056791244,0.0,-0.8930772127243898,-0.5664572772702333,0.7244075191283986
1869,0.14607233718679458,-1.6362870389919246,0.2133691236831747,0.15346791259651008,-0.41702107268800304,-0.5237295829262825,-1.1218750943468254,0.957895712411929,0.40683742795524463,-0.651135495119281,-0.4144556004615526,-0.9694614534429451,-0.32164603203444453,1.3032874056791244,0.0,-0.8930772127243898,-0.5664572772702333,1.1046517903730857
1870,-1.2891109329566746,-1.8003907894530935,0.2133691236831747,0.15346791259651008,-0.41702107268800304,-0.5237295829262825,-1.1218750943468254,0.957895712411929,0.40683742795524463,-0.651135495119281,-0.4144556004615526,-1.3077911175396493,-2.026818569961373,1.3032874056791244,0.0,-0.8930772127243898,-0.5664572772702333,1.4848960616177729
1871,-1.4879261666467587,-0.875124170106798,0.2133691236831747,0.15346791259651008,-0.41702107268800304,-0.5237295829262825,-1.1218750943468254,0.957895712411929,0.40683742795524463,-0.651135495119281,-0.4144556004615526,-1.7594309427450623,-1.682141415757699,1.3032874056791244,0.0,-0.8930772127243898,-0.5664572772702333,1.8651403328624598
1872,-1.4511497669741948,-0.9220056363719698,0.2133691236831747,0.15346791259651008,-0.41702107268800304,-0.5237295829262825,-1.1218750943468254,0.957895712411929,0.40683742795524463,-0.651135495119281,-0.4144556004615526,-1.5404783126337926,-2.1279160293988766,1.3032874056791244,0.0,-0.8930772127243898,-0.5664572772702333,2.245384604107147
1873,-2.0150279340960173,-1.2452382652585434,0.2133691236831747,0.15346791259651008,-0.41702107268800304,-0.5237295829262825,-1.1218750943468254,0.957895712411929,0.40683742795524463,-0.651135495119281,-0.4144556004615526,-2.0050058926499936,-2.7799319358069527,1.3032874056791244,0.0,-0.8930772127243898,-0.5664572772702333,2.625628875351834
1874,-0.12468803895260275,2.101748397653037,1.037933591704355,-0.37042457956726516,-0.41702107268800304,-1.9169179506134262,-1.1218750943468254,0.0540296333885314,0.40683742795524463,1.5357786628062884,-0.4144556004615526,-0.05697129239326622,0.13187366523696223,1.3032874056791244,0.0,0.6882113771853678,2.950733787502384,-1.176813837095037
1875,0.5138513120822684,1.399092407080728,1.037933591704355,-0.37042457956726516,-0.41702107268800304,-1.9169179506134262,-1.1218750943468254,0.0540296333885314,0.40683742795524463,1.5357786628062884,-0.4144556004615526,-0.020517854505867034,1.7216999741241688,1.3032874056791244,0.0,-0.8930772127243898,-0.5664572772702333,-0.7965695658503499
1876,-0.532383836463084,-0.05643003404161545,1.037933591704355,-0.37042457956726516,-0.41702107268800304,-1.9169179506134262,-1.1218750943468254,0.0540296333885314,0.40683742795524463,1.5357786628062884,-0.4144556004615526,-0.39625216791614915,-0.5611065436619049,1.3032874056791244,0.0,-0.8930772127243898,-0.5664572772702333,-0.41632529460566275
1877,1.137132900776744,0.9876749581709778,1.037933591704355,-0.37042457956726516,-0.41702107268800304,-1.9169179506134262,-1.1218750943468254,0.0540296333885314,0.40683742795524463,1.5357786628062884,-0.4144556004615526,2.1599023372220683,-0.2755850822664168,1.3032874056791244,0.0,-0.8930772127243898,1.1921382551160753,-0.03608102336097565
1878,0.30486590107301353,-0.8334112086212974,1.037933591704355,-0.37042457956726516,-0.41702107268800304,-1.9169179506134262,-1.1218750943468254,0.0540296333885314,0.40683742795524463,1.5357786628062884,-0.4144556004615526,-0.4669086166582812,0.3079992332889032,1.3032874056791244,0.0,-0.8930772127243898,1.1921382551160753,0.34416324788371144
1879,-1.1426493955694013,0.4094503477985877,1.037933591704355,-0.37042457956726516,-0.41702107268800304,-1.9169179506134262,-1.1218750943468254,0.0540296333885314,0.40683742795524463,1.5357786628062884,-0.4144556004615526,-1.2442513542848423,-0.7045225575810082,1.3032874056791244,0.0,-0.8930772127243898,-0.5664572772702333,0.7244075191283986
1880,0.14607233718679458,-1.6362870389919246,1.037933591704355,-0.37042457956726516,-0.41702107268800304,-1.9169179506134262,-1.1218750943468254,0.0540296333885314,0.40683742795524463,1.5357786628062884,-0.4144556004615526,0.5322461854277577,0.2393401135398412,1.3032874056791244,0.0,0.6882113771853678,2.950733787502384,1.1046517903730857
1881,-2.6298967840655036,-0.5034982500699325,1.037933591704355,-0.37042457956726516,-0.41702107268800304,-1.9169179506134262,-1.1218750943468254,0.0540296333885314,0.40683742795524463,1.5357786628062884,-0.4144556004615526,-1.4318082072625409,-1.2398616459637704,1.3032874056791244,0.0,-0.8930772127243898,1.1921382551160753,1.4848960616177729
1882,-1.4879261666467587,-0.875124170106798,1.037933591704355,-0.37042457956726516,-0.41702107268800304,-1.9169179506134262,-1.1218750943468254,0.0540296333885314,0.40683742795524463,1.5357786628062884,-0.4144556004615526,-0.9480127957965486,-1.9531920393481756,1.3032874056791244,0.0,-0.8930772127243898,-0.5664572772702333,1.8651403328624598
1883,-1.4511497669741948,-0.9220056363719698,1.037933591704355,-0.37042457956726516,-0.41702107268800304,-1.9169179506134262,-1.1218750943468254,0.0540296333885314,0.40683742795524463,1.5357786628062884,-0.4144556004615526,-1.7038268348152417,-1.8398189408972132,1.3032874056791244,0.0,-0.8930772127243898,-0.5664572772702333,2.245384604107147
1884,-1.7471134102256074,0.016852512113950637,1.037933591704355,-0.37042457956726516,-0.41702107268800304,-1.9169179506134262,-1.1218750943468254,0.0540296333885314,0.40683742795524463,1.5357786628062884,-0.4144556004615526,-1.6103517519702288,-1.405247850110105,1.3032874056791244,0.0,-0.8930772127243898,-0.5664572772702333,2.625628875351834
1885,-0.12468803895260275,2.101748397653037,1.2440747087096502,-0.5013977026082089,-0.41702107268800304,-2.1592115797764078,-1.1218750943468254,0.0540296333885314,0.40683742795524463,1.5357786628062884,-0.4144556004615526,-0.05697129239326622,0.14456977765079307,1.3032874056791244,0.0,-0.8930772127243898,-0.5664572772702333,-1.176813837095037
1886,0.5138513120822684,1.399092407080728,1.2440747087096502,-0.5013977026082089,-0.41702107268800304,-2.1592115797764078,-1.1218750943468254,0.0540296333885314,0.40683742795524463,1.5357786628062884,-0.4144556004615526,-0.020517854505867034,0.8919020892990498,1.3032874056791244,0.0,-0.8930772127243898,-0.5664572772702333,-0.7965695658503499
1887,-0.532383836463084,-0.05643003404161545,1.2440747087096502,-0.5013977026082089,-0.41702107268800304,-2.1592115797764078,-1.1218750943468254,0.0540296333885314,0.40683742795524463,1.5357786628062884,-0.4144556004615526,-0.39625216791614915,0.2877400603618869,1.3032874056791244,0.0,-0.8930772127243898,-0.5664572772702333,-0.41632529460566275
1888,-0.5857510555915164,0.6468515392417774,1.2440747087096502,-0.5013977026082089,-0.41702107268800304,-2.1592115797764078,-1.1218750943468254,0.0540296333885314,0.40683742795524463,1.5357786628062884,-0.4144556004615526,-0.8120939631070787,-0.643035148643487,1.3032874056791244,0.0,-0.8930772127243898,-0.5664572772702333,-0.03608102336097565
1889,0.30486590107301353,-0.8334112086212974,1.2440747087096502,-0.5013977026082089,-0.41702107268800304,-2.1592115797764078,-1.1218750943468254,0.0540296333885314,0.40683742795524463,1.5357786628062884,-0.4144556004615526,-0.4669086166582812,-0.5278600213337872,1.3032874056791244,0.0,-0.8930772127243898,1.1921382551160753,0.34416324788371144
1890,-1.1426493955694013,0.4094503477985877,1.2440747087096502,-0.5013977026082089,-0.41702107268800304,-2.1592115797764078,-1.1218750943468254,0.0540296333885314,0.40683742795524463,1.5357786628062884,-0.4144556004615526,-1.2442513542848423,-0.6713215410321514,1.3032874056791244,0.0,-0.8930772127243898,-0.5664572772702333,0.7244075191283986
1891,0.14607233718679458,-1.6362870389919246,1.2440747087096502,-0.5013977026082089,-0.41702107268800304,-2.1592115797764078,-1.1218750943468254,0.0540296333885314,0.40683742795524463,1.5357786628062884,-0.4144556004615526,0.5322461854277577,-0.2505478025169911,1.3032874056791244,0.0,-0.8930772127243898,2.950733787502384,1.1046517903730857
1892,-2.6298967840655036,-0.5034982500699325,1.2440747087096502,-0.5013977026082089,-0.41702107268800304,-2.1592115797764078,-1.1218750943468254,0.0540296333885314,0.40683742795524463,1.5357786628062884,-0.4144556004615526,-1.4318082072625409,-0.6623478013618735,1.3032874056791244,0.0,-0.8930772127243898,-0.5664572772702333,1.4848960616177729
1893,-1.4879261666467587,-0.875124170106798,1.2440747087096502,-0.5013977026082089,-0.41702107268800304,-2.1592115797764078,-1.1218750943468254,0.0540296333885314,0.40683742795524463,1.5357786628062884,-0.4144556004615526,-0.9480127957965486,-1.4888146631450843,1.3032874056791244,0.0,-0.8930772127243898,-0.5664572772702333,1.8651403328624598
1894,-1.4511497669741948,-0.9220056363719698,1.2440747087096502,-0.5013977026082089,-0.41702107268800304,-2.1592115797764078,-1.1218750943468254,0.0540296333885314,0.40683742795524463,1.5357786628062884,-0.4144556004615526,-1.7038268348152417,-1.5947066114855315,1.3032874056791244,0.0,-0.8930772127243898,-0.5664572772702333,2.245384604107147
1895,-2.0150279340960173,-1.2452382652585434,1.2440747087096502,-0.5013977026082089,-0.41702107268800304,-2.1592115797764078,-1.1218750943468254,0.0540296333885314,0.40683742795524463,1.5357786628062884,-0.4144556004615526,-2.0050058926499936,-2.75956354900971,1.3032874056791244,0.0,-0.8930772127243898,-0.5664572772702333,2.625628875351834
1896,-0.12468803895260275,2.101748397653037,1.037933591704355,-0.10847833348537753,-0.41702107268800304,-2.4620786162301345,-1.1218750943468254,-0.171936886367318,0.40683742795524463,1.5357786628062884,-0.4144556004615526,-0.05697129239326622,0.13187366523696223,1.3032874056791244,0.0,0.6882113771853678,1.1921382551160753,-1.176813837095037
1897,0.5138513120822684,1.399092407080728,1.037933591704355,-0.10847833348537753,-0.41702107268800304,-2.4620786162301345,-1.1218750943468254,-0.171936886367318,0.40683742795524463,1.5357786628062884,-0.4144556004615526,-0.020517854505867034,1.7216999741241688,1.3032874056791244,0.0,-0.8930772127243898,-0.5664572772702333,-0.7965695658503499
1898,-0.532383836463084,-0.05643003404161545,1.037933591704355,-0.10847833348537753,-0.41702107268800304,-2.4620786162301345,-1.1218750943468254,-0.171936886367318,0.40683742795524463,1.5357786628062884,-0.4144556004615526,-0.39625216791614915,-0.5611065436619049,1.3032874056791244,0.0,0.6882113771853678,-0.5664572772702333,-0.41632529460566275
1899,-0.5857510555915164,0.6468515392417774,1.037933591704355,-0.10847833348537753,-0.41702107268800304,-2.4620786162301345,-1.1218750943468254,-0.171936886367318,0.40683742795524463,1.5357786628062884,-0.4144556004615526,-0.8120939631070787,0.03622051723024968,1.3032874056791244,0.0,-0.8930772127243898,-0.5664572772702333,-0.03608102336097565
1900,0.30486590107301353,-0.8334112086212974,1.037933591704355,-0.10847833348537753,-0.41702107268800304,-2.4620786162301345,-1.1218750943468254,-0.171936886367318,0.40683742795524463,1.5357786628062884,-0.4144556004615526,-0.4669086166582812,0.3079992332889032,1.3032874056791244,0.0,-0.8930772127243898,-0.5664572772702333,0.34416324788371144
1901,-1.1426493955694013,0.4094503477985877,1.037933591704355,-0.10847833348537753,-0.41702107268800304,-2.4620786162301345,-1.1218750943468254,-0.171936886367318,0.40683742795524463,1.5357786628062884,-0.4144556004615526,-1.2442513542848423,-0.7045225575810082,1.3032874056791244,0.0,-0.8930772127243898,-0.5664572772702333,0.7244075191283986
1902,0.14607233718679458,-1.6362870389919246,1.037933591704355,-0.10847833348537753,-0.41702107268800304,-2.4620786162301345,-1.1218750943468254,-0.171936886367318,0.40683742795524463,1.5357786628062884,-0.4144556004615526,0.5322461854277577,0.2393401135398412,1.3032874056791244,0.0,-0.8930772127243898,2.950733787502384,1.1046517903730857
1903,-0.7986357834816118,0.9681031562099182,0.6256513576937649,-0.5013977026082089,-0.41702107268800304,-2.0986381724856624,-0.6855207023706513,-0.6238699258790168,0.40683742795524463,1.5357786628062884,-0.4144556004615526,-0.2332412097896001,-0.9967242673720175,1.3032874056791244,0.0,-0.8930772127243898,2.950733787502384,-1.176813837095037
1904,0.5138513120822684,1.399092407080728,0.6256513576937649,-0.5013977026082089,-0.41702107268800304,-2.0986381724856624,-0.6855207023706513,-0.6238699258790168,0.40683742795524463,1.5357786628062884,-0.4144556004615526,-0.020517854505867034,0.8919020892990498,1.3032874056791244,0.0,-0.8930772127243898,2.950733787502384,-0.7965695658503499
1905,-0.7986357834816118,0.9681031562099182,0.2133691236831747,-0.10847833348537753,-0.41702107268800304,-1.7957711360319355,-1.1218750943468254,0.5059626729002302,0.40683742795524463,-0.651135495119281,-0.4144556004615526,-0.2332412097896001,-0.9967242673720175,1.3032874056791244,0.0,-0.8930772127243898,-0.5664572772702333,-1.176813837095037
1906,0.5138513120822684,1.399092407080728,0.2133691236831747,-0.10847833348537753,-0.41702107268800304,-1.7957711360319355,-1.1218750943468254,0.5059626729002302,0.40683742795524463,-0.651135495119281,-0.4144556004615526,-0.020517854505867034,0.8919020892990498,1.3032874056791244,0.0,0.6882113771853678,-0.5664572772702333,-0.7965695658503499
1907,-0.532383836463084,-0.05643003404161545,0.2133691236831747,-0.10847833348537753,-0.41702107268800304,-1.7957711360319355,-1.1218750943468254,0.5059626729002302,0.40683742795524463,-0.651135495119281,-0.4144556004615526,-0.39625216791614915,0.2877400603618869,1.3032874056791244,0.0,-0.8930772127243898,2.950733787502384,-0.41632529460566275
1908,-0.5857510555915164,0.6468515392417774,0.2133691236831747,-0.10847833348537753,-0.41702107268800304,-1.7957711360319355,-1.1218750943468254,0.5059626729002302,0.40683742795524463,-0.651135495119281,-0.4144556004615526,-0.8120939631070787,-0.643035148643487,1.3032874056791244,0.0,0.6882113771853678,-0.5664572772702333,-0.03608102336097565
1909,0.30486590107301353,-0.8334112086212974,0.2133691236831747,-0.10847833348537753,-0.41702107268800304,-1.7957711360319355,-1.1218750943468254,0.5059626729002302,0.40683742795524463,-0.651135495119281,-0.4144556004615526,-0.4669086166582812,-0.5278600213337872,1.3032874056791244,0.0,-0.8930772127243898,1.1921382551160753,0.34416324788371144
1910,0.14607233718679458,-1.6362870389919246,0.2133691236831747,-0.10847833348537753,-0.41702107268800304,-1.7957711360319355,-1.1218750943468254,0.5059626729002302,0.40683742795524463,-0.651135495119281,-0.4144556004615526,0.5322461854277577,-0.2505478025169911,1.3032874056791244,0.0,-0.8930772127243898,-0.5664572772702333,0.7244075191283986
1911,-1.1426493955694013,0.4094503477985877,0.2133691236831747,-0.10847833348537753,-0.41702107268800304,-1.7957711360319355,-1.1218750943468254,0.5059626729002302,0.40683742795524463,-0.651135495119281,-0.4144556004615526,-1.2442513542848423,-0.6713215410321514,1.3032874056791244,0.0,-0.8930772127243898,-0.5664572772702333,1.1046517903730857
1912,-1.4879261666467587,-0.875124170106798,0.2133691236831747,-0.10847833348537753,-0.41702107268800304,-1.7957711360319355,-1.1218750943468254,0.5059626729002302,0.40683742795524463,-0.651135495119281,-0.4144556004615526,-0.9480127957965486,-1.4888146631450843,1.3032874056791244,0.0,-0.8930772127243898,1.1921382551160753,1.4848960616177729
1913,-2.6298967840655036,-1.8003907894530935,0.2133691236831747,-0.10847833348537753,-0.41702107268800304,-1.7957711360319355,-1.1218750943468254,0.5059626729002302,0.40683742795524463,-0.651135495119281,-0.4144556004615526,-0.7968397798701875,-0.9224224309945867,1.3032874056791244,0.0,-0.8930772127243898,-0.5664572772702333,1.8651403328624598
1914,-1.4511497669741948,-0.9220056363719698,0.2133691236831747,-0.10847833348537753,-0.41702107268800304,-1.7957711360319355,-1.1218750943468254,0.5059626729002302,0.40683742795524463,-0.651135495119281,-0.4144556004615526,-1.7038268348152417,-1.5947066114855315,1.3032874056791244,0.0,-0.8930772127243898,-0.5664572772702333,2.245384604107147
1915,-1.7471134102256074,0.016852512113950637,0.2133691236831747,-0.10847833348537753,-0.41702107268800304,-1.7957711360319355,-1.1218750943468254,0.5059626729002302,0.40683742795524463,-0.651135495119281,-0.4144556004615526,-1.6103517519702288,-2.0713887504008093,1.3032874056791244,0.0,-0.8930772127243898,-0.5664572772702333,2.625628875351834
1916,-0.5857510555915164,0.01225745815277349,0.83179247469906,-1.6801558099767033,1.334328656870266,0.506018341016389,1.7144284534983059,0.0540296333885314,-1.7618165702686994,-0.651135495119281,-0.4144556004615526,-0.18473522712415505,-0.05569205572120481,1.4970950656057203,0.0,-0.8930772127243898,-0.5664572772702333,-1.176813837095037
1917,0.5138513120822684,0.6887432386447306,0.83179247469906,-1.6801558099767033,1.334328656870266,0.506018341016389,1.7144284534983059,0.0540296333885314,-1.7618165702686994,-0.651135495119281,-0.4144556004615526,-0.5077411071479061,-0.27826082208696634,1.4970950656057203,0.0,-0.8930772127243898,-0.5664572772702333,-0.7965695658503499
1918,-0.532383836463084,-0.2194613569980687,0.83179247469906,-1.6801558099767033,1.334328656870266,0.506018341016389,1.7144284534983059,0.0540296333885314,-1.7618165702686994,-0.651135495119281,-0.4144556004615526,-0.5885070773280235,-0.4302956305981107,1.4970950656057203,0.0,-0.8930772127243898,-0.5664572772702333,-0.41632529460566275
1919,-0.12468803895260275,0.44500429854520074,0.83179247469906,-1.6801558099767033,1.334328656870266,0.506018341016389,1.7144284534983059,0.0540296333885314,-1.7618165702686994,-0.651135495119281,-0.4144556004615526,-0.4825166041451535,-0.07014469121451233,1.4970950656057203,0.0,2.2694999670951255,1.1921382551160753,-0.03608102336097565
1920,1.137132900776744,2.1355819959441686,0.83179247469906,-1.6801558099767033,1.334328656870266,0.506018341016389,1.7144284534983059,0.0540296333885314,-1.7618165702686994,-0.651135495119281,-0.4144556004615526,-0.3836602166586243,-0.0016584934266425009,1.4970950656057203,0.0,-0.8930772127243898,-0.5664572772702333,0.34416324788371144
1921,-2.6298967840655036,-1.8003907894530935,0.83179247469906,-1.6801558099767033,1.334328656870266,0.506018341016389,1.7144284534983059,0.0540296333885314,-1.7618165702686994,-0.651135495119281,-0.4144556004615526,-1.441448503064076,-1.969730659762809,1.4970950656057203,0.0,-0.8930772127243898,-0.5664572772702333,0.7244075191283986
1922,0.14607233718679458,0.40589793168921734,0.83179247469906,-1.6801558099767033,1.334328656870266,0.506018341016389,1.7144284534983059,0.0540296333885314,-1.7618165702686994,-0.651135495119281,-0.4144556004615526,-0.4568512958473425,0.07950561446335379,1.4970950656057203,0.0,0.6882113771853678,-0.5664572772702333,1.1046517903730857
1923,-1.4879261666467587,-0.47130308268878307,0.83179247469906,-1.6801558099767033,1.334328656870266,0.506018341016389,1.7144284534983059,0.0540296333885314,-1.7618165702686994,-0.651135495119281,-0.4144556004615526,-1.2329876189821647,-1.2186195482047155,1.4970950656057203,0.0,-0.8930772127243898,-0.5664572772702333,1.4848960616177729
1924,-1.4511497669741948,-0.6430329842945962,0.83179247469906,-1.6801558099767033,1.334328656870266,0.506018341016389,1.7144284534983059,0.0540296333885314,-1.7618165702686994,-0.651135495119281,-0.4144556004615526,-1.366905427634856,-1.6464739859728936,1.4970950656057203,0.0,-0.8930772127243898,-0.5664572772702333,1.8651403328624598
1925,-2.174380183717148,-1.8003907894530935,0.83179247469906,-1.6801558099767033,1.334328656870266,0.506018341016389,1.7144284534983059,0.0540296333885314,-1.7618165702686994,-0.651135495119281,-0.4144556004615526,-1.3851872472404383,-2.227154122695774,1.4970950656057203,0.0,-0.8930772127243898,-0.5664572772702333,2.245384604107147
1926,-2.6298967840655036,-1.8003907894530935,0.83179247469906,-1.6801558099767033,1.334328656870266,0.506018341016389,1.7144284534983059,0.0540296333885314,-1.7618165702686994,-0.651135495119281,-0.4144556004615526,-1.6913033243798445,-1.765635419545861,1.4970950656057203,0.0,-0.8930772127243898,-0.5664572772702333,2.625628875351834
1927,0.5138513120822684,0.6887432386447306,0.6256513576937649,-1.4182095638948156,0.7505454136841763,0.6877385628886251,1.3871626595161752,-0.3979034061231674,0.40683742795524463,-0.651135495119281,-0.4144556004615526,-0.5077411071479061,-0.27826082208696634,1.4970950656057203,0.0,-0.8930772127243898,-0.5664572772702333,-1.176813837095037
1928,-0.5857510555915164,0.01225745815277349,0.6256513576937649,-1.4182095638948156,0.7505454136841763,0.6877385628886251,1.3871626595161752,-0.3979034061231674,0.40683742795524463,-0.651135495119281,-0.4144556004615526,-0.18473522712415505,-0.05569205572120481,1.4970950656057203,0.0,0.6882113771853678,-0.5664572772702333,-0.7965695658503499
1929,-0.532383836463084,-0.2194613569980687,0.6256513576937649,-1.4182095638948156,0.7505454136841763,0.6877385628886251,1.3871626595161752,-0.3979034061231674,0.40683742795524463,-0.651135495119281,-0.4144556004615526,-0.5885070773280235,-0.4302956305981107,1.4970950656057203,0.0,-0.8930772127243898,-0.5664572772702333,-0.41632529460566275
1930,-0.12468803895260275,0.44500429854520074,0.6256513576937649,-1.4182095638948156,0.7505454136841763,0.6877385628886251,1.3871626595161752,-0.3979034061231674,0.40683742795524463,-0.651135495119281,-0.4144556004615526,-0.4825166041451535,-0.07014469121451233,1.4970950656057203,0.0,-0.8930772127243898,-0.5664572772702333,-0.03608102336097565
1931,1.137132900776744,2.1355819959441686,0.6256513576937649,-1.4182095638948156,0.7505454136841763,0.6877385628886251,1.3871626595161752,-0.3979034061231674,0.40683742795524463,-0.651135495119281,-0.4144556004615526,-0.3836602166586243,-0.0016584934266425009,1.4970950656057203,0.0,0.6882113771853678,-0.5664572772702333,0.34416324788371144
1932,-2.6298967840655036,-1.8003907894530935,0.6256513576937649,-1.4182095638948156,0.7505454136841763,0.6877385628886251,1.3871626595161752,-0.3979034061231674,0.40683742795524463,-0.651135495119281,-0.4144556004615526,-1.441448503064076,-1.969730659762809,1.4970950656057203,0.0,-0.8930772127243898,-0.5664572772702333,0.7244075191283986
1933,0.14607233718679458,0.40589793168921734,0.6256513576937649,-1.4182095638948156,0.7505454136841763,0.6877385628886251,1.3871626595161752,-0.3979034061231674,0.40683742795524463,-0.651135495119281,-0.4144556004615526,-0.4568512958473425,0.07950561446335379,1.4970950656057203,0.0,-0.8930772127243898,-0.5664572772702333,1.1046517903730857
1934,-1.4879261666467587,-0.47130308268878307,0.6256513576937649,-1.4182095638948156,0.7505454136841763,0.6877385628886251,1.3871626595161752,-0.3979034061231674,0.40683742795524463,-0.651135495119281,-0.4144556004615526,-1.2329876189821647,-1.2186195482047155,1.4970950656057203,0.0,-0.8930772127243898,-0.5664572772702333,1.4848960616177729
1935,-1.4511497669741948,-0.6430329842945962,0.6256513576937649,-1.4182095638948156,0.7505454136841763,0.6877385628886251,1.3871626595161752,-0.3979034061231674,0.40683742795524463,-0.651135495119281,-0.4144556004615526,-1.366905427634856,-1.6464739859728936,1.4970950656057203,0.0,-0.8930772127243898,-0.5664572772702333,1.8651403328624598
1936,-2.6298967840655036,-1.8003907894530935,0.6256513576937649,-1.4182095638948156,0.7505454136841763,0.6877385628886251,1.3871626595161752,-0.3979034061231674,0.40683742795524463,-0.651135495119281,-0.4144556004615526,-0.836349854474637,-1.6631291011824354,1.4970950656057203,0.0,-0.8930772127243898,-0.5664572772702333,2.245384604107147
1937,0.5138513120822684,0.6887432386447306,0.4195102406884698,-0.23945145652632133,-0.41702107268800304,0.14257789727191675,-0.9036978983587384,-0.6238699258790168,0.40683742795524463,1.5357786628062884,-0.4144556004615526,-0.1603111337361137,-0.27826082208696634,1.4970950656057203,0.0,-0.8930772127243898,1.1921382551160753,-1.176813837095037
1938,-0.5857510555915164,0.01225745815277349,0.4195102406884698,-0.23945145652632133,-0.41702107268800304,0.14257789727191675,-0.9036978983587384,-0.6238699258790168,0.40683742795524463,1.5357786628062884,-0.4144556004615526,-0.1293213614795706,-0.05569205572120481,1.4970950656057203,0.0,-0.8930772127243898,-0.5664572772702333,-0.7965695658503499
1939,-0.12468803895260275,0.44500429854520074,0.4195102406884698,-0.23945145652632133,-0.41702107268800304,0.14257789727191675,-0.9036978983587384,-0.6238699258790168,0.40683742795524463,1.5357786628062884,-0.4144556004615526,0.0823985817509374,-0.07014469121451233,1.4970950656057203,0.0,0.6882113771853678,-0.5664572772702333,-0.41632529460566275
1940,-0.532383836463084,-0.2194613569980687,0.4195102406884698,-0.23945145652632133,-0.41702107268800304,0.14257789727191675,-0.9036978983587384,-0.6238699258790168,0.40683742795524463,1.5357786628062884,-0.4144556004615526,-1.0189708481616153,-0.4302956305981107,1.4970950656057203,0.0,0.6882113771853678,-0.5664572772702333,-0.03608102336097565
1941,0.14607233718679458,0.40589793168921734,0.4195102406884698,-0.23945145652632133,-0.41702107268800304,0.14257789727191675,-0.9036978983587384,-0.6238699258790168,0.40683742795524463,1.5357786628062884,-0.4144556004615526,-0.15825210900261702,0.07950561446335379,1.4970950656057203,0.0,-0.8930772127243898,-0.5664572772702333,0.34416324788371144
1942,1.137132900776744,2.1355819959441686,0.4195102406884698,-0.23945145652632133,-0.41702107268800304,0.14257789727191675,-0.9036978983587384,-0.6238699258790168,0.40683742795524463,1.5357786628062884,-0.4144556004615526,-0.580584182156315,-0.0016584934266425009,1.4970950656057203,0.0,-0.8930772127243898,1.1921382551160753,0.7244075191283986
1943,-1.0723119100159018,-1.8003907894530935,0.4195102406884698,-0.23945145652632133,-0.41702107268800304,0.14257789727191675,-0.9036978983587384,-0.6238699258790168,0.40683742795524463,1.5357786628062884,-0.4144556004615526,-0.36704301704885506,-0.7061971702578146,1.4970950656057203,0.0,0.6882113771853678,2.950733787502384,1.1046517903730857
1944,-1.4879261666467587,-0.47130308268878307,0.4195102406884698,-0.23945145652632133,-0.41702107268800304,0.14257789727191675,-0.9036978983587384,-0.6238699258790168,0.40683742795524463,1.5357786628062884,-0.4144556004615526,-0.5115981534796676,-1.2186195482047155,1.4970950656057203,0.0,0.6882113771853678,-0.5664572772702333,1.4848960616177729
1945,-1.4511497669741948,-0.6430329842945962,0.4195102406884698,-0.23945145652632133,-0.41702107268800304,0.14257789727191675,-0.9036978983587384,-0.6238699258790168,0.40683742795524463,1.5357786628062884,-0.4144556004615526,-1.5705418137637461,-1.6464739859728936,1.4970950656057203,0.0,-0.8930772127243898,-0.5664572772702333,1.8651403328624598
1946,-2.6298967840655036,-1.8003907894530935,0.4195102406884698,-0.23945145652632133,-0.41702107268800304,0.14257789727191675,-0.9036978983587384,-0.6238699258790168,0.40683742795524463,1.5357786628062884,-0.4144556004615526,-2.0050058926499936,-1.6631291011824354,1.4970950656057203,0.0,-0.8930772127243898,-0.5664572772702333,2.245384604107147
1947,-2.6298967840655036,-1.8003907894530935,0.4195102406884698,-0.23945145652632133,-0.41702107268800304,0.14257789727191675,-0.9036978983587384,-0.6238699258790168,0.40683742795524463,1.5357786628062884,-0.4144556004615526,-1.3470227887998514,-1.765635419545861,1.4970950656057203,0.0,-0.8930772127243898,-0.5664572772702333,2.625628875351834
1948,-0.5857510555915164,0.01225745815277349,-0.4050542273327106,-0.6323708256491528,-0.41702107268800304,1.0511790066330975,-0.10371484640241935,-0.6238699258790168,0.40683742795524463,-0.651135495119281,-0.4144556004615526,-0.1293213614795706,-0.05569205572120481,1.4970950656057203,0.0,0.6882113771853678,-0.5664572772702333,-1.176813837095037
1949,0.5138513120822684,0.6887432386447306,-0.4050542273327106,-0.6323708256491528,-0.41702107268800304,1.0511790066330975,-0.10371484640241935,-0.6238699258790168,0.40683742795524463,-0.651135495119281,-0.4144556004615526,-0.1603111337361137,-0.27826082208696634,1.4970950656057203,0.0,0.6882113771853678,1.1921382551160753,-0.7965695658503499
1950,-0.532383836463084,-0.2194613569980687,-0.4050542273327106,-0.6323708256491528,-0.41702107268800304,1.0511790066330975,-0.10371484640241935,-0.6238699258790168,0.40683742795524463,-0.651135495119281,-0.4144556004615526,-1.0189708481616153,-0.4302956305981107,1.4970950656057203,0.0,-0.8930772127243898,1.1921382551160753,-0.41632529460566275
1951,-0.12468803895260275,0.44500429854520074,-0.4050542273327106,-0.6323708256491528,-0.41702107268800304,1.0511790066330975,-0.10371484640241935,-0.6238699258790168,0.40683742795524463,-0.651135495119281,-0.4144556004615526,0.0823985817509374,-0.07014469121451233,1.4970950656057203,0.0,0.6882113771853678,2.950733787502384,-0.03608102336097565
1952,1.137132900776744,2.1355819959441686,-0.4050542273327106,-0.6323708256491528,-0.41702107268800304,1.0511790066330975,-0.10371484640241935,-0.6238699258790168,0.40683742795524463,-0.651135495119281,-0.4144556004615526,-0.580584182156315,-0.0016584934266425009,1.4970950656057203,0.0,-0.8930772127243898,1.1921382551160753,0.34416324788371144
1953,-1.0723119100159018,-1.8003907894530935,-0.4050542273327106,-0.6323708256491528,-0.41702107268800304,1.0511790066330975,-0.10371484640241935,-0.6238699258790168,0.40683742795524463,-0.651135495119281,-0.4144556004615526,-0.36704301704885506,-0.7061971702578146,1.4970950656057203,0.0,-0.8930772127243898,-0.5664572772702333,0.7244075191283986
1954,0.14607233718679458,0.40589793168921734,-0.4050542273327106,-0.6323708256491528,-0.41702107268800304,1.0511790066330975,-0.10371484640241935,-0.6238699258790168,0.40683742795524463,-0.651135495119281,-0.4144556004615526,-0.15825210900261702,0.07950561446335379,1.4970950656057203,0.0,-0.8930772127243898,2.950733787502384,1.1046517903730857
1955,-0.9771506043195858,-1.8003907894530935,-0.4050542273327106,-0.6323708256491528,-0.41702107268800304,1.0511790066330975,-0.10371484640241935,-0.6238699258790168,0.40683742795524463,-0.651135495119281,-0.4144556004615526,0.4561260710547693,1.174693203938876,1.4970950656057203,0.0,0.6882113771853678,2.950733787502384,1.4848960616177729
1956,-1.4879261666467587,-0.47130308268878307,-0.4050542273327106,-0.6323708256491528,-0.41702107268800304,1.0511790066330975,-0.10371484640241935,-0.6238699258790168,0.40683742795524463,-0.651135495119281,-0.4144556004615526,-0.5115981534796676,-1.2186195482047155,1.4970950656057203,0.0,-0.8930772127243898,-0.5664572772702333,1.8651403328624598
1957,-0.5857510555915164,0.01225745815277349,0.6256513576937649,0.8083335278012291,0.7505454136841763,0.9300321920516067,1.787154185494335,-0.8498364456348662,0.40683742795524463,-0.651135495119281,-0.4144556004615526,-0.11377137468941635,-0.05569205572120481,1.4970950656057203,0.0,0.6882113771853678,-0.5664572772702333,-1.176813837095037
1958,0.5138513120822684,0.6887432386447306,0.6256513576937649,0.8083335278012291,0.7505454136841763,0.9300321920516067,1.787154185494335,-0.8498364456348662,0.40683742795524463,-0.651135495119281,-0.4144556004615526,-0.23911668036715542,-0.27826082208696634,1.4970950656057203,0.0,-0.8930772127243898,-0.5664572772702333,-0.7965695658503499
1959,-0.12468803895260275,0.44500429854520074,0.6256513576937649,0.8083335278012291,0.7505454136841763,0.9300321920516067,1.787154185494335,-0.8498364456348662,0.40683742795524463,-0.651135495119281,-0.4144556004615526,0.022889866918046866,-0.07014469121451233,1.4970950656057203,0.0,-0.8930772127243898,-0.5664572772702333,-0.41632529460566275
1960,-0.532383836463084,-0.2194613569980687,0.6256513576937649,0.8083335278012291,0.7505454136841763,0.9300321920516067,1.787154185494335,-0.8498364456348662,0.40683742795524463,-0.651135495119281,-0.4144556004615526,0.2899540749570772,-0.4302956305981107,1.4970950656057203,0.0,0.6882113771853678,-0.5664572772702333,-0.03608102336097565
1961,1.137132900776744,2.1355819959441686,0.6256513576937649,0.8083335278012291,0.7505454136841763,0.9300321920516067,1.787154185494335,-0.8498364456348662,0.40683742795524463,-0.651135495119281,-0.4144556004615526,0.5377678517553318,-0.0016584934266425009,1.4970950656057203,0.0,2.2694999670951255,1.1921382551160753,0.34416324788371144
1962,-1.0723119100159018,-1.8003907894530935,0.6256513576937649,0.8083335278012291,0.7505454136841763,0.9300321920516067,1.787154185494335,-0.8498364456348662,0.40683742795524463,-0.651135495119281,-0.4144556004615526,-0.6249431150064074,-0.7061971702578146,1.4970950656057203,0.0,-0.8930772127243898,1.1921382551160753,0.7244075191283986
1963,0.14607233718679458,0.40589793168921734,0.6256513576937649,0.8083335278012291,0.7505454136841763,0.9300321920516067,1.787154185494335,-0.8498364456348662,0.40683742795524463,-0.651135495119281,-0.4144556004615526,-0.3797567697694883,0.07950561446335379,1.4970950656057203,0.0,-0.8930772127243898,-0.5664572772702333,1.1046517903730857
1964,-0.9771506043195858,-1.8003907894530935,0.6256513576937649,0.8083335278012291,0.7505454136841763,0.9300321920516067,1.787154185494335,-0.8498364456348662,0.40683742795524463,-0.651135495119281,-0.4144556004615526,0.1624163429433899,1.174693203938876,1.4970950656057203,0.0,-0.8930772127243898,1.1921382551160753,1.4848960616177729
1965,-1.4879261666467587,-0.47130308268878307,0.6256513576937649,0.8083335278012291,0.7505454136841763,0.9300321920516067,1.787154185494335,-0.8498364456348662,0.40683742795524463,-0.651135495119281,-0.4144556004615526,-0.6943293484904106,-1.2186195482047155,1.4970950656057203,0.0,-0.8930772127243898,-0.5664572772702333,1.8651403328624598
1966,0.5138513120822684,0.6887432386447306,1.8624980597255354,-0.23945145652632133,-0.41702107268800304,-0.7660232120892639,-1.1218750943468254,-1.5277360049024145,0.40683742795524463,1.5357786628062884,2.412803684849147,-0.12974476656561362,0.8919020892990498,1.4970950656057203,0.0,0.6882113771853678,1.1921382551160753,-1.176813837095037
1967,-0.532383836463084,-0.2194613569980687,1.8624980597255354,-0.23945145652632133,-0.41702107268800304,-0.7660232120892639,-1.1218750943468254,-1.5277360049024145,0.40683742795524463,1.5357786628062884,2.412803684849147,-1.8521218561704451,0.2877400603618869,1.4970950656057203,0.0,-0.8930772127243898,-0.5664572772702333,-0.7965695658503499
1968,-0.12468803895260275,0.44500429854520074,1.8624980597255354,-0.23945145652632133,-0.41702107268800304,-0.7660232120892639,-1.1218750943468254,-1.5277360049024145,0.40683742795524463,1.5357786628062884,2.412803684849147,-1.1333250218112523,0.14456977765079307,1.4970950656057203,0.0,-0.8930772127243898,-0.5664572772702333,-0.41632529460566275
1969,-1.0723119100159018,-1.8003907894530935,1.8624980597255354,-0.23945145652632133,-0.41702107268800304,-0.7660232120892639,-1.1218750943468254,-1.5277360049024145,0.40683742795524463,1.5357786628062884,2.412803684849147,-2.0050058926499936,-1.397138720245787,1.4970950656057203,0.0,-0.8930772127243898,-0.5664572772702333,-0.03608102336097565
1970,1.137132900776744,2.1355819959441686,1.8624980597255354,-0.23945145652632133,-0.41702107268800304,-0.7660232120892639,-1.1218750943468254,-1.5277360049024145,0.40683742795524463,1.5357786628062884,2.412803684849147,-0.5910765081926405,1.678687911566631,1.4970950656057203,0.0,-0.8930772127243898,-0.5664572772702333,0.34416324788371144
1971,-0.9771506043195858,-1.8003907894530935,1.8624980597255354,-0.23945145652632133,-0.41702107268800304,-0.7660232120892639,-1.1218750943468254,-1.5277360049024145,0.40683742795524463,1.5357786628062884,2.412803684849147,-1.539966746488738,-0.36524966972237616,1.4970950656057203,0.0,-0.8930772127243898,-0.5664572772702333,0.7244075191283986
1972,0.14607233718679458,0.40589793168921734,1.8624980597255354,-0.23945145652632133,-0.41702107268800304,-0.7660232120892639,-1.1218750943468254,-1.5277360049024145,0.40683742795524463,1.5357786628062884,2.412803684849147,-1.027218547234946,-0.2505478025169911,1.4970950656057203,0.0,-0.8930772127243898,-0.5664572772702333,1.1046517903730857
1973,-2.6298967840655036,-1.8003907894530935,1.8624980597255354,-0.23945145652632133,-0.41702107268800304,-0.7660232120892639,-1.1218750943468254,-1.5277360049024145,0.40683742795524463,1.5357786628062884,2.412803684849147,-0.6557124846154216,-0.6233948543144207,1.4970950656057203,0.0,-0.8930772127243898,2.950733787502384,1.4848960616177729
1974,-1.4511497669741948,-0.6430329842945962,1.8624980597255354,-0.23945145652632133,-0.41702107268800304,-0.7660232120892639,-1.1218750943468254,-1.5277360049024145,0.40683742795524463,1.5357786628062884,2.412803684849147,-1.1428545362820555,-1.5947066114855315,1.4970950656057203,0.0,-0.8930772127243898,1.1921382551160753,1.8651403328624598
1975,-2.6298967840655036,-1.8003907894530935,1.8624980597255354,-0.23945145652632133,-0.41702107268800304,-0.7660232120892639,-1.1218750943468254,-1.5277360049024145,0.40683742795524463,1.5357786628062884,2.412803684849147,-1.7855370563379316,-2.4648772236710474,1.4970950656057203,0.0,-0.8930772127243898,-0.5664572772702333,2.245384604107147
1976,-0.8536955358016,-1.8003907894530935,1.8624980597255354,-0.23945145652632133,-0.41702107268800304,-0.7660232120892639,-1.1218750943468254,-1.5277360049024145,0.40683742795524463,1.5357786628062884,2.412803684849147,-0.9127831726099034,-1.0221893014464973,1.4970950656057203,0.0,-0.8930772127243898,-0.5664572772702333,2.625628875351834
1977,-0.532383836463084,-0.2194613569980687,2.274780293736126,-0.6323708256491528,-0.41702107268800304,-1.432330692287463,-1.1218750943468254,-1.9796690444141132,0.40683742795524463,1.5357786628062884,2.412803684849147,-1.6650237887037873,-2.0510203636035658,1.4970950656057203,0.0,-0.8930772127243898,-0.5664572772702333,-1.176813837095037
1978,0.5138513120822684,0.6887432386447306,2.274780293736126,-0.6323708256491528,-0.41702107268800304,-1.432330692287463,-1.1218750943468254,-1.9796690444141132,0.40683742795524463,1.5357786628062884,2.412803684849147,0.533475800198184,-0.6278817241495597,1.4970950656057203,0.0,-0.8930772127243898,-0.5664572772702333,-0.7965695658503499
1979,-1.0723119100159018,-1.8003907894530935,2.274780293736126,-0.6323708256491528,-0.41702107268800304,-1.432330692287463,-1.1218750943468254,-1.9796690444141132,0.40683742795524463,1.5357786628062884,2.412803684849147,-0.8625661693912711,-1.9149471622260248,1.4970950656057203,0.0,-0.8930772127243898,1.1921382551160753,-0.41632529460566275
1980,-0.12468803895260275,0.44500429854520074,2.274780293736126,-0.6323708256491528,-0.41702107268800304,-1.432330692287463,-1.1218750943468254,-1.9796690444141132,0.40683742795524463,1.5357786628062884,2.412803684849147,-0.3740263009337284,0.11721170315905376,1.4970950656057203,0.0,-0.8930772127243898,-0.5664572772702333,-0.03608102336097565
1981,1.137132900776744,2.1355819959441686,2.274780293736126,-0.6323708256491528,-0.41702107268800304,-1.432330692287463,-1.1218750943468254,-1.9796690444141132,0.40683742795524463,1.5357786628062884,2.412803684849147,-0.5507196234161049,-0.5375072465371281,1.4970950656057203,0.0,-0.8930772127243898,-0.5664572772702333,0.34416324788371144
1982,-2.6298967840655036,-1.8003907894530935,2.274780293736126,-0.6323708256491528,-0.41702107268800304,-1.432330692287463,-1.1218750943468254,-1.9796690444141132,0.40683742795524463,1.5357786628062884,2.412803684849147,-1.1943881553161912,-1.5671301092533392,1.4970950656057203,0.0,-0.8930772127243898,-0.5664572772702333,0.7244075191283986
1983,0.14607233718679458,0.40589793168921734,2.274780293736126,-0.6323708256491528,-0.41702107268800304,-1.432330692287463,-1.1218750943468254,-1.9796690444141132,0.40683742795524463,1.5357786628062884,2.412803684849147,-0.27662573093482634,0.4785275904917357,1.4970950656057203,0.0,-0.8930772127243898,-0.5664572772702333,1.1046517903730857
1984,-0.9771506043195858,-1.8003907894530935,2.274780293736126,-0.6323708256491528,-0.41702107268800304,-1.432330692287463,-1.1218750943468254,-1.9796690444141132,0.40683742795524463,1.5357786628062884,2.412803684849147,-2.0050058926499936,-2.800300322604196,1.4970950656057203,0.0,-0.8930772127243898,-0.5664572772702333,1.4848960616177729
1985,-1.4879261666467587,-0.47130308268878307,2.274780293736126,-0.6323708256491528,-0.41702107268800304,-1.432330692287463,-1.1218750943468254,-1.9796690444141132,0.40683742795524463,1.5357786628062884,2.412803684849147,-1.5881508252873968,-2.4448819842637457,1.4970950656057203,0.0,-0.8930772127243898,-0.5664572772702333,1.8651403328624598
1986,-0.8536955358016,-1.8003907894530935,2.274780293736126,-0.6323708256491528,-0.41702107268800304,-1.432330692287463,-1.1218750943468254,-1.9796690444141132,0.40683742795524463,1.5357786628062884,2.412803684849147,-1.4526536576630682,-2.3824817293942475,1.4970950656057203,0.0,-0.8930772127243898,-0.5664572772702333,2.245384604107147
1987,-1.7471134102256074,-0.8293151313463419,2.274780293736126,-0.6323708256491528,-0.41702107268800304,-1.432330692287463,-1.1218750943468254,-1.9796690444141132,0.40683742795524463,1.5357786628062884,2.412803684849147,-1.1343922346308675,-2.170027077527046,1.4970950656057203,0.0,-0.8930772127243898,-0.5664572772702333,2.625628875351834
1988,-0.5857510555915164,0.24338792765866732,-0.19891311032741552,-0.23945145652632133,0.16676217049808661,1.475192857668315,2.5144115054546248,-0.171936886367318,0.40683742795524463,1.5357786628062884,-0.4144556004615526,-0.18473522712415505,0.6984661228162083,1.690902725532316,0.0,-0.8930772127243898,-0.5664572772702333,-1.176813837095037
1989,0.5138513120822684,0.1676179454852192,-0.19891311032741552,-0.23945145652632133,0.16676217049808661,1.475192857668315,2.5144115054546248,-0.171936886367318,0.40683742795524463,1.5357786628062884,-0.4144556004615526,-0.5077411071479061,0.13442198887558052,1.690902725532316,0.0,-0.8930772127243898,-0.5664572772702333,-0.7965695658503499
1990,0.30486590107301353,-1.8003907894530935,-0.19891311032741552,-0.23945145652632133,0.16676217049808661,1.475192857668315,2.5144115054546248,-0.171936886367318,0.40683742795524463,1.5357786628062884,-0.4144556004615526,0.05098540440835128,0.467606203469085,1.690902725532316,0.0,-0.8930772127243898,-0.5664572772702333,-0.41632529460566275
1991,-0.12468803895260275,0.47042231988960603,-0.19891311032741552,-0.23945145652632133,0.16676217049808661,1.475192857668315,2.5144115054546248,-0.171936886367318,0.40683742795524463,1.5357786628062884,-0.4144556004615526,-0.4825166041451535,-0.9317784192106568,1.690902725532316,0.0,0.6882113771853678,-0.5664572772702333,-0.03608102336097565
1992,-0.9771506043195858,0.036260470984012194,-0.19891311032741552,-0.23945145652632133,0.16676217049808661,1.475192857668315,2.5144115054546248,-0.171936886367318,0.40683742795524463,1.5357786628062884,-0.4144556004615526,-1.3249593237682415,-0.0677874918487903,1.690902725532316,0.0,-0.8930772127243898,-0.5664572772702333,0.34416324788371144
1993,-1.0723119100159018,0.041905610210223564,-0.19891311032741552,-0.23945145652632133,0.16676217049808661,1.475192857668315,2.5144115054546248,-0.171936886367318,0.40683742795524463,1.5357786628062884,-0.4144556004615526,0.28721064200230556,-0.3942550534233649,1.690902725532316,0.0,-0.8930772127243898,1.1921382551160753,0.7244075191283986
1994,0.14607233718679458,0.452310210921076,-0.19891311032741552,-0.23945145652632133,0.16676217049808661,1.475192857668315,2.5144115054546248,-0.171936886367318,0.40683742795524463,1.5357786628062884,-0.4144556004615526,-0.4568512958473425,-0.45426807511282824,1.690902725532316,0.0,-0.8930772127243898,2.950733787502384,1.1046517903730857
1995,-0.5857510555915164,0.24338792765866732,-0.4050542273327106,-1.4182095638948156,3.085678386428535,1.4146194503775698,0.33263954557375464,0.2799961531443808,-1.7618165702686994,-0.651135495119281,2.412803684849147,-0.1293213614795706,0.6984661228162083,1.690902725532316,0.0,0.6882113771853678,-0.5664572772702333,-1.176813837095037
1996,-2.6298967840655036,-1.8003907894530935,-0.4050542273327106,-1.4182095638948156,3.085678386428535,1.4146194503775698,0.33263954557375464,0.2799961531443808,-1.7618165702686994,-0.651135495119281,2.412803684849147,-0.9652216025128435,-0.5294982293871848,1.690902725532316,0.0,0.6882113771853678,-0.5664572772702333,-0.7965695658503499
1997,-0.532383836463084,-0.7422101862411079,-0.4050542273327106,-1.4182095638948156,3.085678386428535,1.4146194503775698,0.33263954557375464,0.2799961531443808,-1.7618165702686994,-0.651135495119281,2.412803684849147,-1.0189708481616153,-0.4042299202373856,1.690902725532316,0.0,-0.8930772127243898,-0.5664572772702333,-0.41632529460566275
1998,0.30486590107301353,-1.8003907894530935,-0.4050542273327106,-1.4182095638948156,3.085678386428535,1.4146194503775698,0.33263954557375464,0.2799961531443808,-1.7618165702686994,-0.651135495119281,2.412803684849147,-0.6036336590321345,0.467606203469085,1.690902725532316,0.0,-0.8930772127243898,-0.5664572772702333,-0.03608102336097565
1999,0.14607233718679458,0.452310210921076,-0.4050542273327106,-1.4182095638948156,3.085678386428535,1.4146194503775698,0.33263954557375464,0.2799961531443808,-1.7618165702686994,-0.651135495119281,2.412803684849147,-0.15825210900261702,-0.45426807511282824,1.690902725532316,0.0,-0.8930772127243898,-0.5664572772702333,0.34416324788371144
2000,-1.0723119100159018,0.041905610210223564,-0.4050542273327106,-1.4182095638948156,3.085678386428535,1.4146194503775698,0.33263954557375464,0.2799961531443808,-1.7618165702686994,-0.651135495119281,2.412803684849147,-0.36704301704885506,-0.3942550534233649,1.690902725532316,0.0,-0.8930772127243898,-0.5664572772702333,0.7244075191283986
2001,-0.9771506043195858,0.036260470984012194,-0.4050542273327106,-1.4182095638948156,3.085678386428535,1.4146194503775698,0.33263954557375464,0.2799961531443808,-1.7618165702686994,-0.651135495119281,2.412803684849147,0.4561260710547693,-0.0677874918487903,1.690902725532316,0.0,-0.8930772127243898,2.950733787502384,1.1046517903730857
2002,-1.4879261666467587,-0.2989103613057497,-0.4050542273327106,-1.4182095638948156,3.085678386428535,1.4146194503775698,0.33263954557375464,0.2799961531443808,-1.7618165702686994,-0.651135495119281,2.412803684849147,-0.5115981534796676,1.5754717030467336,1.690902725532316,0.0,-0.8930772127243898,-0.5664572772702333,1.4848960616177729
2003,-0.8536955358016,-0.9925773241128382,-0.4050542273327106,-1.4182095638948156,3.085678386428535,1.4146194503775698,0.33263954557375464,0.2799961531443808,-1.7618165702686994,-0.651135495119281,2.412803684849147,-0.7668708198758847,-0.6236314843665781,1.690902725532316,0.0,-0.8930772127243898,-0.5664572772702333,1.8651403328624598
2004,-2.6298967840655036,-1.5092490641624885,-0.4050542273327106,-1.4182095638948156,3.085678386428535,1.4146194503775698,0.33263954557375464,0.2799961531443808,-1.7618165702686994,-0.651135495119281,2.412803684849147,-1.990122913872099,-2.800300322604196,1.690902725532316,0.0,-0.8930772127243898,-0.5664572772702333,2.245384604107147
2005,-0.5857510555915164,0.24338792765866732,0.83179247469906,-1.156263317812928,0.7505454136841763,0.14257789727191675,0.07809948358765315,0.0540296333885314,0.40683742795524463,-0.651135495119281,-0.4144556004615526,-0.1293213614795706,0.6984661228162083,1.690902725532316,0.0,0.6882113771853678,-0.5664572772702333,-1.176813837095037
2006,-2.6298967840655036,-1.8003907894530935,0.83179247469906,-1.156263317812928,0.7505454136841763,0.14257789727191675,0.07809948358765315,0.0540296333885314,0.40683742795524463,-0.651135495119281,-0.4144556004615526,-0.9652216025128435,-0.5294982293871848,1.690902725532316,0.0,-0.8930772127243898,-0.5664572772702333,-0.7965695658503499
2007,0.30486590107301353,-1.8003907894530935,0.83179247469906,-1.156263317812928,0.7505454136841763,0.14257789727191675,0.07809948358765315,0.0540296333885314,0.40683742795524463,-0.651135495119281,-0.4144556004615526,-0.6036336590321345,0.467606203469085,1.690902725532316,0.0,-0.8930772127243898,-0.5664572772702333,-0.41632529460566275
2008,-0.532383836463084,-0.7422101862411079,0.83179247469906,-1.156263317812928,0.7505454136841763,0.14257789727191675,0.07809948358765315,0.0540296333885314,0.40683742795524463,-0.651135495119281,-0.4144556004615526,-1.0189708481616153,-0.4042299202373856,1.690902725532316,0.0,-0.8930772127243898,-0.5664572772702333,-0.03608102336097565
2009,-1.0723119100159018,0.041905610210223564,0.83179247469906,-1.156263317812928,0.7505454136841763,0.14257789727191675,0.07809948358765315,0.0540296333885314,0.40683742795524463,-0.651135495119281,-0.4144556004615526,-0.36704301704885506,-0.3942550534233649,1.690902725532316,0.0,-0.8930772127243898,-0.5664572772702333,0.34416324788371144
2010,-0.9771506043195858,0.036260470984012194,0.83179247469906,-1.156263317812928,0.7505454136841763,0.14257789727191675,0.07809948358765315,0.0540296333885314,0.40683742795524463,-0.651135495119281,-0.4144556004615526,0.4561260710547693,-0.0677874918487903,1.690902725532316,0.0,0.6882113771853678,2.950733787502384,0.7244075191283986
2011,0.14607233718679458,0.452310210921076,0.83179247469906,-1.156263317812928,0.7505454136841763,0.14257789727191675,0.07809948358765315,0.0540296333885314,0.40683742795524463,-0.651135495119281,-0.4144556004615526,-0.15825210900261702,-0.45426807511282824,1.690902725532316,0.0,-0.8930772127243898,1.1921382551160753,1.1046517903730857
2012,-1.4879261666467587,-0.2989103613057497,0.83179247469906,-1.156263317812928,0.7505454136841763,0.14257789727191675,0.07809948358765315,0.0540296333885314,0.40683742795524463,-0.651135495119281,-0.4144556004615526,-0.5115981534796676,1.5754717030467336,1.690902725532316,0.0,-0.8930772127243898,1.1921382551160753,1.4848960616177729
2013,-0.8536955358016,-0.9925773241128382,0.83179247469906,-1.156263317812928,0.7505454136841763,0.14257789727191675,0.07809948358765315,0.0540296333885314,0.40683742795524463,-0.651135495119281,-0.4144556004615526,-0.7668708198758847,-0.6236314843665781,1.690902725532316,0.0,-0.8930772127243898,-0.5664572772702333,1.8651403328624598
2014,-0.5857510555915164,0.24338792765866732,1.037933591704355,-0.7633439486900966,0.16676217049808661,0.6877385628886251,-0.28552917639249187,-0.171936886367318,0.40683742795524463,-0.651135495119281,-0.4144556004615526,-0.11377137468941635,0.6984661228162083,1.690902725532316,0.0,2.2694999670951255,-0.5664572772702333,-1.176813837095037
2015,-2.6298967840655036,-1.8003907894530935,1.037933591704355,-0.7633439486900966,0.16676217049808661,0.6877385628886251,-0.28552917639249187,-0.171936886367318,0.40683742795524463,-0.651135495119281,-0.4144556004615526,0.4211110504459819,-0.5294982293871848,1.690902725532316,0.0,0.6882113771853678,-0.5664572772702333,-0.7965695658503499
2016,0.30486590107301353,-1.8003907894530935,1.037933591704355,-0.7633439486900966,0.16676217049808661,0.6877385628886251,-0.28552917639249187,-0.171936886367318,0.40683742795524463,-0.651135495119281,-0.4144556004615526,0.2718346573023064,0.467606203469085,1.690902725532316,0.0,0.6882113771853678,2.950733787502384,-0.41632529460566275
2017,-0.532383836463084,-0.7422101862411079,1.037933591704355,-0.7633439486900966,0.16676217049808661,0.6877385628886251,-0.28552917639249187,-0.171936886367318,0.40683742795524463,-0.651135495119281,-0.4144556004615526,0.2899540749570772,-0.4042299202373856,1.690902725532316,0.0,-0.8930772127243898,2.950733787502384,-0.03608102336097565
2018,-0.9771506043195858,0.036260470984012194,1.037933591704355,-0.7633439486900966,0.16676217049808661,0.6877385628886251,-0.28552917639249187,-0.171936886367318,0.40683742795524463,-0.651135495119281,-0.4144556004615526,0.1624163429433899,-0.0677874918487903,1.690902725532316,0.0,-0.8930772127243898,-0.5664572772702333,0.34416324788371144
2019,0.14607233718679458,0.452310210921076,1.037933591704355,-0.7633439486900966,0.16676217049808661,0.6877385628886251,-0.28552917639249187,-0.171936886367318,0.40683742795524463,-0.651135495119281,-0.4144556004615526,-0.3797567697694883,-0.45426807511282824,1.690902725532316,0.0,-0.8930772127243898,1.1921382551160753,0.7244075191283986
2020,-1.0723119100159018,0.041905610210223564,1.037933591704355,-0.7633439486900966,0.16676217049808661,0.6877385628886251,-0.28552917639249187,-0.171936886367318,0.40683742795524463,-0.651135495119281,-0.4144556004615526,-0.6249431150064074,-0.3942550534233649,1.690902725532316,0.0,-0.8930772127243898,1.1921382551160753,1.1046517903730857
2021,-1.4879261666467587,-0.2989103613057497,1.037933591704355,-0.7633439486900966,0.16676217049808661,0.6877385628886251,-0.28552917639249187,-0.171936886367318,0.40683742795524463,-0.651135495119281,-0.4144556004615526,-0.6943293484904106,1.5754717030467336,1.690902725532316,0.0,-0.8930772127243898,1.1921382551160753,1.4848960616177729
2022,-0.5857510555915164,0.24338792765866732,-0.4050542273327106,0.15346791259651008,-0.41702107268800304,0.02143108269042598,-0.8673350323607238,-0.3979034061231674,0.40683742795524463,1.5357786628062884,2.412803684849147,0.2680124113885759,0.6263212603757511,1.690902725532316,0.0,0.6882113771853678,2.950733787502384,-1.176813837095037
2023,-0.7986357834816118,-1.8003907894530935,-0.4050542273327106,0.15346791259651008,-0.41702107268800304,0.02143108269042598,-0.8673350323607238,-0.3979034061231674,0.40683742795524463,1.5357786628062884,2.412803684849147,-0.16594300138745263,-0.17593652684058492,1.690902725532316,0.0,-0.8930772127243898,-0.5664572772702333,-0.7965695658503499
2024,-0.12468803895260275,0.47042231988960603,-0.4050542273327106,0.15346791259651008,-0.41702107268800304,0.02143108269042598,-0.8673350323607238,-0.3979034061231674,0.40683742795524463,1.5357786628062884,2.412803684849147,0.11414816313448962,-0.37173879384500064,1.690902725532316,0.0,2.2694999670951255,1.1921382551160753,-0.41632529460566275
2025,-0.532383836463084,-0.7422101862411079,-0.4050542273327106,0.15346791259651008,-0.41702107268800304,0.02143108269042598,-0.8673350323607238,-0.3979034061231674,0.40683742795524463,1.5357786628062884,2.412803684849147,-0.7963293737390671,-1.826458444106171,1.690902725532316,0.0,-0.8930772127243898,-0.5664572772702333,-0.03608102336097565
2026,0.30486590107301353,-1.8003907894530935,-0.4050542273327106,0.15346791259651008,-0.41702107268800304,0.02143108269042598,-0.8673350323607238,-0.3979034061231674,0.40683742795524463,1.5357786628062884,2.412803684849147,-0.8980335954344609,-1.3388549181682432,1.690902725532316,0.0,-0.8930772127243898,-0.5664572772702333,0.34416324788371144
2027,-1.1426493955694013,-1.8003907894530935,-0.4050542273327106,0.15346791259651008,-0.41702107268800304,0.02143108269042598,-0.8673350323607238,-0.3979034061231674,0.40683742795524463,1.5357786628062884,2.412803684849147,-1.0241387102392085,-1.291028344164887,1.690902725532316,0.0,-0.8930772127243898,-0.5664572772702333,0.7244075191283986
2028,0.14607233718679458,0.452310210921076,-0.4050542273327106,0.15346791259651008,-0.41702107268800304,0.02143108269042598,-0.8673350323607238,-0.3979034061231674,0.40683742795524463,1.5357786628062884,2.412803684849147,0.7285205431222044,-0.3217461447488189,1.690902725532316,0.0,-0.8930772127243898,-0.5664572772702333,1.1046517903730857
2029,-1.3858249755927365,-1.8003907894530935,-0.4050542273327106,0.15346791259651008,-0.41702107268800304,0.02143108269042598,-0.8673350323607238,-0.3979034061231674,0.40683742795524463,1.5357786628062884,2.412803684849147,-1.261442760792122,-1.8575570936531678,1.690902725532316,0.0,-0.8930772127243898,1.1921382551160753,1.4848960616177729
2030,-0.8536955358016,-0.9925773241128382,-0.4050542273327106,0.15346791259651008,-0.41702107268800304,0.02143108269042598,-0.8673350323607238,-0.3979034061231674,0.40683742795524463,1.5357786628062884,2.412803684849147,-0.5852068376847568,-1.6026155159211009,1.690902725532316,0.0,-0.8930772127243898,1.1921382551160753,1.8651403328624598
2031,-2.174380183717148,-1.1900708070367982,-0.4050542273327106,0.15346791259651008,-0.41702107268800304,0.02143108269042598,-0.8673350323607238,-0.3979034061231674,0.40683742795524463,1.5357786628062884,2.412803684849147,-1.3236891085101126,-1.9908007456762573,1.690902725532316,0.0,-0.8930772127243898,-0.5664572772702333,2.245384604107147
2032,-2.0150279340960173,-1.8003907894530935,-0.4050542273327106,0.15346791259651008,-0.41702107268800304,0.02143108269042598,-0.8673350323607238,-0.3979034061231674,0.40683742795524463,1.5357786628062884,2.412803684849147,-0.9823086077660304,-1.490844220900127,1.690902725532316,0.0,-0.8930772127243898,1.1921382551160753,2.625628875351834
2033,-0.5857510555915164,0.24338792765866732,-1.229618695353891,0.2844410356374539,-0.41702107268800304,-0.9477434339615001,-0.6127949703746224,-0.3979034061231674,0.40683742795524463,1.5357786628062884,2.412803684849147,0.2680124113885759,0.6263212603757511,1.690902725532316,0.0,-0.8930772127243898,-0.5664572772702333,-1.176813837095037
2034,-0.7986357834816118,-1.8003907894530935,-1.229618695353891,0.2844410356374539,-0.41702107268800304,-0.9477434339615001,-0.6127949703746224,-0.3979034061231674,0.40683742795524463,1.5357786628062884,2.412803684849147,-0.16594300138745263,-0.17593652684058492,1.690902725532316,0.0,0.6882113771853678,-0.5664572772702333,-0.7965695658503499
2035,-0.12468803895260275,0.47042231988960603,-1.229618695353891,0.2844410356374539,-0.41702107268800304,-0.9477434339615001,-0.6127949703746224,-0.3979034061231674,0.40683742795524463,1.5357786628062884,2.412803684849147,0.11414816313448962,-0.37173879384500064,1.690902725532316,0.0,-0.8930772127243898,-0.5664572772702333,-0.41632529460566275
2036,-0.532383836463084,-0.7422101862411079,-1.229618695353891,0.2844410356374539,-0.41702107268800304,-0.9477434339615001,-0.6127949703746224,-0.3979034061231674,0.40683742795524463,1.5357786628062884,2.412803684849147,-0.7963293737390671,-1.826458444106171,1.690902725532316,0.0,-0.8930772127243898,-0.5664572772702333,-0.03608102336097565
2037,0.30486590107301353,-1.8003907894530935,-1.229618695353891,0.2844410356374539,-0.41702107268800304,-0.9477434339615001,-0.6127949703746224,-0.3979034061231674,0.40683742795524463,1.5357786628062884,2.412803684849147,-0.8980335954344609,-1.3388549181682432,1.690902725532316,0.0,-0.8930772127243898,-0.5664572772702333,0.34416324788371144
2038,-1.1426493955694013,-1.8003907894530935,-1.229618695353891,0.2844410356374539,-0.41702107268800304,-0.9477434339615001,-0.6127949703746224,-0.3979034061231674,0.40683742795524463,1.5357786628062884,2.412803684849147,-1.0241387102392085,-1.291028344164887,1.690902725532316,0.0,-0.8930772127243898,-0.5664572772702333,0.7244075191283986
2039,0.14607233718679458,0.452310210921076,-1.229618695353891,0.2844410356374539,-0.41702107268800304,-0.9477434339615001,-0.6127949703746224,-0.3979034061231674,0.40683742795524463,1.5357786628062884,2.412803684849147,0.7285205431222044,-0.3217461447488189,1.690902725532316,0.0,0.6882113771853678,4.709329319888692,1.1046517903730857
2040,-1.3858249755927365,-1.8003907894530935,-1.229618695353891,0.2844410356374539,-0.41702107268800304,-0.9477434339615001,-0.6127949703746224,-0.3979034061231674,0.40683742795524463,1.5357786628062884,2.412803684849147,-1.261442760792122,-1.8575570936531678,1.690902725532316,0.0,-0.8930772127243898,-0.5664572772702333,1.4848960616177729
2041,-0.8536955358016,-0.9925773241128382,-1.229618695353891,0.2844410356374539,-0.41702107268800304,-0.9477434339615001,-0.6127949703746224,-0.3979034061231674,0.40683742795524463,1.5357786628062884,2.412803684849147,-0.5852068376847568,-1.6026155159211009,1.690902725532316,0.0,-0.8930772127243898,-0.5664572772702333,1.8651403328624598
2042,-2.174380183717148,-1.1900708070367982,-1.229618695353891,0.2844410356374539,-0.41702107268800304,-0.9477434339615001,-0.6127949703746224,-0.3979034061231674,0.40683742795524463,1.5357786628062884,2.412803684849147,-1.3236891085101126,-1.9908007456762573,1.690902725532316,0.0,-0.8930772127243898,-0.5664572772702333,2.245384604107147
2043,-2.0150279340960173,-1.8003907894530935,-1.229618695353891,0.2844410356374539,-0.41702107268800304,-0.9477434339615001,-0.6127949703746224,-0.3979034061231674,0.40683742795524463,1.5357786628062884,2.412803684849147,-0.9823086077660304,-1.490844220900127,1.690902725532316,0.0,-0.8930772127243898,-0.5664572772702333,2.625628875351834
2044,-0.5857510555915164,0.24338792765866732,0.4195102406884698,-0.23945145652632133,-0.41702107268800304,-1.6746243214504446,-1.0491493623507964,1.1838622321677783,0.40683742795524463,1.5357786628062884,-0.4144556004615526,0.3084272968618294,0.6263212603757511,1.690902725532316,0.0,-0.8930772127243898,2.950733787502384,-1.176813837095037
2045,-1.0723119100159018,0.041905610210223564,0.4195102406884698,-0.23945145652632133,-0.41702107268800304,-1.6746243214504446,-1.0491493623507964,1.1838622321677783,0.40683742795524463,1.5357786628062884,-0.4144556004615526,0.04062647997447753,-0.9337351677188818,1.690902725532316,0.0,0.6882113771853678,1.1921382551160753,-0.7965695658503499
2046,-0.12468803895260275,0.47042231988960603,0.4195102406884698,-0.23945145652632133,-0.41702107268800304,-1.6746243214504446,-1.0491493623507964,1.1838622321677783,0.40683742795524463,1.5357786628062884,-0.4144556004615526,-0.09163250875207317,-0.37173879384500064,1.690902725532316,0.0,0.6882113771853678,1.1921382551160753,-0.41632529460566275
2047,-0.532383836463084,-0.7422101862411079,0.4195102406884698,-0.23945145652632133,-0.41702107268800304,-1.6746243214504446,-1.0491493623507964,1.1838622321677783,0.40683742795524463,1.5357786628062884,-0.4144556004615526,-2.0050058926499936,-1.826458444106171,1.690902725532316,0.0,-0.8930772127243898,-0.5664572772702333,-0.03608102336097565
2048,-0.9771506043195858,0.036260470984012194,0.4195102406884698,-0.23945145652632133,-0.41702107268800304,-1.6746243214504446,-1.0491493623507964,1.1838622321677783,0.40683742795524463,1.5357786628062884,-0.4144556004615526,-1.7015421873715113,-2.3271066567270697,1.690902725532316,0.0,-0.8930772127243898,-0.5664572772702333,0.34416324788371144
2049,0.14607233718679458,0.452310210921076,0.4195102406884698,-0.23945145652632133,-0.41702107268800304,-1.6746243214504446,-1.0491493623507964,1.1838622321677783,0.40683742795524463,1.5357786628062884,-0.4144556004615526,0.13684963582999965,-0.3217461447488189,1.690902725532316,0.0,0.6882113771853678,2.950733787502384,0.7244075191283986
2050,-0.7986357834816118,-1.8003907894530935,0.4195102406884698,-0.23945145652632133,-0.41702107268800304,-1.6746243214504446,-1.0491493623507964,1.1838622321677783,0.40683742795524463,1.5357786628062884,-0.4144556004615526,0.21690219744048303,-0.17593652684058492,1.690902725532316,0.0,-0.8930772127243898,-0.5664572772702333,1.1046517903730857
2051,-1.7471134102256074,-1.2679752178411594,0.4195102406884698,-0.23945145652632133,-0.41702107268800304,-1.6746243214504446,-1.0491493623507964,1.1838622321677783,0.40683742795524463,1.5357786628062884,-0.4144556004615526,-1.868907257800697,-1.9782120269014827,1.690902725532316,0.0,-0.8930772127243898,-0.5664572772702333,1.4848960616177729
2052,-0.8536955358016,-0.9925773241128382,0.4195102406884698,-0.23945145652632133,-0.41702107268800304,-1.6746243214504446,-1.0491493623507964,1.1838622321677783,0.40683742795524463,1.5357786628062884,-0.4144556004615526,-2.0050058926499936,-1.6026155159211009,1.690902725532316,0.0,-0.8930772127243898,-0.5664572772702333,1.8651403328624598
2053,-2.174380183717148,-1.1900708070367982,0.4195102406884698,-0.23945145652632133,-0.41702107268800304,-1.6746243214504446,-1.0491493623507964,1.1838622321677783,0.40683742795524463,1.5357786628062884,-0.4144556004615526,-2.0050058926499936,-1.9908007456762573,1.690902725532316,0.0,-0.8930772127243898,-0.5664572772702333,2.245384604107147
2054,-2.0150279340960173,-1.8003907894530935,0.4195102406884698,-0.23945145652632133,-0.41702107268800304,-1.6746243214504446,-1.0491493623507964,1.1838622321677783,0.40683742795524463,1.5357786628062884,-0.4144556004615526,-2.0050058926499936,-1.490844220900127,1.690902725532316,0.0,-0.8930772127243898,-0.5664572772702333,2.625628875351834
2055,-0.5857510555915164,0.24338792765866732,1.2440747087096502,-0.10847833348537753,-0.41702107268800304,-2.340931801648644,-0.9400607643567529,0.0540296333885314,0.40683742795524463,-0.651135495119281,-0.4144556004615526,0.07293866811619619,-0.05569205572120481,1.690902725532316,0.0,-0.8930772127243898,-0.5664572772702333,-1.176813837095037
2056,0.5138513120822684,0.1676179454852192,1.2440747087096502,-0.10847833348537753,-0.41702107268800304,-2.340931801648644,-0.9400607643567529,0.0540296333885314,0.40683742795524463,-0.651135495119281,-0.4144556004615526,-0.3947731501498348,-0.27826082208696634,1.690902725532316,0.0,-0.8930772127243898,-0.5664572772702333,-0.7965695658503499
2057,-0.12468803895260275,0.47042231988960603,1.2440747087096502,-0.10847833348537753,-0.41702107268800304,-2.340931801648644,-0.9400607643567529,0.0540296333885314,0.40683742795524463,-0.651135495119281,-0.4144556004615526,-0.3236120953462542,-0.07014469121451233,1.690902725532316,0.0,0.6882113771853678,-0.5664572772702333,-0.41632529460566275
2058,-2.6298967840655036,-1.8003907894530935,1.2440747087096502,-0.10847833348537753,-0.41702107268800304,-2.340931801648644,-0.9400607643567529,0.0540296333885314,0.40683742795524463,-0.651135495119281,-0.4144556004615526,0.1752982976845058,-0.9726062043636646,1.690902725532316,0.0,0.6882113771853678,2.950733787502384,-0.03608102336097565
2059,-0.532383836463084,-0.7422101862411079,1.2440747087096502,-0.10847833348537753,-0.41702107268800304,-2.340931801648644,-0.9400607643567529,0.0540296333885314,0.40683742795524463,-0.651135495119281,-0.4144556004615526,-0.4715834728137695,-0.4302956305981107,1.690902725532316,0.0,0.6882113771853678,1.1921382551160753,0.34416324788371144
2060,-1.0723119100159018,0.041905610210223564,1.2440747087096502,-0.10847833348537753,-0.41702107268800304,-2.340931801648644,-0.9400607643567529,0.0540296333885314,0.40683742795524463,-0.651135495119281,-0.4144556004615526,-0.6274429450349626,-0.7061971702578146,1.690902725532316,0.0,-0.8930772127243898,-0.5664572772702333,0.7244075191283986
2061,0.14607233718679458,0.452310210921076,1.2440747087096502,-0.10847833348537753,-0.41702107268800304,-2.340931801648644,-0.9400607643567529,0.0540296333885314,0.40683742795524463,-0.651135495119281,-0.4144556004615526,-1.4154868112060348,0.07950561446335379,1.690902725532316,0.0,-0.8930772127243898,-0.5664572772702333,1.1046517903730857
2062,-1.4879261666467587,-0.2989103613057497,1.2440747087096502,-0.10847833348537753,-0.41702107268800304,-2.340931801648644,-0.9400607643567529,0.0540296333885314,0.40683742795524463,-0.651135495119281,-0.4144556004615526,-2.0050058926499936,-1.2186195482047155,1.690902725532316,0.0,-0.8930772127243898,-0.5664572772702333,1.4848960616177729
2063,-0.8536955358016,-0.9925773241128382,1.2440747087096502,-0.10847833348537753,-0.41702107268800304,-2.340931801648644,-0.9400607643567529,0.0540296333885314,0.40683742795524463,-0.651135495119281,-0.4144556004615526,-1.0582895204668947,-1.807655456115508,1.690902725532316,0.0,-0.8930772127243898,-0.5664572772702333,1.8651403328624598
2064,-2.174380183717148,-1.1900708070367982,1.2440747087096502,-0.10847833348537753,-0.41702107268800304,-2.340931801648644,-0.9400607643567529,0.0540296333885314,0.40683742795524463,-0.651135495119281,-0.4144556004615526,-1.7788843764243523,-2.227154122695774,1.690902725532316,0.0,-0.8930772127243898,-0.5664572772702333,2.245384604107147
2065,-2.6298967840655036,-1.8003907894530935,1.2440747087096502,-0.10847833348537753,-0.41702107268800304,-2.340931801648644,-0.9400607643567529,0.0540296333885314,0.40683742795524463,-0.651135495119281,-0.4144556004615526,-1.8987723965478744,-2.366110570247295,1.690902725532316,0.0,-0.8930772127243898,-0.5664572772702333,2.625628875351834
2066,-0.5857510555915164,0.24338792765866732,0.6256513576937649,-1.0252901947719841,-0.41702107268800304,-1.6140509141596993,-0.5037063723805789,0.957895712411929,0.40683742795524463,1.5357786628062884,-0.4144556004615526,-0.19814498820540694,-0.05569205572120481,1.690902725532316,0.0,-0.8930772127243898,-0.5664572772702333,-1.176813837095037
2067,-1.2144597344901835,-1.8003907894530935,0.6256513576937649,-1.0252901947719841,-0.41702107268800304,-1.6140509141596993,-0.5037063723805789,0.957895712411929,0.40683742795524463,1.5357786628062884,-0.4144556004615526,-0.7656702054538177,-0.6273629582659838,1.690902725532316,0.0,-0.8930772127243898,1.1921382551160753,-0.7965695658503499
2068,-0.12468803895260275,0.47042231988960603,0.6256513576937649,-1.0252901947719841,-0.41702107268800304,-1.6140509141596993,-0.5037063723805789,0.957895712411929,0.40683742795524463,1.5357786628062884,-0.4144556004615526,-1.487420435289902,-0.07014469121451233,1.690902725532316,0.0,-0.8930772127243898,-0.5664572772702333,-0.41632529460566275
2069,-2.6298967840655036,-1.8003907894530935,0.6256513576937649,-1.0252901947719841,-0.41702107268800304,-1.6140509141596993,-0.5037063723805789,0.957895712411929,0.40683742795524463,1.5357786628062884,-0.4144556004615526,-0.5763675315049005,-0.9726062043636646,1.690902725532316,0.0,-0.8930772127243898,-0.5664572772702333,-0.03608102336097565
2070,-0.532383836463084,-0.7422101862411079,0.6256513576937649,-1.0252901947719841,-0.41702107268800304,-1.6140509141596993,-0.5037063723805789,0.957895712411929,0.40683742795524463,1.5357786628062884,-0.4144556004615526,-1.2338634295026099,-0.4302956305981107,1.690902725532316,0.0,-0.8930772127243898,-0.5664572772702333,0.34416324788371144
2071,-1.0723119100159018,0.041905610210223564,0.6256513576937649,-1.0252901947719841,-0.41702107268800304,-1.6140509141596993,-0.5037063723805789,0.957895712411929,0.40683742795524463,1.5357786628062884,-0.4144556004615526,-1.1340964310776045,-0.7061971702578146,1.690902725532316,0.0,-0.8930772127243898,-0.5664572772702333,0.7244075191283986
2072,0.14607233718679458,0.452310210921076,0.6256513576937649,-1.0252901947719841,-0.41702107268800304,-1.6140509141596993,-0.5037063723805789,0.957895712411929,0.40683742795524463,1.5357786628062884,-0.4144556004615526,-0.5168820169506972,0.07950561446335379,1.690902725532316,0.0,-0.8930772127243898,1.1921382551160753,1.1046517903730857
2073,-1.4879261666467587,-0.2989103613057497,0.6256513576937649,-1.0252901947719841,-0.41702107268800304,-1.6140509141596993,-0.5037063723805789,0.957895712411929,0.40683742795524463,1.5357786628062884,-0.4144556004615526,-1.6795639833640774,-1.2186195482047155,1.690902725532316,0.0,-0.8930772127243898,-0.5664572772702333,1.4848960616177729
2074,-2.6298967840655036,-1.8003907894530935,0.6256513576937649,-1.0252901947719841,-0.41702107268800304,-1.6140509141596993,-0.5037063723805789,0.957895712411929,0.40683742795524463,1.5357786628062884,-0.4144556004615526,-2.0050058926499936,-2.7799319358069527,1.690902725532316,0.0,-0.8930772127243898,-0.5664572772702333,1.8651403328624598
2075,-0.8536955358016,-0.9925773241128382,0.6256513576937649,-1.0252901947719841,-0.41702107268800304,-1.6140509141596993,-0.5037063723805789,0.957895712411929,0.40683742795524463,1.5357786628062884,-0.4144556004615526,-1.7594309427450623,-1.807655456115508,1.690902725532316,0.0,-0.8930772127243898,-0.5664572772702333,2.245384604107147
2076,-2.6298967840655036,-1.8003907894530935,0.6256513576937649,-1.0252901947719841,-0.41702107268800304,-1.6140509141596993,-0.5037063723805789,0.957895712411929,0.40683742795524463,1.5357786628062884,-0.4144556004615526,-1.6598536065983256,-2.366110570247295,1.690902725532316,0.0,-0.8930772127243898,-0.5664572772702333,2.625628875351834
2077,-1.2144597344901835,-1.8003907894530935,-0.4050542273327106,-0.10847833348537753,0.16676217049808661,1.1117524139238428,1.2053483295261027,1.6357952716794772,0.40683742795524463,1.5357786628062884,-0.4144556004615526,-0.6179482309821905,-0.6273629582659838,1.690902725532316,0.0,0.6882113771853678,-0.5664572772702333,-1.176813837095037
2078,-0.5857510555915164,0.24338792765866732,-0.4050542273327106,-0.10847833348537753,0.16676217049808661,1.1117524139238428,1.2053483295261027,1.6357952716794772,0.40683742795524463,1.5357786628062884,-0.4144556004615526,-0.98609605326173,-0.05569205572120481,1.690902725532316,0.0,-0.8930772127243898,-0.5664572772702333,-0.7965695658503499
2079,-2.6298967840655036,-1.8003907894530935,-0.4050542273327106,-0.10847833348537753,0.16676217049808661,1.1117524139238428,1.2053483295261027,1.6357952716794772,0.40683742795524463,1.5357786628062884,-0.4144556004615526,-0.841813520105493,-0.9726062043636646,1.690902725532316,0.0,-0.8930772127243898,-0.5664572772702333,-0.41632529460566275
2080,-0.532383836463084,-0.7422101862411079,-0.4050542273327106,-0.10847833348537753,0.16676217049808661,1.1117524139238428,1.2053483295261027,1.6357952716794772,0.40683742795524463,1.5357786628062884,-0.4144556004615526,-0.18089558100140918,-0.4302956305981107,1.690902725532316,0.0,0.6882113771853678,2.950733787502384,-0.03608102336097565
2081,0.14607233718679458,0.452310210921076,-0.4050542273327106,-0.10847833348537753,0.16676217049808661,1.1117524139238428,1.2053483295261027,1.6357952716794772,0.40683742795524463,1.5357786628062884,-0.4144556004615526,-0.9348814380595442,0.07950561446335379,1.690902725532316,0.0,-0.8930772127243898,-0.5664572772702333,0.34416324788371144
2082,-2.6298967840655036,-1.8003907894530935,-0.4050542273327106,-0.10847833348537753,0.16676217049808661,1.1117524139238428,1.2053483295261027,1.6357952716794772,0.40683742795524463,1.5357786628062884,-0.4144556004615526,-1.2530558600466677,-1.4443100110277842,1.690902725532316,0.0,-0.8930772127243898,-0.5664572772702333,0.7244075191283986
2083,-1.4925693992961593,-1.8003907894530935,-0.4050542273327106,-0.10847833348537753,0.16676217049808661,1.1117524139238428,1.2053483295261027,1.6357952716794772,0.40683742795524463,1.5357786628062884,-0.4144556004615526,-2.0050058926499936,-0.05133260206799702,1.690902725532316,0.0,-0.8930772127243898,-0.5664572772702333,1.1046517903730857
2084,-1.2144597344901835,-1.8003907894530935,0.007228006677879595,0.4154141586783977,-0.41702107268800304,-0.4025827683447917,-0.7218835683686659,0.2799961531443808,0.40683742795524463,-0.651135495119281,-0.4144556004615526,-0.2922511186307141,-0.6273629582659838,1.690902725532316,0.0,0.6882113771853678,-0.5664572772702333,-1.176813837095037
2085,0.5138513120822684,0.1676179454852192,0.007228006677879595,0.4154141586783977,-0.41702107268800304,-0.4025827683447917,-0.7218835683686659,0.2799961531443808,0.40683742795524463,-0.651135495119281,-0.4144556004615526,-1.3989450125019993,-0.27826082208696634,1.690902725532316,0.0,-0.8930772127243898,-0.5664572772702333,-0.7965695658503499
2086,-2.6298967840655036,-1.8003907894530935,0.007228006677879595,0.4154141586783977,-0.41702107268800304,-0.4025827683447917,-0.7218835683686659,0.2799961531443808,0.40683742795524463,-0.651135495119281,-0.4144556004615526,-2.0050058926499936,-0.9726062043636646,1.690902725532316,0.0,-0.8930772127243898,-0.5664572772702333,-0.41632529460566275
2087,-0.532383836463084,-0.7422101862411079,0.007228006677879595,0.4154141586783977,-0.41702107268800304,-0.4025827683447917,-0.7218835683686659,0.2799961531443808,0.40683742795524463,-0.651135495119281,-0.4144556004615526,-0.33527603545628765,-0.4302956305981107,1.690902725532316,0.0,-0.8930772127243898,-0.5664572772702333,-0.03608102336097565
2088,-2.6298967840655036,-1.8003907894530935,0.007228006677879595,0.4154141586783977,-0.41702107268800304,-0.4025827683447917,-0.7218835683686659,0.2799961531443808,0.40683742795524463,-0.651135495119281,-0.4144556004615526,-2.0050058926499936,-1.7391419548600817,1.690902725532316,0.0,-0.8930772127243898,-0.5664572772702333,0.34416324788371144
2089,-2.6298967840655036,-1.8003907894530935,0.007228006677879595,0.4154141586783977,-0.41702107268800304,-0.4025827683447917,-0.7218835683686659,0.2799961531443808,0.40683742795524463,-0.651135495119281,-0.4144556004615526,-1.4501132271468105,-1.4443100110277842,1.690902725532316,0.0,-0.8930772127243898,-0.5664572772702333,0.7244075191283986
2090,-1.0723119100159018,0.041905610210223564,0.007228006677879595,0.4154141586783977,-0.41702107268800304,-0.4025827683447917,-0.7218835683686659,0.2799961531443808,0.40683742795524463,-0.651135495119281,-0.4144556004615526,-0.8780639555543788,-0.7061971702578146,1.690902725532316,0.0,-0.8930772127243898,-0.5664572772702333,1.1046517903730857
2091,0.14607233718679458,0.452310210921076,0.007228006677879595,0.4154141586783977,-0.41702107268800304,-0.4025827683447917,-0.7218835683686659,0.2799961531443808,0.40683742795524463,-0.651135495119281,-0.4144556004615526,-1.0673028287369057,0.07950561446335379,1.690902725532316,0.0,-0.8930772127243898,-0.5664572772702333,1.4848960616177729
2092,-1.4925693992961593,-1.8003907894530935,0.007228006677879595,0.4154141586783977,-0.41702107268800304,-0.4025827683447917,-0.7218835683686659,0.2799961531443808,0.40683742795524463,-0.651135495119281,-0.4144556004615526,1.2732166861423249,-0.05133260206799702,1.690902725532316,0.0,0.6882113771853678,2.950733787502384,1.8651403328624598
2093,-0.8536955358016,-0.9925773241128382,0.007228006677879595,0.4154141586783977,-0.41702107268800304,-0.4025827683447917,-0.7218835683686659,0.2799961531443808,0.40683742795524463,-0.651135495119281,-0.4144556004615526,-2.0050058926499936,-1.807655456115508,1.690902725532316,0.0,-0.8930772127243898,-0.5664572772702333,2.245384604107147
2094,-2.6298967840655036,-1.8003907894530935,0.007228006677879595,0.4154141586783977,-0.41702107268800304,-0.4025827683447917,-0.7218835683686659,0.2799961531443808,0.40683742795524463,-0.651135495119281,-0.4144556004615526,-2.0050058926499936,-2.7799319358069527,1.690902725532316,0.0,-0.8930772127243898,-0.5664572772702333,2.625628875351834
2095,-1.2144597344901835,-1.8003907894530935,0.6256513576937649,-0.6323708256491528,-0.41702107268800304,-0.9477434339615001,-1.012786496352782,0.0540296333885314,0.40683742795524463,-0.651135495119281,-0.4144556004615526,-1.2399187022399916,-0.6273629582659838,1.690902725532316,0.0,-0.8930772127243898,-0.5664572772702333,-1.176813837095037
2096,0.5138513120822684,0.1676179454852192,0.6256513576937649,-0.6323708256491528,-0.41702107268800304,-0.9477434339615001,-1.012786496352782,0.0540296333885314,0.40683742795524463,-0.651135495119281,-0.4144556004615526,0.4248578954539786,-0.27826082208696634,1.690902725532316,0.0,-0.8930772127243898,-0.5664572772702333,-0.7965695658503499
2097,-2.6298967840655036,-1.8003907894530935,0.6256513576937649,-0.6323708256491528,-0.41702107268800304,-0.9477434339615001,-1.012786496352782,0.0540296333885314,0.40683742795524463,-0.651135495119281,-0.4144556004615526,-1.0093485325760632,-0.9726062043636646,1.690902725532316,0.0,0.6882113771853678,-0.5664572772702333,-0.41632529460566275
2098,-0.532383836463084,-0.7422101862411079,0.6256513576937649,-0.6323708256491528,-0.41702107268800304,-0.9477434339615001,-1.012786496352782,0.0540296333885314,0.40683742795524463,-0.651135495119281,-0.4144556004615526,-0.16432478194901443,-0.4302956305981107,1.690902725532316,0.0,-0.8930772127243898,-0.5664572772702333,-0.03608102336097565
2099,-2.6298967840655036,-1.8003907894530935,0.6256513576937649,-0.6323708256491528,-0.41702107268800304,-0.9477434339615001,-1.012786496352782,0.0540296333885314,0.40683742795524463,-0.651135495119281,-0.4144556004615526,-0.4459587650036614,-1.4402235920501425,1.690902725532316,0.0,-0.8930772127243898,-0.5664572772702333,0.34416324788371144
2100,-2.6298967840655036,-1.8003907894530935,0.6256513576937649,-0.6323708256491528,-0.41702107268800304,-0.9477434339615001,-1.012786496352782,0.0540296333885314,0.40683742795524463,-0.651135495119281,-0.4144556004615526,-0.6194620491665359,-1.7391419548600817,1.690902725532316,0.0,-0.8930772127243898,-0.5664572772702333,0.7244075191283986
2101,0.14607233718679458,0.452310210921076,0.6256513576937649,-0.6323708256491528,-0.41702107268800304,-0.9477434339615001,-1.012786496352782,0.0540296333885314,0.40683742795524463,-0.651135495119281,-0.4144556004615526,-1.7015421873715113,0.07950561446335379,1.690902725532316,0.0,-0.8930772127243898,-0.5664572772702333,1.1046517903730857
2102,-1.0723119100159018,0.041905610210223564,0.6256513576937649,-0.6323708256491528,-0.41702107268800304,-0.9477434339615001,-1.012786496352782,0.0540296333885314,0.40683742795524463,-0.651135495119281,-0.4144556004615526,-1.1628937769981993,-0.7061971702578146,1.690902725532316,0.0,-0.8930772127243898,-0.5664572772702333,1.4848960616177729
2103,-1.4925693992961593,-1.8003907894530935,0.6256513576937649,-0.6323708256491528,-0.41702107268800304,-0.9477434339615001,-1.012786496352782,0.0540296333885314,0.40683742795524463,-0.651135495119281,-0.4144556004615526,-0.18672465102159,-0.05133260206799702,1.690902725532316,0.0,-0.8930772127243898,1.1921382551160753,1.8651403328624598
2104,-1.4879261666467587,-0.2989103613057497,0.6256513576937649,-0.6323708256491528,-0.41702107268800304,-0.9477434339615001,-1.012786496352782,0.0540296333885314,0.40683742795524463,-0.651135495119281,-0.4144556004615526,-1.2682810429351998,-1.2186195482047155,1.690902725532316,0.0,-0.8930772127243898,-0.5664572772702333,2.245384604107147
2105,-0.8536955358016,-0.9925773241128382,0.6256513576937649,-0.6323708256491528,-0.41702107268800304,-0.9477434339615001,-1.012786496352782,0.0540296333885314,0.40683742795524463,-0.651135495119281,-0.4144556004615526,-2.0050058926499936,-1.807655456115508,1.690902725532316,0.0,-0.8930772127243898,-0.5664572772702333,2.625628875351834
2106,-1.2144597344901835,-0.12882633802314594,-1.8480420463697762,-1.156263317812928,0.16676217049808661,-0.16028913918181015,0.11446234958566764,1.4098287519236279,0.40683742795524463,-0.651135495119281,-0.4144556004615526,0.799153791585649,1.3819174215378134,1.8847103854589116,0.0,0.6882113771853678,2.950733787502384,-1.176813837095037
2107,-1.297244079178044,-1.8003907894530935,-1.8480420463697762,-1.156263317812928,0.16676217049808661,-0.16028913918181015,0.11446234958566764,1.4098287519236279,0.40683742795524463,-0.651135495119281,-0.4144556004615526,0.5597095153238332,0.9972388671325124,1.8847103854589116,0.0,0.6882113771853678,-0.5664572772702333,-0.7965695658503499
2108,-0.532383836463084,0.07372840693001358,-1.8480420463697762,-1.156263317812928,0.16676217049808661,-0.16028913918181015,0.11446234958566764,1.4098287519236279,0.40683742795524463,-0.651135495119281,-0.4144556004615526,0.7875246518936466,1.3875510370103306,1.8847103854589116,0.0,0.6882113771853678,2.950733787502384,-0.41632529460566275
2109,0.14607233718679458,0.5118597270857006,-1.8480420463697762,-1.156263317812928,0.16676217049808661,-0.16028913918181015,0.11446234958566764,1.4098287519236279,0.40683742795524463,-0.651135495119281,-0.4144556004615526,-1.6299345272032004,-2.0126744636514555,1.8847103854589116,0.0,-0.8930772127243898,-0.5664572772702333,-0.03608102336097565
2110,1.137132900776744,-1.8003907894530935,-1.8480420463697762,-1.156263317812928,0.16676217049808661,-0.16028913918181015,0.11446234958566764,1.4098287519236279,0.40683742795524463,-0.651135495119281,-0.4144556004615526,-1.2328890177977436,-0.22723974237948485,1.8847103854589116,0.0,-0.8930772127243898,-0.5664572772702333,0.34416324788371144
2111,0.017095316722317847,-1.8003907894530935,-1.8480420463697762,-1.156263317812928,0.16676217049808661,-0.16028913918181015,0.11446234958566764,1.4098287519236279,0.40683742795524463,-0.651135495119281,-0.4144556004615526,0.12976775076070557,-0.02533059979823719,1.8847103854589116,0.0,-0.8930772127243898,1.1921382551160753,0.7244075191283986
2112,-1.0723119100159018,0.14115728628900714,-1.8480420463697762,-1.156263317812928,0.16676217049808661,-0.16028913918181015,0.11446234958566764,1.4098287519236279,0.40683742795524463,-0.651135495119281,-0.4144556004615526,-1.205582289782807,-1.5637990862114308,1.8847103854589116,0.0,-0.8930772127243898,-0.5664572772702333,1.1046517903730857
2113,-1.061677409431791,-1.8003907894530935,-1.8480420463697762,-1.156263317812928,0.16676217049808661,-0.16028913918181015,0.11446234958566764,1.4098287519236279,0.40683742795524463,-0.651135495119281,-0.4144556004615526,0.5206402460144421,1.0642961834515856,1.8847103854589116,0.0,-0.8930772127243898,1.1921382551160753,1.4848960616177729
2114,-1.4925693992961593,0.9309480116194584,-1.8480420463697762,-1.156263317812928,0.16676217049808661,-0.16028913918181015,0.11446234958566764,1.4098287519236279,0.40683742795524463,-0.651135495119281,-0.4144556004615526,0.2711038485236569,0.7294555584929785,1.8847103854589116,0.0,-0.8930772127243898,2.950733787502384,1.8651403328624598
2115,-1.4511497669741948,-1.8003907894530935,-1.8480420463697762,-1.156263317812928,0.16676217049808661,-0.16028913918181015,0.11446234958566764,1.4098287519236279,0.40683742795524463,-0.651135495119281,-0.4144556004615526,0.9418935062091812,1.790977972471181,1.8847103854589116,0.0,-0.8930772127243898,1.1921382551160753,2.245384604107147
2116,0.017095316722317847,-1.8003907894530935,-1.0234775783485959,0.4154141586783977,-0.41702107268800304,0.32429811914415285,0.18718808158169664,1.6357952716794772,0.40683742795524463,-0.651135495119281,-0.4144556004615526,-0.9159848110687492,-0.5989582508512405,1.8847103854589116,0.0,-0.8930772127243898,-0.5664572772702333,-1.176813837095037
2117,-1.297244079178044,-1.8003907894530935,-1.0234775783485959,0.4154141586783977,-0.41702107268800304,0.32429811914415285,0.18718808158169664,1.6357952716794772,0.40683742795524463,-0.651135495119281,-0.4144556004615526,0.7020722254186972,-1.1765267023882506,1.8847103854589116,0.0,0.6882113771853678,-0.5664572772702333,-0.7965695658503499
2118,-0.12468803895260275,0.2922950903216352,-1.0234775783485959,0.4154141586783977,-0.41702107268800304,0.32429811914415285,0.18718808158169664,1.6357952716794772,0.40683742795524463,-0.651135495119281,-0.4144556004615526,-0.6774395456060658,-0.37173879384500064,1.8847103854589116,0.0,0.6882113771853678,-0.5664572772702333,-0.41632529460566275
2119,-0.532383836463084,0.07372840693001358,-1.0234775783485959,0.4154141586783977,-0.41702107268800304,0.32429811914415285,0.18718808158169664,1.6357952716794772,0.40683742795524463,-0.651135495119281,-0.4144556004615526,-1.029329772595489,-1.826458444106171,1.8847103854589116,0.0,-0.8930772127243898,-0.5664572772702333,-0.03608102336097565
2120,-1.0723119100159018,0.14115728628900714,-1.0234775783485959,0.4154141586783977,-0.41702107268800304,0.32429811914415285,0.18718808158169664,1.6357952716794772,0.40683742795524463,-0.651135495119281,-0.4144556004615526,-1.78793538514723,-0.9337351677188818,1.8847103854589116,0.0,-0.8930772127243898,-0.5664572772702333,0.34416324788371144
2121,1.137132900776744,-1.8003907894530935,-1.0234775783485959,0.4154141586783977,-0.41702107268800304,0.32429811914415285,0.18718808158169664,1.6357952716794772,0.40683742795524463,-0.651135495119281,-0.4144556004615526,-1.0146961968134827,-0.23387448499574498,1.8847103854589116,0.0,-0.8930772127243898,-0.5664572772702333,0.7244075191283986
2122,-1.061677409431791,-1.8003907894530935,-1.0234775783485959,0.4154141586783977,-0.41702107268800304,0.32429811914415285,0.18718808158169664,1.6357952716794772,0.40683742795524463,-0.651135495119281,-0.4144556004615526,-1.1989296098692277,-1.3790547235674486,1.8847103854589116,0.0,-0.8930772127243898,-0.5664572772702333,1.1046517903730857
2123,0.14607233718679458,0.5118597270857006,-1.0234775783485959,0.4154141586783977,-0.41702107268800304,0.32429811914415285,0.18718808158169664,1.6357952716794772,0.40683742795524463,-0.651135495119281,-0.4144556004615526,-1.2528006569811077,-0.3217461447488189,1.8847103854589116,0.0,-0.8930772127243898,2.950733787502384,1.4848960616177729
2124,-1.4925693992961593,0.9309480116194584,-1.0234775783485959,0.4154141586783977,-0.41702107268800304,0.32429811914415285,0.18718808158169664,1.6357952716794772,0.40683742795524463,-0.651135495119281,-0.4144556004615526,-1.63896871572403,-2.800300322604196,1.8847103854589116,0.0,-0.8930772127243898,-0.5664572772702333,1.8651403328624598
2125,-1.4511497669741948,-1.8003907894530935,-1.0234775783485959,0.4154141586783977,-0.41702107268800304,0.32429811914415285,0.18718808158169664,1.6357952716794772,0.40683742795524463,-0.651135495119281,-0.4144556004615526,-0.7998094155421602,-1.7940310258047518,1.8847103854589116,0.0,-0.8930772127243898,-0.5664572772702333,2.245384604107147
2126,-0.8536955358016,-0.34423531820643855,-1.0234775783485959,0.4154141586783977,-0.41702107268800304,0.32429811914415285,0.18718808158169664,1.6357952716794772,0.40683742795524463,-0.651135495119281,-0.4144556004615526,-0.7587507223353342,-1.6026155159211009,1.8847103854589116,0.0,-0.8930772127243898,-0.5664572772702333,2.625628875351834
2127,-1.297244079178044,-1.8003907894530935,-1.8480420463697762,0.022494789555566278,-0.41702107268800304,0.9300321920516067,2.5144115054546248,-1.9796690444141132,0.40683742795524463,-0.651135495119281,-0.4144556004615526,0.7020722254186972,-0.7940233242316275,1.8847103854589116,0.0,-0.8930772127243898,-0.5664572772702333,-1.176813837095037
2128,-0.12468803895260275,0.2922950903216352,-1.8480420463697762,0.022494789555566278,-0.41702107268800304,0.9300321920516067,2.5144115054546248,-1.9796690444141132,0.40683742795524463,-0.651135495119281,-0.4144556004615526,-0.6774395456060658,0.11721170315905376,1.8847103854589116,0.0,0.6882113771853678,-0.5664572772702333,-0.7965695658503499
2129,0.017095316722317847,-1.8003907894530935,-1.8480420463697762,0.022494789555566278,-0.41702107268800304,0.9300321920516067,2.5144115054546248,-1.9796690444141132,0.40683742795524463,-0.651135495119281,-0.4144556004615526,-0.9159848110687492,-1.8857160698599014,1.8847103854589116,0.0,-0.8930772127243898,-0.5664572772702333,-0.41632529460566275
2130,-0.532383836463084,0.07372840693001358,-1.8480420463697762,0.022494789555566278,-0.41702107268800304,0.9300321920516067,2.5144115054546248,-1.9796690444141132,0.40683742795524463,-0.651135495119281,-0.4144556004615526,-1.029329772595489,-2.0510203636035658,1.8847103854589116,0.0,-0.8930772127243898,-0.5664572772702333,-0.03608102336097565
2131,1.137132900776744,-1.8003907894530935,-1.8480420463697762,0.022494789555566278,-0.41702107268800304,0.9300321920516067,2.5144115054546248,-1.9796690444141132,0.40683742795524463,-0.651135495119281,-0.4144556004615526,-1.0146961968134827,-0.5375072465371281,1.8847103854589116,0.0,-0.8930772127243898,-0.5664572772702333,0.34416324788371144
2132,-1.0723119100159018,0.14115728628900714,-1.8480420463697762,0.022494789555566278,-0.41702107268800304,0.9300321920516067,2.5144115054546248,-1.9796690444141132,0.40683742795524463,-0.651135495119281,-0.4144556004615526,-1.78793538514723,-1.9149471622260248,1.8847103854589116,0.0,-0.8930772127243898,-0.5664572772702333,0.7244075191283986
2133,0.14607233718679458,0.5118597270857006,-1.8480420463697762,0.022494789555566278,-0.41702107268800304,0.9300321920516067,2.5144115054546248,-1.9796690444141132,0.40683742795524463,-0.651135495119281,-0.4144556004615526,-1.2528006569811077,0.4785275904917357,1.8847103854589116,0.0,-0.8930772127243898,-0.5664572772702333,1.1046517903730857
2134,-1.4925693992961593,0.9309480116194584,-1.8480420463697762,0.022494789555566278,-0.41702107268800304,0.9300321920516067,2.5144115054546248,-1.9796690444141132,0.40683742795524463,-0.651135495119281,-0.4144556004615526,-1.63896871572403,-1.7549961683546293,1.8847103854589116,0.0,-0.8930772127243898,1.1921382551160753,1.4848960616177729
2135,-1.4511497669741948,-1.8003907894530935,-1.8480420463697762,0.022494789555566278,-0.41702107268800304,0.9300321920516067,2.5144115054546248,-1.9796690444141132,0.40683742795524463,-0.651135495119281,-0.4144556004615526,-0.7998094155421602,-0.6298384726577845,1.8847103854589116,0.0,-0.8930772127243898,-0.5664572772702333,1.8651403328624598
2136,-0.8536955358016,-0.34423531820643855,-1.8480420463697762,0.022494789555566278,-0.41702107268800304,0.9300321920516067,2.5144115054546248,-1.9796690444141132,0.40683742795524463,-0.651135495119281,-0.4144556004615526,-0.7587507223353342,-2.3824817293942475,1.8847103854589116,0.0,-0.8930772127243898,-0.5664572772702333,2.245384604107147
2137,-2.0150279340960173,-0.485214850597177,-1.8480420463697762,0.022494789555566278,-0.41702107268800304,0.9300321920516067,2.5144115054546248,-1.9796690444141132,0.40683742795524463,-0.651135495119281,-0.4144556004615526,-1.543255965999628,-2.800300322604196,1.8847103854589116,0.0,-0.8930772127243898,-0.5664572772702333,2.625628875351834
2138,-1.297244079178044,-1.8003907894530935,-1.229618695353891,1.2012528969240606,-0.41702107268800304,-0.4025827683447917,2.1507828454744797,0.2799961531443808,0.40683742795524463,1.5357786628062884,-0.4144556004615526,1.3671488144774775,2.2045253932396873,1.8847103854589116,0.0,0.6882113771853678,-0.5664572772702333,-1.176813837095037
2139,-0.12468803895260275,0.2922950903216352,-1.229618695353891,1.2012528969240606,-0.41702107268800304,-0.4025827683447917,2.1507828454744797,0.2799961531443808,0.40683742795524463,1.5357786628062884,-0.4144556004615526,-0.18277480357507936,-0.5574933847885781,1.8847103854589116,0.0,0.6882113771853678,1.1921382551160753,-0.7965695658503499
2140,0.017095316722317847,-1.8003907894530935,-1.229618695353891,1.2012528969240606,-0.41702107268800304,-0.4025827683447917,2.1507828454744797,0.2799961531443808,0.40683742795524463,1.5357786628062884,-0.4144556004615526,-0.8889042857710134,-0.7949425409727007,1.8847103854589116,0.0,-0.8930772127243898,-0.5664572772702333,-0.41632529460566275
2141,-0.532383836463084,0.07372840693001358,-1.229618695353891,1.2012528969240606,-0.41702107268800304,-0.4025827683447917,2.1507828454744797,0.2799961531443808,0.40683742795524463,1.5357786628062884,-0.4144556004615526,0.3859974286527731,-0.07860876615706633,1.8847103854589116,0.0,-0.8930772127243898,2.950733787502384,-0.03608102336097565
2142,1.137132900776744,-1.8003907894530935,-1.229618695353891,1.2012528969240606,-0.41702107268800304,-0.4025827683447917,2.1507828454744797,0.2799961531443808,0.40683742795524463,1.5357786628062884,-0.4144556004615526,0.10650947137670032,-0.24237496456170773,1.8847103854589116,0.0,-0.8930772127243898,-0.5664572772702333,0.34416324788371144
2143,-1.133702435453567,-1.8003907894530935,-1.229618695353891,1.2012528969240606,-0.41702107268800304,-0.4025827683447917,2.1507828454744797,0.2799961531443808,0.40683742795524463,1.5357786628062884,-0.4144556004615526,-1.2682810429351998,-1.329771964627739,1.8847103854589116,0.0,-0.8930772127243898,-0.5664572772702333,0.7244075191283986
2144,0.14607233718679458,0.5118597270857006,-1.229618695353891,1.2012528969240606,-0.41702107268800304,-0.4025827683447917,2.1507828454744797,0.2799961531443808,0.40683742795524463,1.5357786628062884,-0.4144556004615526,-0.6978499907812062,-0.3612451611474043,1.8847103854589116,0.0,-0.8930772127243898,1.1921382551160753,1.1046517903730857
2145,-1.0723119100159018,0.14115728628900714,-1.229618695353891,1.2012528969240606,-0.41702107268800304,-0.4025827683447917,2.1507828454744797,0.2799961531443808,0.40683742795524463,1.5357786628062884,-0.4144556004615526,-1.1119807654189484,-0.7188568780482366,1.8847103854589116,0.0,-0.8930772127243898,-0.5664572772702333,1.4848960616177729
2146,-1.4925693992961593,0.9309480116194584,-1.229618695353891,1.2012528969240606,-0.41702107268800304,-0.4025827683447917,2.1507828454744797,0.2799961531443808,0.40683742795524463,1.5357786628062884,-0.4144556004615526,-0.9162168138556219,-1.1127275998642683,1.8847103854589116,0.0,-0.8930772127243898,-0.5664572772702333,1.8651403328624598
2147,-0.8536955358016,-0.34423531820643855,-1.229618695353891,1.2012528969240606,-0.41702107268800304,-0.4025827683447917,2.1507828454744797,0.2799961531443808,0.40683742795524463,1.5357786628062884,-0.4144556004615526,-0.7627875708269223,-1.520641405160258,1.8847103854589116,0.0,-0.8930772127243898,-0.5664572772702333,2.245384604107147
2148,-2.0150279340960173,-0.485214850597177,-1.229618695353891,1.2012528969240606,-0.41702107268800304,-0.4025827683447917,2.1507828454744797,0.2799961531443808,0.40683742795524463,1.5357786628062884,-0.4144556004615526,-1.7363362253258026,-2.800300322604196,1.8847103854589116,0.0,-0.8930772127243898,-0.5664572772702333,2.625628875351834
2149,-1.297244079178044,-1.8003907894530935,-1.6419009293644813,0.5463872817193415,-0.41702107268800304,-0.6448763975077731,-0.24916631039447737,1.4098287519236279,0.40683742795524463,-0.651135495119281,-0.4144556004615526,-1.522825220580636,-2.198466369334027,1.8847103854589116,0.0,-0.8930772127243898,-0.5664572772702333,-1.176813837095037
2150,-0.12468803895260275,0.2922950903216352,-1.6419009293644813,0.5463872817193415,-0.41702107268800304,-0.6448763975077731,-0.24916631039447737,1.4098287519236279,0.40683742795524463,-0.651135495119281,-0.4144556004615526,-0.9997088167814956,-0.9317784192106568,1.8847103854589116,0.0,-0.8930772127243898,-0.5664572772702333,-0.7965695658503499
2151,-1.2144597344901835,-0.12882633802314594,-1.6419009293644813,0.5463872817193415,-0.41702107268800304,-0.6448763975077731,-0.24916631039447737,1.4098287519236279,0.40683742795524463,-0.651135495119281,-0.4144556004615526,-0.07682493087991203,0.8299869260364751,1.8847103854589116,0.0,0.6882113771853678,2.950733787502384,-0.41632529460566275
2152,-0.532383836463084,0.07372840693001358,-1.6419009293644813,0.5463872817193415,-0.41702107268800304,-0.6448763975077731,-0.24916631039447737,1.4098287519236279,0.40683742795524463,-0.651135495119281,-0.4144556004615526,-0.8996634150122428,-0.4042299202373856,1.8847103854589116,0.0,-0.8930772127243898,-0.5664572772702333,-0.03608102336097565
2153,1.137132900776744,-1.8003907894530935,-1.6419009293644813,0.5463872817193415,-0.41702107268800304,-0.6448763975077731,-0.24916631039447737,1.4098287519236279,0.40683742795524463,-0.651135495119281,-0.4144556004615526,5.20026985884265,0.8794699104049334,1.8847103854589116,0.0,0.6882113771853678,1.1921382551160753,0.34416324788371144
2154,-1.061677409431791,-1.8003907894530935,-1.6419009293644813,0.5463872817193415,-0.41702107268800304,-0.6448763975077731,-0.24916631039447737,1.4098287519236279,0.40683742795524463,-0.651135495119281,-0.4144556004615526,-1.0374324699270239,-0.31586679806829226,1.8847103854589116,0.0,-0.8930772127243898,-0.5664572772702333,0.7244075191283986
2155,-1.0723119100159018,0.14115728628900714,-1.6419009293644813,0.5463872817193415,-0.41702107268800304,-0.6448763975077731,-0.24916631039447737,1.4098287519236279,0.40683742795524463,-0.651135495119281,-0.4144556004615526,0.1217636546135913,-0.3942550534233649,1.8847103854589116,0.0,-0.8930772127243898,-0.5664572772702333,1.1046517903730857
2156,0.14607233718679458,0.5118597270857006,-1.6419009293644813,0.5463872817193415,-0.41702107268800304,-0.6448763975077731,-0.24916631039447737,1.4098287519236279,0.40683742795524463,-0.651135495119281,-0.4144556004615526,-1.4989730140622364,-0.45426807511282824,1.8847103854589116,0.0,-0.8930772127243898,-0.5664572772702333,1.4848960616177729
2157,-1.4925693992961593,0.9309480116194584,-1.6419009293644813,0.5463872817193415,-0.41702107268800304,-0.6448763975077731,-0.24916631039447737,1.4098287519236279,0.40683742795524463,-0.651135495119281,-0.4144556004615526,-0.7109059476124769,-0.5031685855067453,1.8847103854589116,0.0,-0.8930772127243898,-0.5664572772702333,1.8651403328624598
2158,-0.8536955358016,-0.34423531820643855,-1.6419009293644813,0.5463872817193415,-0.41702107268800304,-0.6448763975077731,-0.24916631039447737,1.4098287519236279,0.40683742795524463,-0.651135495119281,-0.4144556004615526,-1.8032214687673163,-0.6236314843665781,1.8847103854589116,0.0,-0.8930772127243898,-0.5664572772702333,2.245384604107147
2159,-2.0150279340960173,-0.485214850597177,-1.6419009293644813,0.5463872817193415,-0.41702107268800304,-0.6448763975077731,-0.24916631039447737,1.4098287519236279,0.40683742795524463,-0.651135495119281,-0.4144556004615526,-1.1025730524112536,-1.0457066881686041,1.8847103854589116,0.0,-0.8930772127243898,-0.5664572772702333,2.625628875351834
2160,-1.297244079178044,-1.8003907894530935,-1.0234775783485959,0.022494789555566278,-0.41702107268800304,-0.0391423246003194,-1.0491493623507964,3.217560909970423,0.40683742795524463,-0.651135495119281,-0.4144556004615526,-1.2417747245349746,-2.800300322604196,1.8847103854589116,0.0,-0.8930772127243898,-0.5664572772702333,-1.176813837095037
2161,-0.12468803895260275,0.2922950903216352,-1.0234775783485959,0.022494789555566278,-0.41702107268800304,-0.0391423246003194,-1.0491493623507964,3.217560909970423,0.40683742795524463,-0.651135495119281,-0.4144556004615526,0.23262618632079152,-0.07014469121451233,1.8847103854589116,0.0,0.6882113771853678,-0.5664572772702333,-0.7965695658503499
2162,-1.2144597344901835,-0.12882633802314594,-1.0234775783485959,0.022494789555566278,-0.41702107268800304,-0.0391423246003194,-1.0491493623507964,3.217560909970423,0.40683742795524463,-0.651135495119281,-0.4144556004615526,0.7636921656121309,-0.6273629582659838,1.8847103854589116,0.0,0.6882113771853678,-0.5664572772702333,-0.41632529460566275
2163,-0.532383836463084,0.07372840693001358,-1.0234775783485959,0.022494789555566278,-0.41702107268800304,-0.0391423246003194,-1.0491493623507964,3.217560909970423,0.40683742795524463,-0.651135495119281,-0.4144556004615526,-0.5355814415726503,-0.4302956305981107,1.8847103854589116,0.0,-0.8930772127243898,-0.5664572772702333,-0.03608102336097565
2164,1.137132900776744,-1.8003907894530935,-1.0234775783485959,0.022494789555566278,-0.41702107268800304,-0.0391423246003194,-1.0491493623507964,3.217560909970423,0.40683742795524463,-0.651135495119281,-0.4144556004615526,-0.6256217231580107,-0.0016584934266425009,1.8847103854589116,0.0,-0.8930772127243898,-0.5664572772702333,0.34416324788371144
2165,-1.0723119100159018,0.14115728628900714,-1.0234775783485959,0.022494789555566278,-0.41702107268800304,-0.0391423246003194,-1.0491493623507964,3.217560909970423,0.40683742795524463,-0.651135495119281,-0.4144556004615526,-0.07070585737614017,-0.7061971702578146,1.8847103854589116,0.0,-0.8930772127243898,-0.5664572772702333,0.7244075191283986
2166,-1.061677409431791,-1.8003907894530935,-1.0234775783485959,0.022494789555566278,-0.41702107268800304,-0.0391423246003194,-1.0491493623507964,3.217560909970423,0.40683742795524463,-0.651135495119281,-0.4144556004615526,-1.1831012197348263,-1.561359976443039,1.8847103854589116,0.0,-0.8930772127243898,1.1921382551160753,1.1046517903730857
2167,0.14607233718679458,0.5118597270857006,-1.0234775783485959,0.022494789555566278,-0.41702107268800304,-0.0391423246003194,-1.0491493623507964,3.217560909970423,0.40683742795524463,-0.651135495119281,-0.4144556004615526,-0.7102563398092331,0.07950561446335379,1.8847103854589116,0.0,-0.8930772127243898,-0.5664572772702333,1.4848960616177729
2168,-1.4925693992961593,0.9309480116194584,-1.0234775783485959,0.022494789555566278,-0.41702107268800304,-0.0391423246003194,-1.0491493623507964,3.217560909970423,0.40683742795524463,-0.651135495119281,-0.4144556004615526,-1.258971931111926,-0.05133260206799702,1.8847103854589116,0.0,-0.8930772127243898,-0.5664572772702333,1.8651403328624598
2169,-1.4511497669741948,-1.8003907894530935,-1.0234775783485959,0.022494789555566278,-0.41702107268800304,-0.0391423246003194,-1.0491493623507964,3.217560909970423,0.40683742795524463,-0.651135495119281,-0.4144556004615526,-1.2463045789486673,-1.6464739859728936,1.8847103854589116,0.0,-0.8930772127243898,-0.5664572772702333,2.245384604107147
2170,-0.8536955358016,-0.34423531820643855,-1.0234775783485959,0.022494789555566278,-0.41702107268800304,-0.0391423246003194,-1.0491493623507964,3.217560909970423,0.40683742795524463,-0.651135495119281,-0.4144556004615526,-0.1468955725851902,-1.807655456115508,1.8847103854589116,0.0,-0.8930772127243898,-0.5664572772702333,2.625628875351834
2171,-1.297244079178044,-1.8003907894530935,-1.229618695353891,2.3800110042925544,-0.41702107268800304,-0.3420093610540463,0.8780825355439722,0.7319291926560796,0.40683742795524463,-0.651135495119281,-0.4144556004615526,-1.2417747245349746,-0.6398315417835095,1.8847103854589116,0.0,0.6882113771853678,-0.5664572772702333,-1.176813837095037
2172,-0.12468803895260275,0.2922950903216352,-1.229618695353891,2.3800110042925544,-0.41702107268800304,-0.3420093610540463,0.8780825355439722,0.7319291926560796,0.40683742795524463,-0.651135495119281,-0.4144556004615526,0.23262618632079152,0.16357299107020495,1.8847103854589116,0.0,0.6882113771853678,-0.5664572772702333,-0.7965695658503499
2173,-1.2144597344901835,-0.12882633802314594,-1.229618695353891,2.3800110042925544,-0.41702107268800304,-0.3420093610540463,0.8780825355439722,0.7319291926560796,0.40683742795524463,-0.651135495119281,-0.4144556004615526,0.7636921656121309,2.631524322357758,1.8847103854589116,0.0,0.6882113771853678,2.950733787502384,-0.41632529460566275
2174,-0.532383836463084,0.07372840693001358,-1.229618695353891,2.3800110042925544,-0.41702107268800304,-0.3420093610540463,0.8780825355439722,0.7319291926560796,0.40683742795524463,-0.651135495119281,-0.4144556004615526,-0.5355814415726503,0.35685423790355897,1.8847103854589116,0.0,0.6882113771853678,-0.5664572772702333,-0.03608102336097565
2175,1.137132900776744,-1.8003907894530935,-1.229618695353891,2.3800110042925544,-0.41702107268800304,-0.3420093610540463,0.8780825355439722,0.7319291926560796,0.40683742795524463,-0.651135495119281,-0.4144556004615526,-0.6256217231580107,1.1955985589313987,1.8847103854589116,0.0,-0.8930772127243898,1.1921382551160753,0.34416324788371144
2176,0.017095316722317847,-1.8003907894530935,-1.229618695353891,2.3800110042925544,-0.41702107268800304,-0.3420093610540463,0.8780825355439722,0.7319291926560796,0.40683742795524463,-0.651135495119281,-0.4144556004615526,0.1705712409019712,0.18435092988079693,1.8847103854589116,0.0,0.6882113771853678,-0.5664572772702333,0.7244075191283986
2177,-1.4925693992961593,0.9309480116194584,-1.229618695353891,2.3800110042925544,-0.41702107268800304,-0.3420093610540463,0.8780825355439722,0.7319291926560796,0.40683742795524463,-0.651135495119281,-0.4144556004615526,-1.258971931111926,-1.9938104979165827,1.8847103854589116,0.0,-0.8930772127243898,-0.5664572772702333,1.1046517903730857
2178,-1.0723119100159018,0.14115728628900714,-1.229618695353891,2.3800110042925544,-0.41702107268800304,-0.3420093610540463,0.8780825355439722,0.7319291926560796,0.40683742795524463,-0.651135495119281,-0.4144556004615526,-0.07070585737614017,0.050336409957025305,1.8847103854589116,0.0,-0.8930772127243898,-0.5664572772702333,1.4848960616177729
2179,-1.297244079178044,-1.8003907894530935,-1.0234775783485959,-0.6323708256491528,-0.41702107268800304,-0.7054498047985186,-0.7946093003646949,0.2799961531443808,0.40683742795524463,-0.651135495119281,-0.4144556004615526,-1.522825220580636,-1.6010774205820775,1.8847103854589116,0.0,-0.8930772127243898,-0.5664572772702333,-1.176813837095037
2180,-0.12468803895260275,0.2922950903216352,-1.0234775783485959,-0.6323708256491528,-0.41702107268800304,-0.7054498047985186,-0.7946093003646949,0.2799961531443808,0.40683742795524463,-0.651135495119281,-0.4144556004615526,-0.9997088167814956,-1.134388350792525,1.8847103854589116,0.0,-0.8930772127243898,-0.5664572772702333,-0.7965695658503499
2181,-1.2144597344901835,-0.12882633802314594,-1.0234775783485959,-0.6323708256491528,-0.41702107268800304,-0.7054498047985186,-0.7946093003646949,0.2799961531443808,0.40683742795524463,-0.651135495119281,-0.4144556004615526,-0.07682493087991203,-0.7126771932245871,1.8847103854589116,0.0,0.6882113771853678,-0.5664572772702333,-0.41632529460566275
2182,-0.532383836463084,0.07372840693001358,-1.0234775783485959,-0.6323708256491528,-0.41702107268800304,-0.7054498047985186,-0.7946093003646949,0.2799961531443808,0.40683742795524463,-0.651135495119281,-0.4144556004615526,-0.8996634150122428,-1.0710079014377443,1.8847103854589116,0.0,-0.8930772127243898,-0.5664572772702333,-0.03608102336097565
2183,1.137132900776744,-1.8003907894530935,-1.0234775783485959,-0.6323708256491528,-0.41702107268800304,-0.7054498047985186,-0.7946093003646949,0.2799961531443808,0.40683742795524463,-0.651135495119281,-0.4144556004615526,5.20026985884265,1.2957021721498414,1.8847103854589116,0.0,0.6882113771853678,2.950733787502384,0.34416324788371144
2184,0.017095316722317847,-1.8003907894530935,-1.0234775783485959,-0.6323708256491528,-0.41702107268800304,-0.7054498047985186,-0.7946093003646949,0.2799961531443808,0.40683742795524463,-0.651135495119281,-0.4144556004615526,0.09180629475863213,-0.06100713073889485,1.8847103854589116,0.0,0.6882113771853678,-0.5664572772702333,0.7244075191283986
2185,-1.0723119100159018,0.14115728628900714,-1.0234775783485959,-0.6323708256491528,-0.41702107268800304,-0.7054498047985186,-0.7946093003646949,0.2799961531443808,0.40683742795524463,-0.651135495119281,-0.4144556004615526,0.1217636546135913,-0.5653112776656256,1.8847103854589116,0.0,-0.8930772127243898,-0.5664572772702333,1.1046517903730857
2186,0.14607233718679458,0.5118597270857006,-1.0234775783485959,-0.6323708256491528,-0.41702107268800304,-0.7054498047985186,-0.7946093003646949,0.2799961531443808,0.40683742795524463,-0.651135495119281,-0.4144556004615526,-1.4989730140622364,-0.32164603203444453,1.8847103854589116,0.0,-0.8930772127243898,-0.5664572772702333,1.4848960616177729
2187,-1.4925693992961593,0.9309480116194584,-1.0234775783485959,-0.6323708256491528,-0.41702107268800304,-0.7054498047985186,-0.7946093003646949,0.2799961531443808,0.40683742795524463,-0.651135495119281,-0.4144556004615526,-0.7109059476124769,-1.3842514835590596,1.8847103854589116,0.0,-0.8930772127243898,-0.5664572772702333,1.8651403328624598
2188,-1.2144597344901835,-0.12882633802314594,0.83179247469906,0.4154141586783977,-0.41702107268800304,0.6271651555978798,0.9144454015419866,-0.8498364456348662,0.40683742795524463,-0.651135495119281,-0.4144556004615526,-0.4317137938896671,-0.5733749017506824,1.8847103854589116,0.0,-0.8930772127243898,-0.5664572772702333,-1.176813837095037
2189,-1.297244079178044,-1.8003907894530935,0.83179247469906,0.4154141586783977,-0.41702107268800304,0.6271651555978798,0.9144454015419866,-0.8498364456348662,0.40683742795524463,-0.651135495119281,-0.4144556004615526,-0.4295793682504367,-0.46255922809419037,1.8847103854589116,0.0,0.6882113771853678,-0.5664572772702333,-0.7965695658503499
2190,-0.12468803895260275,0.2922950903216352,0.83179247469906,0.4154141586783977,-0.41702107268800304,0.6271651555978798,0.9144454015419866,-0.8498364456348662,0.40683742795524463,-0.651135495119281,-0.4144556004615526,0.022889866918046866,0.14456977765079307,1.8847103854589116,0.0,2.2694999670951255,1.1921382551160753,-0.41632529460566275
2191,-0.532383836463084,0.07372840693001358,0.83179247469906,0.4154141586783977,-0.41702107268800304,0.6271651555978798,0.9144454015419866,-0.8498364456348662,0.40683742795524463,-0.651135495119281,-0.4144556004615526,0.2899540749570772,0.2877400603618869,1.8847103854589116,0.0,0.6882113771853678,-0.5664572772702333,-0.03608102336097565
2192,1.137132900776744,-1.8003907894530935,0.83179247469906,0.4154141586783977,-0.41702107268800304,0.6271651555978798,0.9144454015419866,-0.8498364456348662,0.40683742795524463,-0.651135495119281,-0.4144556004615526,0.5377678517553318,1.678687911566631,1.8847103854589116,0.0,-0.8930772127243898,-0.5664572772702333,0.34416324788371144
2193,0.017095316722317847,-1.8003907894530935,0.83179247469906,0.4154141586783977,-0.41702107268800304,0.6271651555978798,0.9144454015419866,-0.8498364456348662,0.40683742795524463,-0.651135495119281,-0.4144556004615526,0.20903730296549256,0.018709893370600406,1.8847103854589116,0.0,-0.8930772127243898,-0.5664572772702333,0.7244075191283986
2194,0.14607233718679458,0.5118597270857006,0.83179247469906,0.4154141586783977,-0.41702107268800304,0.6271651555978798,0.9144454015419866,-0.8498364456348662,0.40683742795524463,-0.651135495119281,-0.4144556004615526,-0.3797567697694883,-0.2505478025169911,1.8847103854589116,0.0,-0.8930772127243898,-0.5664572772702333,1.1046517903730857
2195,-1.0723119100159018,0.14115728628900714,0.83179247469906,0.4154141586783977,-0.41702107268800304,0.6271651555978798,0.9144454015419866,-0.8498364456348662,0.40683742795524463,-0.651135495119281,-0.4144556004615526,-0.6249431150064074,-1.397138720245787,1.8847103854589116,0.0,-0.8930772127243898,-0.5664572772702333,1.4848960616177729
2196,-0.8536955358016,-0.34423531820643855,0.83179247469906,0.4154141586783977,-0.41702107268800304,0.6271651555978798,0.9144454015419866,-0.8498364456348662,0.40683742795524463,-0.651135495119281,-0.4144556004615526,-1.036289856201675,-1.0221893014464973,1.8847103854589116,0.0,-0.8930772127243898,-0.5664572772702333,1.8651403328624598
2197,-2.0150279340960173,-0.485214850597177,0.83179247469906,0.4154141586783977,-0.41702107268800304,0.6271651555978798,0.9144454015419866,-0.8498364456348662,0.40683742795524463,-0.651135495119281,-0.4144556004615526,-1.6034363289005158,-2.75956354900971,1.8847103854589116,0.0,-0.8930772127243898,-0.5664572772702333,2.245384604107147
2198,-1.2144597344901835,-0.12882633802314594,0.6256513576937649,-0.10847833348537753,-0.41702107268800304,1.1117524139238428,-0.28552917639249187,-0.3979034061231674,0.40683742795524463,1.5357786628062884,2.412803684849147,-0.4317137938896671,-0.5733749017506824,1.8847103854589116,0.0,0.6882113771853678,2.950733787502384,-1.176813837095037
2199,-1.297244079178044,-1.8003907894530935,0.6256513576937649,-0.10847833348537753,-0.41702107268800304,1.1117524139238428,-0.28552917639249187,-0.3979034061231674,0.40683742795524463,1.5357786628062884,2.412803684849147,-0.4295793682504367,-0.46255922809419037,1.8847103854589116,0.0,-0.8930772127243898,-0.5664572772702333,-0.7965695658503499
2200,-0.12468803895260275,0.2922950903216352,0.6256513576937649,-0.10847833348537753,-0.41702107268800304,1.1117524139238428,-0.28552917639249187,-0.3979034061231674,0.40683742795524463,1.5357786628062884,2.412803684849147,0.022889866918046866,0.14456977765079307,1.8847103854589116,0.0,-0.8930772127243898,-0.5664572772702333,-0.41632529460566275
2201,-0.532383836463084,0.07372840693001358,0.6256513576937649,-0.10847833348537753,-0.41702107268800304,1.1117524139238428,-0.28552917639249187,-0.3979034061231674,0.40683742795524463,1.5357786628062884,2.412803684849147,0.2899540749570772,0.2877400603618869,1.8847103854589116,0.0,0.6882113771853678,-0.5664572772702333,-0.03608102336097565
2202,1.137132900776744,-1.8003907894530935,0.6256513576937649,-0.10847833348537753,-0.41702107268800304,1.1117524139238428,-0.28552917639249187,-0.3979034061231674,0.40683742795524463,1.5357786628062884,2.412803684849147,0.5377678517553318,1.678687911566631,1.8847103854589116,0.0,0.6882113771853678,-0.5664572772702333,0.34416324788371144
2203,-1.2144597344901835,-0.12882633802314594,1.037933591704355,0.2844410356374539,-0.41702107268800304,0.5665917483071344,-0.32189204239050634,-0.6238699258790168,0.40683742795524463,-0.651135495119281,-0.4144556004615526,-0.4317137938896671,-0.5733749017506824,1.8847103854589116,0.0,-0.8930772127243898,-0.5664572772702333,-1.176813837095037
2204,-1.297244079178044,-1.8003907894530935,1.037933591704355,0.2844410356374539,-0.41702107268800304,0.5665917483071344,-0.32189204239050634,-0.6238699258790168,0.40683742795524463,-0.651135495119281,-0.4144556004615526,-0.4295793682504367,-0.46255922809419037,1.8847103854589116,0.0,0.6882113771853678,-0.5664572772702333,-0.7965695658503499
2205,-0.12468803895260275,0.2922950903216352,1.037933591704355,0.2844410356374539,-0.41702107268800304,0.5665917483071344,-0.32189204239050634,-0.6238699258790168,0.40683742795524463,-0.651135495119281,-0.4144556004615526,0.022889866918046866,0.14456977765079307,1.8847103854589116,0.0,0.6882113771853678,-0.5664572772702333,-0.41632529460566275
2206,-0.532383836463084,0.07372840693001358,1.037933591704355,0.2844410356374539,-0.41702107268800304,0.5665917483071344,-0.32189204239050634,-0.6238699258790168,0.40683742795524463,-0.651135495119281,-0.4144556004615526,0.2899540749570772,0.2877400603618869,1.8847103854589116,0.0,0.6882113771853678,1.1921382551160753,-0.03608102336097565
2207,1.137132900776744,-1.8003907894530935,1.037933591704355,0.2844410356374539,-0.41702107268800304,0.5665917483071344,-0.32189204239050634,-0.6238699258790168,0.40683742795524463,-0.651135495119281,-0.4144556004615526,0.5377678517553318,1.678687911566631,1.8847103854589116,0.0,0.6882113771853678,1.1921382551160753,0.34416324788371144
2208,-0.9771506043195858,0.2788152723804184,1.037933591704355,0.2844410356374539,-0.41702107268800304,0.5665917483071344,-0.32189204239050634,-0.6238699258790168,0.40683742795524463,-0.651135495119281,-0.4144556004615526,0.1624163429433899,-0.36524966972237616,1.8847103854589116,0.0,-0.8930772127243898,2.950733787502384,0.7244075191283986
2209,-2.6298967840655036,-1.8003907894530935,1.037933591704355,0.2844410356374539,-0.41702107268800304,0.5665917483071344,-0.32189204239050634,-0.6238699258790168,0.40683742795524463,-0.651135495119281,-0.4144556004615526,-0.9914785179171803,0.2591078240508381,1.8847103854589116,0.0,-0.8930772127243898,1.1921382551160753,1.1046517903730857
2210,-2.6298967840655036,-1.8003907894530935,1.037933591704355,0.2844410356374539,-0.41702107268800304,0.5665917483071344,-0.32189204239050634,-0.6238699258790168,0.40683742795524463,-0.651135495119281,-0.4144556004615526,-0.1173848180949613,-0.6623478013618735,1.8847103854589116,0.0,-0.8930772127243898,-0.5664572772702333,1.4848960616177729
2211,-1.4879261666467587,-0.12750814588193318,1.037933591704355,0.2844410356374539,-0.41702107268800304,0.5665917483071344,-0.32189204239050634,-0.6238699258790168,0.40683742795524463,-0.651135495119281,-0.4144556004615526,-0.6943293484904106,-1.4888146631450843,1.8847103854589116,0.0,-0.8930772127243898,-0.5664572772702333,1.8651403328624598
2212,-2.6298967840655036,-1.7670561678481833,1.037933591704355,0.2844410356374539,-0.41702107268800304,0.5665917483071344,-0.32189204239050634,-0.6238699258790168,0.40683742795524463,-0.651135495119281,-0.4144556004615526,-2.0050058926499936,-2.800300322604196,1.8847103854589116,0.0,-0.8930772127243898,-0.5664572772702333,2.245384604107147
2213,-0.7986357834816118,-1.8003907894530935,1.037933591704355,2.118064758210667,-0.41702107268800304,0.5665917483071344,-0.9036978983587384,-0.6238699258790168,0.40683742795524463,1.5357786628062884,2.412803684849147,0.8416451020014147,0.41524725385132905,2.078518045385507,0.0,-0.8930772127243898,-0.5664572772702333,-1.176813837095037
2214,-2.6298967840655036,-1.8003907894530935,1.037933591704355,2.118064758210667,-0.41702107268800304,0.5665917483071344,-0.9036978983587384,-0.6238699258790168,0.40683742795524463,1.5357786628062884,2.412803684849147,-1.469899584825263,-2.482661792321849,2.078518045385507,0.0,-0.8930772127243898,-0.5664572772702333,-0.7965695658503499
2215,-1.2144597344901835,0.8634148684752844,1.037933591704355,2.118064758210667,-0.41702107268800304,0.5665917483071344,-0.9036978983587384,-0.6238699258790168,0.40683742795524463,1.5357786628062884,2.412803684849147,-1.64112170158621,-2.241254543457601,2.078518045385507,0.0,-0.8930772127243898,-0.5664572772702333,-0.41632529460566275
2216,-2.6298967840655036,-1.8003907894530935,1.037933591704355,2.118064758210667,-0.41702107268800304,0.5665917483071344,-0.9036978983587384,-0.6238699258790168,0.40683742795524463,1.5357786628062884,2.412803684849147,-1.9158507016965534,-2.660402815537556,2.078518045385507,0.0,-0.8930772127243898,-0.5664572772702333,-0.03608102336097565
2217,0.017095316722317847,0.8764925261022332,1.037933591704355,2.118064758210667,-0.41702107268800304,0.5665917483071344,-0.9036978983587384,-0.6238699258790168,0.40683742795524463,1.5357786628062884,2.412803684849147,-1.1792499734727364,0.12124351520158215,2.078518045385507,0.0,-0.8930772127243898,-0.5664572772702333,0.34416324788371144
2218,-2.6298967840655036,0.7197691621492108,1.037933591704355,2.118064758210667,-0.41702107268800304,0.5665917483071344,-0.9036978983587384,-0.6238699258790168,0.40683742795524463,1.5357786628062884,2.412803684849147,0.02398608008602088,0.09989220357230139,2.078518045385507,0.0,0.6882113771853678,1.1921382551160753,0.7244075191283986
2219,-0.9771506043195858,1.580764605344842,1.037933591704355,2.118064758210667,-0.41702107268800304,0.5665917483071344,-0.9036978983587384,-0.6238699258790168,0.40683742795524463,1.5357786628062884,2.412803684849147,0.6712332549736212,1.1991025039344994,2.078518045385507,0.0,0.6882113771853678,2.950733787502384,1.1046517903730857
2220,-2.6298967840655036,1.2985523285136402,1.037933591704355,2.118064758210667,-0.41702107268800304,0.5665917483071344,-0.9036978983587384,-0.6238699258790168,0.40683742795524463,1.5357786628062884,2.412803684849147,-0.5025848452096566,-0.5293526108935491,2.078518045385507,0.0,-0.8930772127243898,2.950733787502384,1.4848960616177729
2221,-1.4925693992961593,-0.37275891086658264,1.037933591704355,2.118064758210667,-0.41702107268800304,0.5665917483071344,-0.9036978983587384,-0.6238699258790168,0.40683742795524463,1.5357786628062884,2.412803684849147,-1.7594309427450623,-2.4149573838216836,2.078518045385507,0.0,-0.8930772127243898,-0.5664572772702333,1.8651403328624598
2222,-2.6298967840655036,-1.8003907894530935,1.037933591704355,2.118064758210667,-0.41702107268800304,0.5665917483071344,-0.9036978983587384,-0.6238699258790168,0.40683742795524463,1.5357786628062884,2.412803684849147,-1.868907257800697,-2.586741700532121,2.078518045385507,0.0,-0.8930772127243898,-0.5664572772702333,2.245384604107147
2223,-2.0150279340960173,-1.4342685077911228,1.037933591704355,2.118064758210667,-0.41702107268800304,0.5665917483071344,-0.9036978983587384,-0.6238699258790168,0.40683742795524463,1.5357786628062884,2.412803684849147,-1.7445479639671677,-2.0120337422794603,2.078518045385507,0.0,-0.8930772127243898,-0.5664572772702333,2.625628875351834
2224,-0.7986357834816118,-1.8003907894530935,1.2440747087096502,2.2490378812516107,-0.41702107268800304,-0.0391423246003194,-0.7946093003646949,-0.8498364456348662,0.40683742795524463,-0.651135495119281,-0.4144556004615526,0.8416451020014147,0.41524725385132905,2.078518045385507,0.0,2.2694999670951255,1.1921382551160753,-1.176813837095037
2225,-1.2144597344901835,0.8634148684752844,1.2440747087096502,2.2490378812516107,-0.41702107268800304,-0.0391423246003194,-0.7946093003646949,-0.8498364456348662,0.40683742795524463,-0.651135495119281,-0.4144556004615526,-1.64112170158621,-2.241254543457601,2.078518045385507,0.0,-0.8930772127243898,-0.5664572772702333,-0.7965695658503499
2226,0.017095316722317847,0.8764925261022332,1.2440747087096502,2.2490378812516107,-0.41702107268800304,-0.0391423246003194,-0.7946093003646949,-0.8498364456348662,0.40683742795524463,-0.651135495119281,-0.4144556004615526,-1.1792499734727364,0.12124351520158215,2.078518045385507,0.0,0.6882113771853678,-0.5664572772702333,-0.41632529460566275
2227,-2.6298967840655036,-1.8003907894530935,1.2440747087096502,2.2490378812516107,-0.41702107268800304,-0.0391423246003194,-0.7946093003646949,-0.8498364456348662,0.40683742795524463,-0.651135495119281,-0.4144556004615526,-1.2034942647009512,-1.5784337448217822,2.078518045385507,0.0,-0.8930772127243898,-0.5664572772702333,-0.03608102336097565
2228,-2.6298967840655036,-1.8003907894530935,1.2440747087096502,2.2490378812516107,-0.41702107268800304,-0.0391423246003194,-0.7946093003646949,-0.8498364456348662,0.40683742795524463,-0.651135495119281,-0.4144556004615526,-0.23814226866228935,-0.13231468684094924,2.078518045385507,0.0,-0.8930772127243898,2.950733787502384,0.34416324788371144
2229,-2.6298967840655036,0.7197691621492108,1.2440747087096502,2.2490378812516107,-0.41702107268800304,-0.0391423246003194,-0.7946093003646949,-0.8498364456348662,0.40683742795524463,-0.651135495119281,-0.4144556004615526,0.02398608008602088,0.09989220357230139,2.078518045385507,0.0,-0.8930772127243898,-0.5664572772702333,0.7244075191283986
2230,-0.9771506043195858,1.580764605344842,1.2440747087096502,2.2490378812516107,-0.41702107268800304,-0.0391423246003194,-0.7946093003646949,-0.8498364456348662,0.40683742795524463,-0.651135495119281,-0.4144556004615526,0.6712332549736212,1.1991025039344994,2.078518045385507,0.0,0.6882113771853678,2.950733787502384,1.1046517903730857
2231,-2.6298967840655036,1.2985523285136402,1.2440747087096502,2.2490378812516107,-0.41702107268800304,-0.0391423246003194,-0.7946093003646949,-0.8498364456348662,0.40683742795524463,-0.651135495119281,-0.4144556004615526,-0.5025848452096566,-0.5293526108935491,2.078518045385507,0.0,-0.8930772127243898,-0.5664572772702333,1.4848960616177729
2232,-2.174380183717148,-1.8003907894530935,1.2440747087096502,2.2490378812516107,-0.41702107268800304,-0.0391423246003194,-0.7946093003646949,-0.8498364456348662,0.40683742795524463,-0.651135495119281,-0.4144556004615526,-2.0050058926499936,-2.800300322604196,2.078518045385507,0.0,-0.8930772127243898,-0.5664572772702333,1.8651403328624598
2233,-2.0150279340960173,-1.4342685077911228,1.2440747087096502,2.2490378812516107,-0.41702107268800304,-0.0391423246003194,-0.7946093003646949,-0.8498364456348662,0.40683742795524463,-0.651135495119281,-0.4144556004615526,-1.7445479639671677,-2.0120337422794603,2.078518045385507,0.0,-0.8930772127243898,-0.5664572772702333,2.245384604107147
2234,-0.9714198590133943,0.09043939699262679,0.6256513576937649,-0.7633439486900966,0.16676217049808661,0.8694587847608612,-0.24916631039447737,-0.171936886367318,0.40683742795524463,-0.651135495119281,-0.4144556004615526,0.11528846579000065,0.11875248757790573,0.33424910604614566,0.0,-0.8930772127243898,-0.5664572772702333,0.7244075191283986
2235,-1.3082703239184224,-1.8003907894530935,0.007228006677879595,-0.8943170717310404,-0.41702107268800304,-1.432330692287463,-0.9400607643567529,0.5059626729002302,0.40683742795524463,1.5357786628062884,-0.4144556004615526,-0.5219104339013203,-0.6347268338900115,-0.24717387373364158,0.0,0.6882113771853678,-0.5664572772702333,0.7244075191283986
2236,0.0035401317838071487,0.8319704152015397,-1.4357598123591861,0.6773604047602854,0.16676217049808661,0.38487152643489825,0.11446234958566764,0.957895712411929,0.40683742795524463,-0.651135495119281,-0.4144556004615526,-0.8989513805564626,-0.6428760186461784,1.1094797457525287,0.0,-0.8930772127243898,-0.5664572772702333,-0.03608102336097565
2237,0.4299164761835768,-0.06422971882193677,0.4195102406884698,-0.7633439486900966,-0.41702107268800304,0.2637247118534075,-1.0855122283488108,0.2799961531443808,0.40683742795524463,1.5357786628062884,-0.4144556004615526,-0.7582971113926343,-0.18742572129618007,-0.44098153366023735,0.0,-0.8930772127243898,-0.5664572772702333,-0.7965695658503499
2238,-2.6298967840655036,-1.300318078306219,0.6256513576937649,-1.0252901947719841,-0.41702107268800304,-1.8563445433226808,-0.9400607643567529,-0.171936886367318,0.40683742795524463,-0.651135495119281,-0.4144556004615526,-0.2975384898055835,-0.2333276917376926,-0.24717387373364158,0.0,0.6882113771853678,-0.5664572772702333,1.1046517903730857
2239,-2.6298967840655036,-0.23454539513907277,1.4502158257149453,-1.156263317812928,-0.41702107268800304,-1.7957711360319355,-0.9764236303547674,-0.171936886367318,0.40683742795524463,-0.651135495119281,-0.4144556004615526,-0.3454602511626564,-0.8698575317328092,-0.24717387373364158,0.0,-0.8930772127243898,-0.5664572772702333,1.8651403328624598
2240,0.30486590107301353,-0.09829382215170517,-0.19891311032741552,-0.6323708256491528,0.7505454136841763,0.20315130456266212,-0.43098064038454986,-1.0758029653907155,-1.7618165702686994,1.5357786628062884,-0.4144556004615526,-0.9403593768302966,-0.2636170623207626,-0.8285968535134288,0.0,-0.8930772127243898,-0.5664572772702333,-0.03608102336097565
2241,-0.3165212246922754,0.36325143957266337,-1.0234775783485959,3.2968228655791614,-0.41702107268800304,-0.4025827683447917,0.8780825355439722,0.2799961531443808,0.40683742795524463,-0.651135495119281,-0.4144556004615526,-0.6731068411017991,0.19688218967168133,1.4970950656057203,0.0,-0.8930772127243898,-0.5664572772702333,-0.03608102336097565
2242,0.24237201638322264,0.1897462755775577,0.007228006677879595,0.2844410356374539,0.16676217049808661,1.2328992285053335,2.223508577470509,-0.3979034061231674,0.40683742795524463,1.5357786628062884,-0.4144556004615526,-0.014942809093210552,-0.37345916738624857,0.7218644258993372,0.0,-0.8930772127243898,-0.5664572772702333,0.7244075191283986
2243,1.0718031166720068,0.9958735811549502,0.6256513576937649,-0.7633439486900966,-0.41702107268800304,0.08200448998117135,-1.0855122283488108,-0.171936886367318,0.40683742795524463,-0.651135495119281,-0.4144556004615526,-0.9022300437724193,0.6422664854288203,-0.44098153366023735,0.0,-0.8930772127243898,-0.5664572772702333,-0.7965695658503499
2244,1.137132900776744,0.9242742900882261,1.037933591704355,-0.37042457956726516,-0.41702107268800304,-2.038064765194917,-1.1218750943468254,0.0540296333885314,0.40683742795524463,-0.651135495119281,-0.4144556004615526,2.082965177930207,-0.11273451650457549,0.915672085825933,0.0,-0.8930772127243898,-0.5664572772702333,-0.03608102336097565
2245,-0.3266515541539437,0.3758349449295789,0.6256513576937649,1.8561185121287795,-0.41702107268800304,0.7483119701793706,0.29627667957574016,-0.6238699258790168,0.40683742795524463,1.5357786628062884,-0.4144556004615526,0.33690370895282723,-0.1693016462788645,-0.053366213807045836,0.0,-0.8930772127243898,1.1921382551160753,-0.7965695658503499
2246,0.098957641854805,0.7755886301313003,1.8624980597255354,0.4154141586783977,-0.41702107268800304,-1.0083168412522454,-1.1218750943468254,-0.6238699258790168,0.40683742795524463,-0.651135495119281,-0.4144556004615526,-0.48097739935755895,0.24824329647889123,1.3032874056791244,0.0,-0.8930772127243898,-0.5664572772702333,-0.41632529460566275
2247,1.12551658948148,1.3355232849575063,0.4195102406884698,0.15346791259651008,0.16676217049808661,0.6271651555978798,-0.32189204239050634,-0.6238699258790168,0.40683742795524463,1.5357786628062884,2.412803684849147,0.512498635928527,-0.034793380253494606,-1.4100198332932161,0.0,-0.8930772127243898,-0.5664572772702333,0.34416324788371144
2248,0.0008938218248182944,-1.8003907894530935,-1.8480420463697762,-0.7633439486900966,-0.41702107268800304,1.2934726357960789,-1.1218750943468254,0.957895712411929,0.40683742795524463,1.5357786628062884,-0.4144556004615526,-1.3886229520680249,-0.7750751858473701,-1.0224045134400246,0.0,-0.8930772127243898,-0.5664572772702333,-0.03608102336097565
2249,-1.0706815992788792,-1.8003907894530935,0.2133691236831747,0.6773604047602854,0.16676217049808661,0.8088853774701159,1.8235170514923493,-0.6238699258790168,0.40683742795524463,-0.651135495119281,-0.4144556004615526,-0.6819915961227883,-0.8093488777565633,1.1094797457525287,0.0,-0.8930772127243898,1.1921382551160753,0.7244075191283986
2250,0.08599244335327669,0.17640689266510587,0.4195102406884698,1.2012528969240606,-0.41702107268800304,0.5665917483071344,0.07809948358765315,-1.0758029653907155,0.40683742795524463,-0.651135495119281,-0.4144556004615526,-0.35569280810386805,-0.5102367019867853,-0.6347891935868331,0.0,-0.8930772127243898,1.1921382551160753,0.34416324788371144
2251,0.9764160469408608,0.3886615273265919,0.4195102406884698,-0.23945145652632133,-0.41702107268800304,0.14257789727191675,-1.1218750943468254,0.2799961531443808,0.40683742795524463,1.5357786628062884,-0.4144556004615526,-0.6551445101828798,-0.026775266817377727,-1.0224045134400246,0.0,-0.8930772127243898,-0.5664572772702333,-0.7965695658503499
2252,1.0718031166720068,0.5107699421845582,0.007228006677879595,-1.4182095638948156,4.837028115986804,1.475192857668315,1.5689769895062478,-0.3979034061231674,-1.7618165702686994,-0.651135495119281,-0.4144556004615526,0.892952704698139,0.005153475129329026,0.5280567659727414,0.0,0.6882113771853678,-0.5664572772702333,-0.7965695658503499
2253,0.16247930012799525,-1.5533318254877095,1.037933591704355,-0.5013977026082089,-0.41702107268800304,-2.1592115797764078,-1.1218750943468254,0.0540296333885314,0.40683742795524463,1.5357786628062884,-0.4144556004615526,0.429010919405928,-0.19283727387144042,1.3032874056791244,0.0,-0.8930772127243898,1.1921382551160753,0.7244075191283986
2254,-1.2347235803247418,-1.8003907894530935,-1.229618695353891,1.3322260199650044,-0.41702107268800304,0.8694587847608612,-1.0491493623507964,0.957895712411929,0.40683742795524463,1.5357786628062884,-0.4144556004615526,-0.39671716869396156,-0.7803894671293846,0.33424910604614566,0.0,-0.8930772127243898,-0.5664572772702333,0.34416324788371144
2255,0.9745036248313198,1.5952601432413756,0.4195102406884698,-1.4182095638948156,2.501895143242445,1.2328992285053335,0.6235424735578706,-0.3979034061231674,-1.7618165702686994,-0.651135495119281,-0.4144556004615526,-0.25709097095507305,-0.009035708041320032,-1.6038274932198118,0.0,0.6882113771853678,-0.5664572772702333,-0.7965695658503499
2256,1.0499402978220351,0.636763693154571,0.6256513576937649,-0.23945145652632133,0.16676217049808661,0.8694587847608612,1.7144284534983059,-0.8498364456348662,0.40683742795524463,-0.651135495119281,-0.4144556004615526,0.5774670005432297,0.06693840820389607,0.33424910604614566,0.0,-0.8930772127243898,-0.5664572772702333,-0.7965695658503499
2257,0.10579764898771614,0.24919716956830296,-1.4357598123591861,-0.23945145652632133,-0.41702107268800304,0.02143108269042598,1.787154185494335,2.087728311191176,0.40683742795524463,-0.651135495119281,-0.4144556004615526,-0.18236002712737132,-0.518026144632372,-0.053366213807045836,0.0,-0.8930772127243898,-0.5664572772702333,-0.7965695658503499
2258,1.137132900776744,0.8453712055775778,1.037933591704355,-0.37042457956726516,-0.41702107268800304,-2.0986381724856624,-1.0855122283488108,0.0540296333885314,0.40683742795524463,-0.651135495119281,-0.4144556004615526,1.987215726620142,0.0899354606657321,0.7218644258993372,0.0,-0.8930772127243898,-0.5664572772702333,-0.03608102336097565
2259,1.1079849557351982,0.6688130625352651,-0.4050542273327106,-0.6323708256491528,-0.41702107268800304,-0.8871700266707547,-0.7582464343666804,1.4098287519236279,0.40683742795524463,1.5357786628062884,2.412803684849147,-0.5882804348774963,0.4772253801542039,-0.24717387373364158,0.0,-0.8930772127243898,1.1921382551160753,-0.03608102336097565
2260,-0.9203047848344194,-1.8003907894530935,-0.19891311032741552,0.15346791259651008,-0.41702107268800304,0.7483119701793706,-1.0491493623507964,-0.171936886367318,0.40683742795524463,1.5357786628062884,-0.4144556004615526,-0.9157189268172037,-0.1405800134503031,0.915672085825933,0.0,-0.8930772127243898,-0.5664572772702333,-0.03608102336097565
2261,-2.6298967840655036,-1.8003907894530935,1.2440747087096502,-0.6323708256491528,-0.41702107268800304,-0.46315617563553707,-1.1218750943468254,-1.0758029653907155,0.40683742795524463,-0.651135495119281,-0.4144556004615526,-0.8296296318840584,-1.844202763174395,1.3032874056791244,0.0,-0.8930772127243898,-0.5664572772702333,1.4848960616177729
2262,1.1021007582216382,0.8936344525749355,0.007228006677879595,-0.5013977026082089,-0.41702107268800304,-1.7957711360319355,-0.9764236303547674,0.2799961531443808,0.40683742795524463,-0.651135495119281,-0.4144556004615526,1.3373501528774798,0.3424932308256497,0.5280567659727414,0.0,-0.8930772127243898,-0.5664572772702333,-0.7965695658503499
2263,-0.7425390086567631,-1.573432555747483,-1.0234775783485959,-1.4182095638948156,-0.41702107268800304,0.08200448998117135,0.47809100956581263,1.1838622321677783,0.40683742795524463,-0.651135495119281,-0.4144556004615526,0.038649769339530925,0.31327398715522137,0.14044144611954992,0.0,-0.8930772127243898,1.1921382551160753,-0.7965695658503499
2264,-0.5828217704797001,0.8436871889357779,0.2133691236831747,-1.287236440853872,3.085678386428535,0.8694587847608612,0.7326310715519142,-1.301769485146565,-1.7618165702686994,-0.651135495119281,-0.4144556004615526,-0.17815352921536828,-0.47403962404404953,1.1094797457525287,0.0,-0.8930772127243898,1.1921382551160753,-1.176813837095037
2265,0.9411031057309757,0.3903452992438875,1.6563569427202405,0.15346791259651008,-0.41702107268800304,-2.583225430811625,-0.8309721663627093,0.0540296333885314,0.40683742795524463,-0.651135495119281,-0.4144556004615526,1.2424491228719816,1.1340666761527185,-1.0224045134400246,0.0,-0.8930772127243898,-0.5664572772702333,1.1046517903730857
2266,-1.26344690209404,-0.05489983621536947,-0.19891311032741552,0.15346791259651008,-0.41702107268800304,0.6877385628886251,-1.0491493623507964,-0.3979034061231674,0.40683742795524463,-0.651135495119281,-0.4144556004615526,-0.6561702364767671,-0.8411694068152581,0.7218644258993372,0.0,-0.8930772127243898,-0.5664572772702333,1.1046517903730857
2267,1.137132900776744,-1.8003907894530935,0.2133691236831747,-1.0252901947719841,1.334328656870266,0.9300321920516067,1.0598968655340446,-1.0758029653907155,-1.7618165702686994,-0.651135495119281,-0.4144556004615526,-0.4786724504600655,1.2957021721498414,1.1094797457525287,0.0,-0.8930772127243898,-0.5664572772702333,0.34416324788371144
2268,-2.6298967840655036,-1.8003907894530935,-0.19891311032741552,-0.23945145652632133,-0.41702107268800304,1.1723258212145882,1.2053483295261027,0.7319291926560796,0.40683742795524463,1.5357786628062884,-0.4144556004615526,-0.5855370418488145,-1.061719879537596,1.3032874056791244,0.0,-0.8930772127243898,-0.5664572772702333,-0.03608102336097565
2269,0.3620878868791714,-0.1707013686134382,0.83179247469906,-0.10847833348537753,-0.41702107268800304,0.08200448998117135,0.6962682055538997,0.5059626729002302,0.40683742795524463,-0.651135495119281,-0.4144556004615526,-0.8712593527499878,0.6139656748380703,-0.44098153366023735,0.0,-0.8930772127243898,-0.5664572772702333,-0.7965695658503499
2270,0.7007338913917959,0.5706533266716411,0.4195102406884698,0.6773604047602854,-0.41702107268800304,0.44544493372564364,-0.10371484640241935,-1.301769485146565,0.40683742795524463,-0.651135495119281,-0.4144556004615526,-0.0881318775398373,-0.1717690113963795,-0.8285968535134288,0.0,-0.8930772127243898,-0.5664572772702333,-1.176813837095037
2271,-1.2541614163516825,-1.1074938746133849,0.6256513576937649,0.022494789555566278,4.253244872800714,1.2328992285053335,-0.39461777438653534,-0.8498364456348662,-3.9304705684926433,-0.651135495119281,-0.4144556004615526,-1.1006287437479643,-0.3138777651652491,0.33424910604614566,0.0,-0.8930772127243898,-0.5664572772702333,0.7244075191283986
2272,0.14607233718679458,0.0926895210064436,0.4195102406884698,1.0702797738831167,-0.41702107268800304,0.6877385628886251,-0.5400692383785933,-0.6238699258790168,0.40683742795524463,-0.651135495119281,-0.4144556004615526,-0.08990481174032551,-0.3817570994895949,-0.8285968535134288,0.0,-0.8930772127243898,1.1921382551160753,1.1046517903730857
2273,1.137132900776744,2.035449405783082,-0.4050542273327106,-0.7633439486900966,-0.41702107268800304,0.9300321920516067,-0.14007771240043385,-0.6238699258790168,0.40683742795524463,-0.651135495119281,-0.4144556004615526,-0.5603416821749455,0.0684358676714991,1.3032874056791244,0.0,-0.8930772127243898,-0.5664572772702333,0.34416324788371144
2274,-1.433893973738712,-0.7061792963722173,1.8624980597255354,0.022494789555566278,-0.41702107268800304,-0.8871700266707547,-1.1218750943468254,-1.301769485146565,0.40683742795524463,-0.651135495119281,-0.4144556004615526,-1.0799544139025188,-1.6609266278472201,1.3032874056791244,0.0,-0.8930772127243898,-0.5664572772702333,0.7244075191283986
2275,0.5138513120822684,0.17879416271345103,-0.19891311032741552,-0.5013977026082089,0.16676217049808661,0.9300321920516067,-0.7218835683686659,-0.6238699258790168,-1.7618165702686994,1.5357786628062884,2.412803684849147,-0.00351353682253421,-0.34638867680556074,-0.8285968535134288,0.0,0.6882113771853678,-0.5664572772702333,-1.176813837095037
2276,1.1278718430109316,1.1597840063502982,-1.229618695353891,-1.156263317812928,-0.41702107268800304,-2.7043722453931163,2.1871457114724944,1.1838622321677783,0.40683742795524463,1.5357786628062884,-0.4144556004615526,-0.7863890544901064,1.1633452321204858,0.915672085825933,0.0,-0.8930772127243898,-0.5664572772702333,-0.41632529460566275
2277,-0.6944281859853996,0.498356249833921,-0.4050542273327106,-0.8943170717310404,-0.41702107268800304,1.1723258212145882,-0.21280344439646284,-0.6238699258790168,0.40683742795524463,-0.651135495119281,-0.4144556004615526,-0.2572788525828598,0.17016406870811948,0.5280567659727414,0.0,0.6882113771853678,-0.5664572772702333,-0.7965695658503499
2278,-0.3986318503300995,0.11641341729498407,0.83179247469906,-0.5013977026082089,-0.41702107268800304,-2.038064765194917,-1.1218750943468254,0.2799961531443808,0.40683742795524463,1.5357786628062884,-0.4144556004615526,-0.2963161747635572,0.07138608491869274,1.3032874056791244,0.0,-0.8930772127243898,-0.5664572772702333,-0.41632529460566275
2279,0.15126835174472755,-0.029549390715076326,-1.0234775783485959,0.15346791259651008,-0.41702107268800304,0.08200448998117135,-0.030989114406390354,1.1838622321677783,0.40683742795524463,-0.651135495119281,-0.4144556004615526,-0.918806554869427,0.5402658872539837,0.33424910604614566,0.0,-0.8930772127243898,-0.5664572772702333,-0.03608102336097565
2280,0.606630431022145,0.46961048451341736,1.037933591704355,0.2844410356374539,-0.41702107268800304,-0.0391423246003194,-0.17644057839844834,-0.8498364456348662,0.40683742795524463,-0.651135495119281,-0.4144556004615526,1.2202225992237237,0.5978332137521243,-1.2162121733666202,0.0,-0.8930772127243898,-0.5664572772702333,-0.41632529460566275
2281,0.6245327173857026,0.9456706849387915,-0.4050542273327106,-0.6323708256491528,-0.41702107268800304,1.0511790066330975,-0.10371484640241935,-0.6238699258790168,0.40683742795524463,-0.651135495119281,-0.4144556004615526,-0.2349425883692265,-0.22914219737280989,1.4970950656057203,0.0,-0.8930772127243898,1.1921382551160753,-0.7965695658503499
2282,1.0022188820861702,0.761210483737047,0.6256513576937649,-0.37042457956726516,0.7505454136841763,0.8694587847608612,1.8235170514923493,-0.171936886367318,-1.7618165702686994,-0.651135495119281,-0.4144556004615526,0.9347230356836198,0.0061129092395666535,-0.44098153366023735,0.0,-0.8930772127243898,-0.5664572772702333,-0.7965695658503499
2283,-1.4408909720310847,-1.8003907894530935,-1.4357598123591861,0.2844410356374539,-0.41702107268800304,0.44544493372564364,0.25991381357772564,1.6357952716794772,0.40683742795524463,-0.651135495119281,-0.4144556004615526,-0.4672579029136658,-0.7874612616244477,0.33424910604614566,0.0,-0.8930772127243898,-0.5664572772702333,0.7244075191283986
2284,0.7968361018791327,0.6334636776819902,0.6256513576937649,-0.37042457956726516,1.9181119000563556,1.1117524139238428,1.8598799174903637,-0.6238699258790168,-1.7618165702686994,-0.651135495119281,-0.4144556004615526,0.018294569354066623,-0.08904760431608547,0.915672085825933,0.0,-0.8930772127243898,-0.5664572772702333,-0.7965695658503499
2285,-1.4153943726376221,-1.8003907894530935,0.6256513576937649,-0.7633439486900966,-0.41702107268800304,-1.7957711360319355,-0.9036978983587384,-0.6238699258790168,0.40683742795524463,1.5357786628062884,2.412803684849147,-0.7722295688755159,-0.5786481191342049,-0.8285968535134288,0.0,-0.8930772127243898,-0.5664572772702333,1.1046517903730857
2286,-1.3378309903521173,-1.8003907894530935,-0.4050542273327106,-0.8943170717310404,-0.41702107268800304,-1.6746243214504446,-1.012786496352782,0.957895712411929,0.40683742795524463,1.5357786628062884,-0.4144556004615526,-0.49655210019835605,-0.5842337112308579,-1.0224045134400246,0.0,-0.8930772127243898,-0.5664572772702333,-0.03608102336097565
2287,-1.4862002322098684,-0.8773243402648174,2.0686391767308305,0.15346791259651008,-0.41702107268800304,-1.73519772874119,-1.1218750943468254,-0.6238699258790168,0.40683742795524463,-0.651135495119281,-0.4144556004615526,-1.0753080518651035,-1.0817509354846255,1.3032874056791244,0.0,-0.8930772127243898,-0.5664572772702333,1.8651403328624598
2288,-0.43755035632657724,-1.8003907894530935,-1.4357598123591861,-0.5013977026082089,-0.41702107268800304,-0.0391423246003194,0.11446234958566764,1.1838622321677783,0.40683742795524463,-0.651135495119281,-0.4144556004615526,-0.18138482713837467,-0.044745154943366706,1.3032874056791244,0.0,-0.8930772127243898,1.1921382551160753,0.7244075191283986
2289,1.0718031166720068,0.7398577446930737,0.83179247469906,0.9393066508421729,-0.41702107268800304,0.44544493372564364,-0.030989114406390354,-0.6238699258790168,0.40683742795524463,-0.651135495119281,-0.4144556004615526,0.46935962269920073,0.41595104752837636,-1.0224045134400246,0.0,0.6882113771853678,-0.5664572772702333,-0.7965695658503499
2290,0.34395995148795433,0.02021581416147713,0.6256513576937649,1.2012528969240606,-0.41702107268800304,0.44544493372564364,-0.9036978983587384,-0.171936886367318,0.40683742795524463,-0.651135495119281,-0.4144556004615526,-0.7394573438115326,-0.3130196312199454,0.33424910604614566,0.0,-0.8930772127243898,-0.5664572772702333,-0.41632529460566275
2291,-0.3778366076275863,0.2759540586744812,-1.229618695353891,-0.23945145652632133,-0.41702107268800304,-0.0391423246003194,-1.012786496352782,2.765627870458724,0.40683742795524463,-0.651135495119281,-0.4144556004615526,-0.6438303213809435,-0.32642906175158926,1.690902725532316,0.0,-0.8930772127243898,-0.5664572772702333,-0.41632529460566275
2292,1.137132900776744,0.42888765763636183,-0.8173364613433008,1.0702797738831167,0.16676217049808661,0.6271651555978798,0.005373751591624148,-0.171936886367318,0.40683742795524463,-0.651135495119281,-0.4144556004615526,0.9024261409259104,0.8794699104049334,0.33424910604614566,0.0,-0.8930772127243898,-0.5664572772702333,0.34416324788371144
2293,-1.2073376151519866,-0.004865664502560027,-1.4357598123591861,-0.23945145652632133,-0.41702107268800304,0.44544493372564364,1.7144284534983059,0.5059626729002302,0.40683742795524463,-0.651135495119281,-0.4144556004615526,0.366494792808413,-0.8564243031794789,-0.44098153366023735,0.0,-0.8930772127243898,1.1921382551160753,0.7244075191283986
2294,1.0641229913303034,0.625376584739138,0.6256513576937649,0.6773604047602854,0.7505454136841763,0.6271651555978798,-0.32189204239050634,-1.0758029653907155,-1.7618165702686994,-0.651135495119281,-0.4144556004615526,0.36680453773508775,0.2430422722009862,-0.24717387373364158,0.0,-0.8930772127243898,-0.5664572772702333,-0.7965695658503499
2295,-0.8874021840320085,0.08375506339001706,-0.4050542273327106,-1.4182095638948156,3.085678386428535,1.4146194503775698,0.33263954557375464,0.2799961531443808,-1.7618165702686994,-0.651135495119281,2.412803684849147,0.3218822212544213,0.10791544822692434,1.690902725532316,0.0,-0.8930772127243898,1.1921382551160753,0.34416324788371144
2296,1.137132900776744,0.3458468047659715,1.037933591704355,-0.37042457956726516,-0.41702107268800304,-2.0986381724856624,-0.9036978983587384,0.0540296333885314,0.40683742795524463,-0.651135495119281,-0.4144556004615526,1.7351636698963606,1.4595578603824917,-0.8285968535134288,0.0,-0.8930772127243898,-0.5664572772702333,0.7244075191283986
2297,1.1235449760751781,0.4109860477275054,0.007228006677879595,-0.6323708256491528,-0.41702107268800304,-1.432330692287463,-0.6127949703746224,0.957895712411929,0.40683742795524463,-0.651135495119281,-0.4144556004615526,-0.7903533644646046,0.7211695940969709,-0.24717387373364158,0.0,-0.8930772127243898,-0.5664572772702333,0.34416324788371144
2298,0.2694397675922317,-0.035704066144811634,-0.8173364613433008,0.2844410356374539,-0.41702107268800304,0.08200448998117135,0.04173661758963865,0.957895712411929,0.40683742795524463,-0.651135495119281,-0.4144556004615526,-1.1433327889627982,0.3605551456722116,0.5280567659727414,0.0,-0.8930772127243898,-0.5664572772702333,-0.03608102336097565
2299,0.10161722697916616,0.5331264831922091,0.83179247469906,-0.23945145652632133,-0.41702107268800304,-1.250610470415227,-1.0855122283488108,-0.171936886367318,0.40683742795524463,-0.651135495119281,-0.4144556004615526,-0.5840501500757004,-0.16899322953303386,0.5280567659727414,0.0,-0.8930772127243898,1.1921382551160753,0.7244075191283986
2300,1.0876445238386492,0.19787894408330603,0.6256513576937649,-0.10847833348537753,-0.41702107268800304,-0.46315617563553707,-0.14007771240043385,-0.3979034061231674,0.40683742795524463,-0.651135495119281,-0.4144556004615526,0.3942793021196803,0.9747766297198693,-1.4100198332932161,0.0,-0.8930772127243898,-0.5664572772702333,0.7244075191283986
2301,-0.5857510555915164,0.6468515392417774,2.0686391767308305,0.15346791259651008,-0.41702107268800304,-1.73519772874119,-1.1218750943468254,-0.8498364456348662,0.40683742795524463,-0.651135495119281,-0.4144556004615526,-1.074644414696687,-0.7048775026592444,1.3032874056791244,0.0,-0.8930772127243898,-0.5664572772702333,-1.176813837095037
2302,1.137132900776744,-1.8003907894530935,1.037933591704355,1.463199143005948,0.16676217049808661,0.20315130456266212,-0.24916631039447737,-0.6238699258790168,0.40683742795524463,-0.651135495119281,-0.4144556004615526,0.7396076230136369,-0.2755850822664168,1.1094797457525287,0.0,0.6882113771853678,-0.5664572772702333,0.34416324788371144
2303,-0.11751230119366621,0.31762208843432693,-1.229618695353891,-0.6323708256491528,-0.41702107268800304,-0.7054498047985186,-0.8309721663627093,0.2799961531443808,0.40683742795524463,-0.651135495119281,-0.4144556004615526,-0.9956975259171718,-1.0800639054878725,1.690902725532316,0.0,-0.8930772127243898,-0.5664572772702333,-0.7965695658503499
2304,-0.010467658650471202,-0.9265768770539743,1.037933591704355,-1.156263317812928,-0.41702107268800304,0.02143108269042598,-0.10371484640241935,-0.3979034061231674,0.40683742795524463,-0.651135495119281,-0.4144556004615526,-0.5147221894773242,0.26112630119288743,0.5280567659727414,0.0,-0.8930772127243898,-0.5664572772702333,-1.176813837095037
2305,-0.5571240294879833,-0.11204020393898889,0.6256513576937649,0.8083335278012291,0.7505454136841763,0.9300321920516067,1.787154185494335,-0.8498364456348662,0.40683742795524463,-0.651135495119281,-0.4144556004615526,0.10279338499717879,-0.2566353780755209,1.4970950656057203,0.0,0.6882113771853678,-0.5664572772702333,-0.7965695658503499
2306,-0.6901638775236811,0.012574725074922367,0.6256513576937649,1.463199143005948,-0.41702107268800304,0.5665917483071344,-0.14007771240043385,-0.6238699258790168,0.40683742795524463,-0.651135495119281,-0.4144556004615526,-0.5823737216920306,-0.39644498757312074,-1.2162121733666202,0.0,-0.8930772127243898,-0.5664572772702333,1.4848960616177729
2307,-1.2123324552779393,-0.2461130370712732,0.007228006677879595,-0.37042457956726516,-0.41702107268800304,-1.3717572849967177,-0.8309721663627093,1.1838622321677783,0.40683742795524463,1.5357786628062884,-0.4144556004615526,0.1388552606351628,-0.7092720179437311,-0.24717387373364158,0.0,0.6882113771853678,1.1921382551160753,1.4848960616177729
2308,-1.2128859823969032,-0.24075169490351117,-0.19891311032741552,-0.5013977026082089,-0.41702107268800304,-1.3111838777059723,-0.7946093003646949,1.1838622321677783,0.40683742795524463,-0.651135495119281,-0.4144556004615526,0.12764092627080664,-0.7087487906643039,-0.24717387373364158,0.0,0.6882113771853678,-0.5664572772702333,1.4848960616177729
2309,0.21168588944407127,0.5810584041365674,-0.6111953443380057,-0.37042457956726516,-0.41702107268800304,0.20315130456266212,1.8962427834883784,1.8617617914353266,0.40683742795524463,-0.651135495119281,-0.4144556004615526,-0.7083930880287781,-1.081138766329292,-0.8285968535134288,0.0,-0.8930772127243898,-0.5664572772702333,-0.03608102336097565
2310,-1.1214472046506794,-1.8003907894530935,-0.19891311032741552,0.15346791259651008,-0.41702107268800304,0.7483119701793706,0.11446234958566764,-1.301769485146565,0.40683742795524463,-0.651135495119281,-0.4144556004615526,-0.13492918566182252,-0.755820016620886,0.33424910604614566,0.0,-0.8930772127243898,-0.5664572772702333,1.1046517903730857
2311,-1.060948165100436,-0.5310788600644724,0.83179247469906,0.2844410356374539,-0.41702107268800304,0.2637247118534075,-0.030989114406390354,-1.0758029653907155,0.40683742795524463,-0.651135495119281,-0.4144556004615526,0.6108494663716157,0.590838735546949,-1.0224045134400246,0.0,-0.8930772127243898,-0.5664572772702333,0.7244075191283986
2312,0.04101408311674687,-1.8003907894530935,-1.8480420463697762,0.022494789555566278,-0.41702107268800304,0.8694587847608612,2.47804863945661,-1.9796690444141132,0.40683742795524463,-0.651135495119281,-0.4144556004615526,-0.8660320965741004,-1.7884465637789995,1.690902725532316,0.0,-0.8930772127243898,-0.5664572772702333,-0.41632529460566275
2313,-0.10591896048524545,0.46530417934407864,0.4195102406884698,-0.37042457956726516,-0.41702107268800304,-1.6746243214504446,-1.0491493623507964,0.957895712411929,0.40683742795524463,1.5357786628062884,-0.4144556004615526,-0.11003801920193852,-0.3682663692957567,1.4970950656057203,0.0,-0.8930772127243898,1.1921382551160753,-0.41632529460566275
2314,0.38795164825261325,-0.10227826790755991,0.4195102406884698,-0.5013977026082089,-0.41702107268800304,-1.553477506868954,-1.0855122283488108,0.5059626729002302,0.40683742795524463,-0.651135495119281,-0.4144556004615526,-0.1805902838369086,-0.1946925631720298,-0.8285968535134288,0.0,-0.8930772127243898,-0.5664572772702333,-1.176813837095037
2315,-2.6298967840655036,-1.8003907894530935,0.6256513576937649,-0.6323708256491528,-0.41702107268800304,-0.8871700266707547,-1.0491493623507964,-0.3979034061231674,0.40683742795524463,-0.651135495119281,-0.4144556004615526,-0.5195826727119753,-1.5135576593907838,1.4970950656057203,0.0,-0.8930772127243898,-0.5664572772702333,0.34416324788371144
2316,-0.4653932159991511,0.5611864686672227,-0.19891311032741552,0.15346791259651008,-0.41702107268800304,0.7483119701793706,-1.0491493623507964,-0.171936886367318,0.40683742795524463,1.5357786628062884,-0.4144556004615526,-0.19532148581648728,-0.41695922664795937,0.915672085825933,0.0,-0.8930772127243898,-0.5664572772702333,-0.41632529460566275
2317,0.1702794480742469,-0.232114868429218,0.007228006677879595,-0.5013977026082089,-0.41702107268800304,0.5665917483071344,-0.24916631039447737,-0.171936886367318,0.40683742795524463,-0.651135495119281,-0.4144556004615526,-0.8080264868262638,-0.05410842451672212,-0.44098153366023735,0.0,-0.8930772127243898,-0.5664572772702333,0.34416324788371144
2318,-2.6298967840655036,-1.8003907894530935,1.2440747087096502,0.6773604047602854,-0.41702107268800304,-0.22086254647255554,-0.7218835683686659,-1.301769485146565,0.40683742795524463,-0.651135495119281,-0.4144556004615526,-0.9313412010834933,-1.5680398137921019,1.1094797457525287,0.0,-0.8930772127243898,-0.5664572772702333,1.4848960616177729
2319,-1.3574006176599247,-1.6012252887925822,0.83179247469906,-1.0252901947719841,-0.41702107268800304,-0.3420093610540463,0.5144538755638272,-0.171936886367318,0.40683742795524463,-0.651135495119281,-0.4144556004615526,0.030885970194490922,-0.9153077641680205,-0.053366213807045836,0.0,-0.8930772127243898,1.1921382551160753,-0.03608102336097565
2320,-1.4096070422800753,-1.8003907894530935,0.2133691236831747,-0.8943170717310404,-0.41702107268800304,-1.1294636558337363,-1.012786496352782,0.0540296333885314,0.40683742795524463,-0.651135495119281,-0.4144556004615526,-0.25346155986793645,-0.09990763486714263,0.915672085825933,0.0,-0.8930772127243898,-0.5664572772702333,1.1046517903730857
2321,0.17183082961027726,-0.3657118860598766,0.6256513576937649,0.6773604047602854,0.16676217049808661,0.6271651555978798,-0.10371484640241935,-1.301769485146565,0.40683742795524463,-0.651135495119281,-0.4144556004615526,0.2428037174627855,0.38000523905335304,-0.24717387373364158,0.0,-0.8930772127243898,-0.5664572772702333,0.7244075191283986
2322,1.0031102231489437,0.1899746056324365,1.8624980597255354,0.022494789555566278,-0.41702107268800304,-2.583225430811625,-0.9036978983587384,-0.171936886367318,0.40683742795524463,-0.651135495119281,-0.4144556004615526,-0.5377267994981734,0.5623270841097234,-1.0224045134400246,0.0,-0.8930772127243898,-0.5664572772702333,-0.7965695658503499
2323,1.0718031166720068,1.6181059352659815,0.4195102406884698,-1.4182095638948156,1.9181119000563556,1.3540460430868244,0.33263954557375464,-0.3979034061231674,-1.7618165702686994,-0.651135495119281,-0.4144556004615526,0.2684126161959317,0.690664955370794,-1.6038274932198118,0.0,-0.8930772127243898,-0.5664572772702333,-0.7965695658503499
2324,0.9738730395349997,0.6040965403990018,0.4195102406884698,1.2012528969240606,-0.41702107268800304,0.8694587847608612,1.3144369275201464,-0.8498364456348662,-1.7618165702686994,-0.651135495119281,-0.4144556004615526,-0.13674071742223637,0.8592733677142942,-1.4100198332932161,0.0,-0.8930772127243898,-0.5664572772702333,-0.7965695658503499
2325,-0.5422850035600613,0.21305718179446306,-1.0234775783485959,0.022494789555566278,0.16676217049808661,1.475192857668315,2.441685773458596,0.2799961531443808,0.40683742795524463,1.5357786628062884,-0.4144556004615526,-0.6430640682793226,-0.7552627795222028,-0.053366213807045836,0.0,0.6882113771853678,-0.5664572772702333,1.1046517903730857
2326,-0.532383836463084,-0.7422101862411079,-0.19891311032741552,0.2844410356374539,-0.41702107268800304,-0.4025827683447917,-0.7582464343666804,0.0540296333885314,0.40683742795524463,-0.651135495119281,-0.4144556004615526,-0.3754025756499637,-0.5518069148712248,1.690902725532316,0.0,-0.8930772127243898,-0.5664572772702333,-0.03608102336097565
2327,0.20374966352320054,0.300292425564125,0.4195102406884698,0.6773604047602854,-0.41702107268800304,0.44544493372564364,-0.10371484640241935,-1.301769485146565,0.40683742795524463,-0.651135495119281,-0.4144556004615526,-0.3200245157462144,-0.501620576810068,-0.8285968535134288,0.0,-0.8930772127243898,1.1921382551160753,0.34416324788371144
2328,0.30486590107301353,-0.8334112086212974,1.037933591704355,-0.5013977026082089,-0.41702107268800304,-2.1592115797764078,-1.1218750943468254,0.0540296333885314,0.40683742795524463,-0.651135495119281,-0.4144556004615526,-0.4669086166582812,-0.5278600213337872,1.3032874056791244,0.0,-0.8930772127243898,1.1921382551160753,0.34416324788371144
2329,-1.0854004912795556,0.9601980730796971,0.007228006677879595,0.6773604047602854,-0.41702107268800304,0.2637247118534075,-0.06735198040440485,0.0540296333885314,0.40683742795524463,-0.651135495119281,-0.4144556004615526,-0.8696473573580726,-1.104520218961842,-1.2162121733666202,0.0,-0.8930772127243898,-0.5664572772702333,0.7244075191283986
2330,-0.004326698940797837,0.39024023718766526,1.037933591704355,-0.23945145652632133,-0.41702107268800304,-2.401505208939389,-0.9400607643567529,-0.171936886367318,0.40683742795524463,-0.651135495119281,-0.4144556004615526,-0.36258400584610756,-0.12435579643734146,0.915672085825933,0.0,-0.8930772127243898,-0.5664572772702333,-0.41632529460566275
2331,-0.851814582449415,-0.7241164673757148,-0.19891311032741552,0.15346791259651008,-0.41702107268800304,0.08200448998117135,-0.17644057839844834,0.2799961531443808,0.40683742795524463,-0.651135495119281,-0.4144556004615526,0.7182378361937117,-0.10314914029577171,-0.44098153366023735,0.0,-0.8930772127243898,1.1921382551160753,1.4848960616177729
2332,0.11737440546806199,0.5619621312164628,1.4502158257149453,-0.10847833348537753,-0.41702107268800304,-2.4620786162301345,-0.9036978983587384,0.0540296333885314,0.40683742795524463,-0.651135495119281,-0.4144556004615526,-0.5403312382947542,0.274974219685952,0.33424910604614566,0.0,-0.8930772127243898,-0.5664572772702333,-0.41632529460566275
2333,1.0476141410190758,0.840412088171697,0.6256513576937649,1.594172266046892,-0.41702107268800304,0.506018341016389,0.15082521558368214,-0.6238699258790168,0.40683742795524463,1.5357786628062884,-0.4144556004615526,0.5106311094150002,0.4808918864780127,-0.053366213807045836,0.0,0.6882113771853678,-0.5664572772702333,-1.176813837095037
2334,-0.764645050356286,-0.4891538647336779,0.2133691236831747,-1.287236440853872,3.085678386428535,0.8694587847608612,0.7326310715519142,-1.301769485146565,-1.7618165702686994,-0.651135495119281,-0.4144556004615526,-0.6074524645804541,-0.6930034835854598,1.1094797457525287,0.0,-0.8930772127243898,-0.5664572772702333,-0.7965695658503499
2335,-1.202302033768072,-0.15913560613951552,0.4195102406884698,-1.4182095638948156,0.16676217049808661,-0.09971573189106478,0.8780825355439722,-0.6238699258790168,-1.7618165702686994,-0.651135495119281,-0.4144556004615526,-0.5557821272687566,-0.32968805787215927,0.915672085825933,0.0,-0.8930772127243898,-0.5664572772702333,0.7244075191283986
2336,1.0718031166720068,0.8123032714970676,1.4502158257149453,-1.0252901947719841,-0.41702107268800304,-1.6746243214504446,-0.9764236303547674,-0.171936886367318,0.40683742795524463,-0.651135495119281,-0.4144556004615526,-0.07504381082559633,0.6422664854288203,0.14044144611954992,0.0,0.6882113771853678,-0.5664572772702333,-0.7965695658503499
2337,1.118558161517782,1.0155382177916363,1.037933591704355,-0.6323708256491528,-0.41702107268800304,0.08200448998117135,-0.10371484640241935,-0.6238699258790168,0.40683742795524463,-0.651135495119281,-0.4144556004615526,-0.16208335565325876,0.6694407691924189,-0.053366213807045836,0.0,0.6882113771853678,-0.5664572772702333,-0.03608102336097565
2338,1.1249146720459102,1.336088345205697,0.4195102406884698,-0.23945145652632133,0.16676217049808661,0.6877385628886251,-0.39461777438653534,-0.6238699258790168,0.40683742795524463,1.5357786628062884,2.412803684849147,0.5111892717764558,-0.15492275758516433,-1.4100198332932161,0.0,-0.8930772127243898,-0.5664572772702333,0.34416324788371144
2339,-2.6298967840655036,-1.8003907894530935,1.2440747087096502,2.2490378812516107,-0.41702107268800304,-0.0391423246003194,-0.35825490838852087,-0.8498364456348662,0.40683742795524463,-0.651135495119281,-0.4144556004615526,-0.8693571479534962,-1.0561307681632257,1.1094797457525287,0.0,-0.8930772127243898,-0.5664572772702333,0.7244075191283986
2340,1.137132900776744,0.5928081816810912,0.007228006677879595,-0.8943170717310404,-0.41702107268800304,0.02143108269042598,-0.9400607643567529,0.7319291926560796,0.40683742795524463,1.5357786628062884,-0.4144556004615526,-0.7533093664868092,1.0462617921948953,-0.053366213807045836,0.0,-0.8930772127243898,-0.5664572772702333,0.7244075191283986
2341,-0.5857510555915164,0.6468515392417774,0.2133691236831747,-0.10847833348537753,-0.41702107268800304,-1.7957711360319355,-1.1218750943468254,0.2799961531443808,0.40683742795524463,-0.651135495119281,-0.4144556004615526,-0.835098451946314,-0.6484623383063469,1.3032874056791244,0.0,-0.8930772127243898,-0.5664572772702333,-0.41632529460566275
2342,-1.0291837460310274,-1.8003907894530935,-0.4050542273327106,-0.7633439486900966,-0.41702107268800304,-1.7957711360319355,-1.0491493623507964,1.8617617914353266,0.40683742795524463,1.5357786628062884,-0.4144556004615526,-0.029504210817844222,0.5033112294026465,-1.2162121733666202,0.0,-0.8930772127243898,-0.5664572772702333,0.34416324788371144
2343,-1.3007933977788946,-1.624591461947395,0.2133691236831747,-0.37042457956726516,-0.41702107268800304,-1.3717572849967177,-0.10371484640241935,-0.3979034061231674,0.40683742795524463,-0.651135495119281,-0.4144556004615526,-0.5264771390720068,-1.3530726763702943,0.14044144611954992,0.0,-0.8930772127243898,1.1921382551160753,1.4848960616177729
2344,0.970780353846232,0.7003559989603407,0.4195102406884698,1.3322260199650044,0.16676217049808661,0.7483119701793706,1.3507997935181608,-0.6238699258790168,-1.7618165702686994,-0.651135495119281,-0.4144556004615526,0.1538628783886878,0.6065641446949318,-1.0224045134400246,0.0,-0.8930772127243898,-0.5664572772702333,-0.41632529460566275
2345,0.019182946675784854,-1.8003907894530935,0.83179247469906,0.4154141586783977,-0.41702107268800304,0.5665917483071344,0.9144454015419866,-0.8498364456348662,0.40683742795524463,-0.651135495119281,-0.4144556004615526,0.20888449644647175,0.017508605101950753,1.690902725532316,0.0,-0.8930772127243898,-0.5664572772702333,0.34416324788371144
2346,1.0377555576804425,0.8555365223254527,0.6256513576937649,0.15346791259651008,1.9181119000563556,-0.09971573189106478,-0.43098064038454986,-1.0758029653907155,-1.7618165702686994,-0.651135495119281,-0.4144556004615526,1.1566745225545225,0.11104086103895379,-1.4100198332932161,0.0,-0.8930772127243898,-0.5664572772702333,-0.7965695658503499
2347,1.0718031166720068,1.6727385387554283,0.4195102406884698,0.4154141586783977,0.16676217049808661,0.38487152643489825,-0.24916631039447737,-0.8498364456348662,0.40683742795524463,-0.651135495119281,-0.4144556004615526,0.3956545446563562,0.6933180002314245,-1.2162121733666202,0.0,-0.8930772127243898,-0.5664572772702333,-0.7965695658503499
2348,0.4735451993386365,0.11777334868784918,-0.8173364613433008,-0.7633439486900966,-0.41702107268800304,-1.7957711360319355,-0.9764236303547674,1.4098287519236279,0.40683742795524463,-0.651135495119281,-0.4144556004615526,-0.18278275344235728,0.10914212419384244,-1.2162121733666202,0.0,0.6882113771853678,-0.5664572772702333,-1.176813837095037
2349,0.3153829102515279,-0.1775897581465226,-1.4357598123591861,-0.5013977026082089,-0.41702107268800304,1.1723258212145882,2.0416942474804363,0.0540296333885314,0.40683742795524463,-0.651135495119281,-0.4144556004615526,-0.9101688247863392,0.4426902201796298,-0.44098153366023735,0.0,-0.8930772127243898,-0.5664572772702333,-0.03608102336097565
2350,0.33157622610781795,-0.32405177483956105,-0.19891311032741552,0.022494789555566278,0.16676217049808661,0.2637247118534075,-0.28552917639249187,-1.7537025246582638,0.40683742795524463,-0.651135495119281,-0.4144556004615526,0.28236411947755646,-0.12486911144842067,-0.44098153366023735,0.0,0.6882113771853678,-0.5664572772702333,0.34416324788371144
2351,-1.398514409091561,-1.8003907894530935,-0.19891311032741552,-0.6323708256491528,-0.41702107268800304,-1.553477506868954,-0.9036978983587384,1.6357952716794772,0.40683742795524463,1.5357786628062884,-0.4144556004615526,-0.678282609154283,-1.1371615886501782,-1.0224045134400246,0.0,-0.8930772127243898,1.1921382551160753,0.7244075191283986
2352,-0.06395559708053722,-0.40997020169238296,-0.6111953443380057,0.5463872817193415,-0.41702107268800304,-0.5237295829262825,-0.35825490838852087,0.7319291926560796,0.40683742795524463,-0.651135495119281,-0.4144556004615526,-0.503431676824557,-0.212286101308657,0.5280567659727414,0.0,0.6882113771853678,-0.5664572772702333,0.34416324788371144
2353,0.3995977270797819,-0.2971770976472639,1.037933591704355,-1.5491826869357594,1.334328656870266,0.2637247118534075,-0.24916631039447737,-0.6238699258790168,-1.7618165702686994,-0.651135495119281,-0.4144556004615526,-0.13371932294679675,-0.17421559815822465,-0.053366213807045836,0.0,-0.8930772127243898,-0.5664572772702333,-0.03608102336097565
2354,0.2301076286776051,0.13144719619700557,-0.4050542273327106,-0.6323708256491528,-0.41702107268800304,0.9300321920516067,-0.8309721663627093,-0.6238699258790168,0.40683742795524463,1.5357786628062884,2.412803684849147,-0.17672917889991,-0.30919154980138785,-1.0224045134400246,0.0,-0.8930772127243898,-0.5664572772702333,0.7244075191283986
2355,-1.2127971576383016,-1.8003907894530935,1.4502158257149453,-0.7633439486900966,-0.41702107268800304,-1.6746243214504446,0.6235424735578706,-0.6238699258790168,0.40683742795524463,-0.651135495119281,-0.4144556004615526,0.11462326809316307,-0.5477808072269188,-1.0224045134400246,0.0,-0.8930772127243898,-0.5664572772702333,1.8651403328624598
2356,1.137132900776744,-1.8003907894530935,0.2133691236831747,-0.6323708256491528,-0.41702107268800304,0.990605599342352,1.3507997935181608,-0.6238699258790168,0.40683742795524463,-0.651135495119281,-0.4144556004615526,-0.4125150469989425,1.2675593120149213,1.1094797457525287,0.0,-0.8930772127243898,1.1921382551160753,0.34416324788371144
2357,-1.0141723656895256,0.11777868377339248,0.6256513576937649,1.2012528969240606,0.7505454136841763,0.506018341016389,1.4962512575102187,-0.8498364456348662,0.40683742795524463,-0.651135495119281,-0.4144556004615526,-0.0007346497321643458,-0.21187872853682804,0.33424910604614566,0.0,0.6882113771853678,-0.5664572772702333,0.34416324788371144
2358,1.0718031166720068,0.5517427124723413,0.4195102406884698,-0.6323708256491528,1.9181119000563556,1.1117524139238428,1.6053398555042624,-1.0758029653907155,-1.7618165702686994,-0.651135495119281,-0.4144556004615526,0.6127956616353133,0.05840421146408341,0.5280567659727414,0.0,-0.8930772127243898,-0.5664572772702333,-0.7965695658503499
2359,0.1322095348594095,0.17818994245247544,0.4195102406884698,1.3322260199650044,-0.41702107268800304,0.7483119701793706,-0.6491578363726369,-0.3979034061231674,0.40683742795524463,-0.651135495119281,-0.4144556004615526,-0.12635624748718355,-0.2740430542009696,-0.8285968535134288,0.0,-0.8930772127243898,-0.5664572772702333,1.1046517903730857
2360,0.5138513120822684,0.23430046528717333,0.4195102406884698,-0.7633439486900966,0.16676217049808661,1.1723258212145882,-0.21280344439646284,-0.171936886367318,-1.7618165702686994,-0.651135495119281,-0.4144556004615526,0.1726766661928423,-1.1648389383209674,-1.4100198332932161,0.0,-0.8930772127243898,-0.5664572772702333,-1.176813837095037
2361,-0.5784240851865993,-1.8003907894530935,-1.8480420463697762,2.5109841273334985,-0.41702107268800304,0.32429811914415285,-1.012786496352782,0.7319291926560796,0.40683742795524463,1.5357786628062884,-0.4144556004615526,-1.0107437678784783,-0.4507178064587738,0.5280567659727414,0.0,-0.8930772127243898,-0.5664572772702333,-0.41632529460566275
2362,0.4211901508847481,1.9713226536224417,0.6256513576937649,-0.7633439486900966,0.7505454136841763,0.5665917483071344,0.8417196695459577,-0.8498364456348662,-1.7618165702686994,-0.651135495119281,-0.4144556004615526,-0.05951955233353896,0.5800945974751477,-1.6038274932198118,0.0,0.6882113771853678,-0.5664572772702333,-1.176813837095037
2363,0.9164120823790308,1.4216613375293947,0.4195102406884698,-1.4182095638948156,2.501895143242445,1.2934726357960789,0.6235424735578706,-0.3979034061231674,-1.7618165702686994,-0.651135495119281,-0.4144556004615526,-0.3046311661677633,-0.04154971126749772,-1.6038274932198118,0.0,0.6882113771853678,-0.5664572772702333,-0.7965695658503499
2364,-1.09125437130526,-0.3561773645888162,1.8624980597255354,-1.287236440853872,-0.41702107268800304,-1.9169179506134262,-0.39461777438653534,-0.6238699258790168,0.40683742795524463,-0.651135495119281,-0.4144556004615526,-0.46960951261826567,-0.7139259282994272,0.7218644258993372,0.0,-0.8930772127243898,-0.5664572772702333,0.7244075191283986
2365,0.197899388208896,-0.8947734531737863,-0.6111953443380057,-0.7633439486900966,0.16676217049808661,1.0511790066330975,-0.7946093003646949,0.2799961531443808,-1.7618165702686994,1.5357786628062884,2.412803684849147,-1.0117371355296954,-1.1366785545780804,-0.8285968535134288,0.0,-0.8930772127243898,-0.5664572772702333,-0.41632529460566275
2366,-0.8920567067728244,-1.8003907894530935,0.007228006677879595,-1.5491826869357594,-0.41702107268800304,-0.22086254647255554,0.7326310715519142,0.0540296333885314,0.40683742795524463,1.5357786628062884,-0.4144556004615526,-0.234669115848943,-0.39430105640896307,0.915672085825933,0.0,-0.8930772127243898,-0.5664572772702333,-0.41632529460566275
2367,-0.12468803895260275,1.105381713647441,-1.0234775783485959,0.2844410356374539,-0.41702107268800304,0.20315130456266212,0.11446234958566764,0.957895712411929,0.40683742795524463,-0.651135495119281,-0.4144556004615526,-0.4561316797658541,-0.9219167363529367,0.7218644258993372,0.0,0.6882113771853678,-0.5664572772702333,-1.176813837095037
2368,-1.3858249755927365,-1.7020970388343049,0.007228006677879595,-0.37042457956726516,-0.41702107268800304,-1.250610470415227,-0.5400692383785933,0.7319291926560796,0.40683742795524463,-0.651135495119281,-0.4144556004615526,-0.6184983304633649,-1.3262030173141308,-0.24717387373364158,0.0,-0.8930772127243898,1.1921382551160753,1.4848960616177729
2369,-0.002148648704708117,0.7675432183002122,-1.6419009293644813,-0.6323708256491528,-0.41702107268800304,-0.0391423246003194,-0.9036978983587384,1.8617617914353266,0.40683742795524463,-0.651135495119281,-0.4144556004615526,-0.9069718931664394,-0.07394042417266992,1.3032874056791244,0.0,-0.8930772127243898,-0.5664572772702333,-0.41632529460566275
2370,0.14607233718679458,0.3299931917568284,0.6256513576937649,-1.287236440853872,0.7505454136841763,0.6877385628886251,1.4235255255141899,-0.6238699258790168,0.40683742795524463,-0.651135495119281,-0.4144556004615526,-0.4427009473661646,-0.0013921792651324478,1.3032874056791244,0.0,-0.8930772127243898,-0.5664572772702333,1.1046517903730857
2371,0.5240431433832697,0.030296293690411112,1.6563569427202405,-0.6323708256491528,0.16676217049808661,-0.6448763975077731,-0.35825490838852087,-0.171936886367318,0.40683742795524463,-0.651135495119281,-0.4144556004615526,1.1045399965122655,0.8911562604676314,0.7218644258993372,0.0,0.6882113771853678,-0.5664572772702333,-0.7965695658503499
2372,1.098025266774056,0.4468870626107659,0.2133691236831747,-1.4182095638948156,4.253244872800714,1.4146194503775698,1.7144284534983059,-0.3979034061231674,-1.7618165702686994,-0.651135495119281,-0.4144556004615526,-0.0723587760202167,0.5366426844948223,0.5280567659727414,0.0,-0.8930772127243898,-0.5664572772702333,-0.41632529460566275
2373,-1.2650462181726954,-1.8003907894530935,-0.4050542273327106,-0.7633439486900966,-0.41702107268800304,-0.8265966193800093,-0.5400692383785933,0.7319291926560796,0.40683742795524463,1.5357786628062884,-0.4144556004615526,-0.8192858334289759,-1.2696136965152447,0.14044144611954992,0.0,-0.8930772127243898,1.1921382551160753,1.1046517903730857
2374,-0.2930146852684142,0.25289913132018366,0.2133691236831747,-0.23945145652632133,-0.41702107268800304,-1.73519772874119,-1.0855122283488108,0.7319291926560796,0.40683742795524463,-0.651135495119281,-0.4144556004615526,-0.2174017856052059,-0.09945768493318871,1.4970950656057203,0.0,-0.8930772127243898,1.1921382551160753,-0.41632529460566275
2375,-0.12468803895260275,0.9001293043190368,-1.229618695353891,0.6773604047602854,-0.41702107268800304,0.6271651555978798,0.5871796075598562,0.2799961531443808,0.40683742795524463,-0.651135495119281,-0.4144556004615526,0.924652478419275,0.17141329088111135,0.33424910604614566,0.0,0.6882113771853678,-0.5664572772702333,-1.176813837095037
2376,0.017095316722317847,-0.17284695285453497,-0.4050542273327106,-0.6323708256491528,-0.41702107268800304,-1.1900370631244817,-1.0855122283488108,-0.3979034061231674,0.40683742795524463,1.5357786628062884,-0.4144556004615526,-0.33036337644425456,-0.029477622862840554,-1.2162121733666202,0.0,-0.8930772127243898,-0.5664572772702333,-0.7965695658503499
2377,1.137132900776744,-1.2559014619609077,0.83179247469906,0.9393066508421729,0.16676217049808661,0.44544493372564364,-0.14007771240043385,-0.8498364456348662,0.40683742795524463,-0.651135495119281,-0.4144556004615526,0.7347874608015053,-0.18970409814371283,0.5280567659727414,0.0,-0.8930772127243898,1.1921382551160753,0.34416324788371144
2378,-1.1894067989405692,-1.4799714955533778,0.6256513576937649,0.022494789555566278,4.253244872800714,1.2328992285053335,-0.39461777438653534,-0.8498364456348662,-3.9304705684926433,-0.651135495119281,-0.4144556004615526,-0.7828979435867053,-0.5828635120457811,0.33424910604614566,0.0,-0.8930772127243898,-0.5664572772702333,0.7244075191283986
2379,0.4764551899208244,-0.04802973479861031,0.2133691236831747,-1.156263317812928,-0.41702107268800304,-0.3420093610540463,0.8417196695459577,-0.3979034061231674,0.40683742795524463,-0.651135495119281,-0.4144556004615526,-0.4716605236927507,0.7972380436903526,0.5280567659727414,0.0,-0.8930772127243898,-0.5664572772702333,-0.7965695658503499
2380,1.0522623939828661,-0.14258088013308706,0.007228006677879595,0.6773604047602854,0.16676217049808661,1.2328992285053335,1.4962512575102187,0.0540296333885314,-1.7618165702686994,1.5357786628062884,-0.4144556004615526,-0.5228486762715199,0.24654815231182964,-1.2162121733666202,0.0,-0.8930772127243898,-0.5664572772702333,-0.7965695658503499
2381,1.0614011665445267,0.5821137263678419,0.4195102406884698,-0.10847833348537753,0.16676217049808661,0.9300321920516067,1.6417027215022768,-1.0758029653907155,-1.7618165702686994,-0.651135495119281,-0.4144556004615526,0.3391045129791572,0.17558100798937243,0.33424910604614566,0.0,-0.8930772127243898,-0.5664572772702333,-0.7965695658503499
2382,0.4151429674442365,-0.32578499825710616,1.037933591704355,-1.4182095638948156,1.334328656870266,0.2637247118534075,-0.24916631039447737,-0.6238699258790168,-1.7618165702686994,-0.651135495119281,-0.4144556004615526,-0.1846083916514842,-0.18685870144392938,-0.053366213807045836,0.0,-0.8930772127243898,-0.5664572772702333,-0.03608102336097565
2383,-0.08394178850114917,-0.5503584937593168,0.4195102406884698,0.8083335278012291,0.16676217049808661,1.1723258212145882,2.0416942474804363,-0.3979034061231674,0.40683742795524463,1.5357786628062884,2.412803684849147,0.04650405324579128,0.13820893325130354,0.33424910604614566,0.0,-0.8930772127243898,-0.5664572772702333,-1.176813837095037
2384,0.37083974648073253,0.5777621788100623,0.6256513576937649,0.9393066508421729,-0.41702107268800304,0.32429811914415285,0.6235424735578706,-1.0758029653907155,0.40683742795524463,-0.651135495119281,-0.4144556004615526,-0.12587244955216806,-0.15036075044134223,-1.0224045134400246,0.0,-0.8930772127243898,-0.5664572772702333,0.34416324788371144
2385,-1.0332078972651297,0.3469321548926581,1.037933591704355,0.5463872817193415,-0.41702107268800304,0.44544493372564364,-0.28552917639249187,-0.6238699258790168,0.40683742795524463,-0.651135495119281,-0.4144556004615526,0.00022621787640501908,-0.48016724416232354,1.4970950656057203,0.0,-0.8930772127243898,1.1921382551160753,0.7244075191283986
2386,0.16900543628136896,0.35744284249645697,-0.19891311032741552,-1.6801558099767033,-0.41702107268800304,1.2934726357960789,0.8053568035479431,-0.3979034061231674,-1.7618165702686994,-0.651135495119281,-0.4144556004615526,-0.20922416976320013,-0.41222875921261154,-0.053366213807045836,0.0,0.6882113771853678,-0.5664572772702333,1.1046517903730857
2387,-0.1688099014511651,0.4134050357793871,0.2133691236831747,-0.23945145652632133,-0.41702107268800304,-1.73519772874119,-1.0855122283488108,0.957895712411929,0.40683742795524463,-0.651135495119281,-0.4144556004615526,-0.12459921284386784,-0.300368336990395,1.4970950656057203,0.0,-0.8930772127243898,1.1921382551160753,-0.41632529460566275
2388,-0.8783490021032814,0.1112027364355332,1.2440747087096502,0.15346791259651008,-0.41702107268800304,-0.4025827683447917,-1.1218750943468254,-0.8498364456348662,0.40683742795524463,-0.651135495119281,-0.4144556004615526,-1.0524400779864853,-0.4298087077901994,-1.4100198332932161,0.0,-0.8930772127243898,-0.5664572772702333,0.34416324788371144
2389,-1.048773780275621,0.22209115006613528,0.6256513576937649,1.8561185121287795,-0.41702107268800304,0.7483119701793706,0.29627667957574016,-0.6238699258790168,0.40683742795524463,1.5357786628062884,-0.4144556004615526,0.12472431178411375,-0.5238381627141944,-0.053366213807045836,0.0,-0.8930772127243898,-0.5664572772702333,0.34416324788371144
2390,1.0741131907648993,0.5837231317738366,0.6256513576937649,0.5463872817193415,0.7505454136841763,0.6271651555978798,-0.32189204239050634,-1.0758029653907155,-1.7618165702686994,-0.651135495119281,-0.4144556004615526,0.40067969931565145,0.2563750056427472,-0.24717387373364158,0.0,-0.8930772127243898,-0.5664572772702333,-0.7965695658503499
2391,-1.148887883827629,0.3626878225878228,-1.6419009293644813,-0.6323708256491528,-0.41702107268800304,-0.09971573189106478,-0.8673350323607238,1.6357952716794772,0.40683742795524463,-0.651135495119281,-0.4144556004615526,-0.10464582451842805,0.22245321230090068,1.3032874056791244,0.0,0.6882113771853678,-0.5664572772702333,0.34416324788371144
2392,-1.2390737331183095,0.1480091200298273,0.4195102406884698,0.4154141586783977,-0.41702107268800304,-0.0391423246003194,-0.7946093003646949,-1.0758029653907155,0.40683742795524463,-0.651135495119281,-0.4144556004615526,0.10233977682134017,-0.6727285198412843,-0.24717387373364158,0.0,-0.8930772127243898,-0.5664572772702333,1.1046517903730857
2393,-0.9771506043195858,0.17528721798657312,1.037933591704355,-0.23945145652632133,-0.41702107268800304,0.5665917483071344,-0.32189204239050634,-0.6238699258790168,0.40683742795524463,-0.651135495119281,-0.4144556004615526,0.1624163429433899,-0.23828586462053852,1.690902725532316,0.0,-0.8930772127243898,1.1921382551160753,0.34416324788371144
2394,0.32907462140394916,0.6176886148629651,0.2133691236831747,0.5463872817193415,-0.41702107268800304,0.38487152643489825,-0.14007771240043385,-1.0758029653907155,0.40683742795524463,-0.651135495119281,-0.4144556004615526,-0.5782683275514336,-0.35200730509071315,-1.0224045134400246,0.0,-0.8930772127243898,-0.5664572772702333,-0.41632529460566275
2395,-1.1326054385625335,-1.8003907894530935,-1.8480420463697762,0.15346791259651008,-0.41702107268800304,0.6877385628886251,0.6235424735578706,1.6357952716794772,0.40683742795524463,-0.651135495119281,-0.4144556004615526,-0.44859600943469374,-0.42548664286585675,0.33424910604614566,0.0,-0.8930772127243898,1.1921382551160753,0.34416324788371144
2396,-1.268989262760938,-1.8003907894530935,0.4195102406884698,0.2844410356374539,-0.41702107268800304,0.6271651555978798,0.8780825355439722,-0.8498364456348662,0.40683742795524463,-0.651135495119281,-0.4144556004615526,-0.40859043513179305,-0.42857051542165125,1.690902725532316,0.0,0.6882113771853678,-0.5664572772702333,-0.7965695658503499
2397,0.25841541983220945,0.07341513756261515,-0.4050542273327106,-0.6323708256491528,-0.41702107268800304,1.0511790066330975,-0.8673350323607238,-0.6238699258790168,0.40683742795524463,1.5357786628062884,2.412803684849147,-0.3706927456560185,-0.15196173017966844,-0.44098153366023735,0.0,-0.8930772127243898,-0.5664572772702333,0.7244075191283986
2398,-0.8284483044737749,0.027141136986737792,-0.4050542273327106,-1.156263317812928,1.334328656870266,1.2328992285053335,0.15082521558368214,-0.171936886367318,-1.7618165702686994,-0.651135495119281,-0.4144556004615526,0.23370021507309569,-0.06319213864602084,1.4970950656057203,0.0,-0.8930772127243898,1.1921382551160753,-0.03608102336097565
2399,1.0718031166720068,0.25805255111965425,-0.19891311032741552,-1.5491826869357594,2.501895143242445,1.5357662649590604,1.0962597315320592,-0.3979034061231674,-1.7618165702686994,1.5357786628062884,2.412803684849147,1.1539440534109828,0.614996377467586,-0.44098153366023735,0.0,0.6882113771853678,-0.5664572772702333,-0.7965695658503499
2400,-0.577119454673617,0.10350418580989543,-1.4357598123591861,1.2012528969240606,-0.41702107268800304,-0.3420093610540463,2.1507828454744797,0.0540296333885314,0.40683742795524463,1.5357786628062884,-0.4144556004615526,0.3472652552082105,-0.050017549704850985,1.690902725532316,0.0,-0.8930772127243898,2.950733787502384,-0.03608102336097565
2401,-0.1018171791928027,0.39128498113194504,0.6256513576937649,0.6773604047602854,0.7505454136841763,0.6877385628886251,-0.35825490838852087,-0.8498364456348662,-1.7618165702686994,1.5357786628062884,-0.4144556004615526,0.014919258900032081,-0.0913887594098265,-0.24717387373364158,0.0,-0.8930772127243898,-0.5664572772702333,-1.176813837095037
2402,0.035767671197554606,0.9081880685989943,1.2440747087096502,-1.0252901947719841,-0.41702107268800304,-0.0391423246003194,-0.17644057839844834,-0.3979034061231674,0.40683742795524463,-0.651135495119281,-0.4144556004615526,-0.6138748151342115,0.0791256199599072,0.33424910604614566,0.0,-0.8930772127243898,-0.5664572772702333,-0.41632529460566275
2403,-2.6298967840655036,-1.8003907894530935,0.83179247469906,0.6773604047602854,-0.41702107268800304,-0.5237295829262825,-0.9400607643567529,-0.3979034061231674,0.40683742795524463,-0.651135495119281,-0.4144556004615526,-0.3438368911664012,-0.7975118220037527,1.690902725532316,0.0,-0.8930772127243898,-0.5664572772702333,0.34416324788371144
2404,0.04020122638425249,0.21812493400819039,-0.4050542273327106,-0.37042457956726516,-0.41702107268800304,-1.0083168412522454,-1.1218750943468254,-0.3979034061231674,0.40683742795524463,1.5357786628062884,2.412803684849147,-0.17582903739410358,-0.10769993606214658,-1.7976351531464076,0.0,0.6882113771853678,-0.5664572772702333,-0.7965695658503499
2405,1.0438052166161127,-0.11292153610754559,1.8624980597255354,-0.23945145652632133,-0.41702107268800304,-2.583225430811625,-0.9400607643567529,-0.3979034061231674,0.40683742795524463,-0.651135495119281,-0.4144556004615526,-0.31904520058055075,0.3626208537262912,-1.0224045134400246,0.0,-0.8930772127243898,-0.5664572772702333,-0.7965695658503499
2406,-1.0513601194890296,1.102941545897051,-2.0541831633750713,1.3322260199650044,-0.41702107268800304,0.8694587847608612,1.1689854635280883,2.3136948309470253,0.40683742795524463,-0.651135495119281,-0.4144556004615526,-0.777857544296489,-0.5083642321741086,-0.44098153366023735,0.0,-0.8930772127243898,-0.5664572772702333,-0.03608102336097565
2407,0.982866819960626,0.340647899790232,0.007228006677879595,-1.5491826869357594,-0.41702107268800304,0.6271651555978798,-1.1218750943468254,-0.171936886367318,0.40683742795524463,1.5357786628062884,-0.4144556004615526,-0.6547805289128008,0.41042456089168083,-1.0224045134400246,0.0,-0.8930772127243898,-0.5664572772702333,-0.7965695658503499
2408,-1.17889530080083,-1.8003907894530935,-1.6419009293644813,1.9870916351697234,-0.41702107268800304,0.6271651555978798,-1.0491493623507964,0.957895712411929,0.40683742795524463,1.5357786628062884,-0.4144556004615526,-0.7332669095616944,-0.7665904137329298,0.33424910604614566,0.0,-0.8930772127243898,-0.5664572772702333,0.34416324788371144
2409,1.1069373524323065,0.341199054254723,0.2133691236831747,-0.5013977026082089,0.16676217049808661,1.1117524139238428,1.0598968655340446,0.2799961531443808,0.40683742795524463,-0.651135495119281,-0.4144556004615526,1.3627415228572692,0.8641542342747764,-0.24717387373364158,0.0,0.6882113771853678,-0.5664572772702333,-0.7965695658503499
2410,-1.1130190505804012,0.6821365882113885,-1.8480420463697762,1.594172266046892,-0.41702107268800304,0.5665917483071344,1.1689854635280883,1.6357952716794772,0.40683742795524463,-0.651135495119281,-0.4144556004615526,-0.7582338266966467,-0.7774435424397039,0.5280567659727414,0.0,-0.8930772127243898,-0.5664572772702333,0.7244075191283986
2411,0.4814735011814764,-0.4006329802883218,0.4195102406884698,-0.23945145652632133,0.16676217049808661,0.8088853774701159,0.18718808158169664,-0.8498364456348662,-1.7618165702686994,-0.651135495119281,-0.4144556004615526,-0.1994232214573446,-0.22482584435392264,-0.6347891935868331,0.0,-0.8930772127243898,-0.5664572772702333,-0.7965695658503499
2412,0.4890080257815119,-1.6313431574908148,-2.0541831633750713,1.0702797738831167,-0.41702107268800304,0.44544493372564364,0.8053568035479431,-1.9796690444141132,-1.7618165702686994,-0.651135495119281,-0.4144556004615526,-0.9603338370018897,-0.9555289900051137,-0.24717387373364158,0.0,-0.8930772127243898,-0.5664572772702333,-0.7965695658503499
2413,-1.3039446531897194,-0.14225698303150705,0.4195102406884698,-0.10847833348537753,-0.41702107268800304,-0.8265966193800093,-0.7218835683686659,-0.6238699258790168,0.40683742795524463,-0.651135495119281,-0.4144556004615526,-0.9292360595277235,-0.9358563130701362,0.915672085825933,0.0,-0.8930772127243898,-0.5664572772702333,0.7244075191283986
2414,-1.372599003946521,-1.1318727590880129,2.0686391767308305,-0.10847833348537753,-0.41702107268800304,-1.6746243214504446,-1.1218750943468254,-1.0758029653907155,0.40683742795524463,-0.651135495119281,-0.4144556004615526,-1.0339168880700422,-1.3028877829040117,1.3032874056791244,0.0,-0.8930772127243898,-0.5664572772702333,1.1046517903730857
2415,-1.1815045199869987,0.09634471259735103,-1.8480420463697762,-0.37042457956726516,-0.41702107268800304,0.38487152643489825,1.7507913194963203,0.7319291926560796,0.40683742795524463,-0.651135495119281,-0.4144556004615526,0.2517603930272981,-0.8418722871866183,-0.24717387373364158,0.0,-0.8930772127243898,2.950733787502384,0.7244075191283986
2416,0.5138513120822684,0.039485602618939866,1.6563569427202405,-0.6323708256491528,-0.41702107268800304,-0.6448763975077731,-0.35825490838852087,-0.171936886367318,0.40683742795524463,-0.651135495119281,-0.4144556004615526,1.1015462239957456,0.8280321665637032,0.7218644258993372,0.0,0.6882113771853678,-0.5664572772702333,-1.176813837095037
2417,-0.8190082493075487,0.02656221509983519,0.4195102406884698,-0.7633439486900966,-0.41702107268800304,0.8088853774701159,-0.21280344439646284,-0.3979034061231674,0.40683742795524463,-0.651135495119281,-0.4144556004615526,0.04454168577226908,-0.06290041223837675,1.4970950656057203,0.0,-0.8930772127243898,-0.5664572772702333,-0.41632529460566275
2418,-1.1413083419120065,-0.34157133946700297,0.6256513576937649,-1.4182095638948156,-0.41702107268800304,-0.28143595376330094,0.9144454015419866,-0.3979034061231674,0.40683742795524463,1.5357786628062884,2.412803684849147,-0.45882093612361013,-0.6960667627497761,0.915672085825933,0.0,-0.8930772127243898,-0.5664572772702333,0.7244075191283986
2419,0.3323499318428928,0.04695174526713338,0.4195102406884698,-0.5013977026082089,0.16676217049808661,0.506018341016389,-0.43098064038454986,-1.0758029653907155,0.40683742795524463,-0.651135495119281,-0.4144556004615526,-0.687370257188396,-0.7110863366632475,-0.8285968535134288,0.0,-0.8930772127243898,-0.5664572772702333,-0.03608102336097565
2420,-0.177698935358308,-0.1511394897001803,-0.19891311032741552,2.772930373415386,-0.41702107268800304,-0.5237295829262825,-1.1218750943468254,0.957895712411929,0.40683742795524463,1.5357786628062884,2.412803684849147,-0.3973699430038544,-0.6414095453659888,-0.24717387373364158,0.0,-0.8930772127243898,1.1921382551160753,0.34416324788371144
2421,-0.69084522914013,0.4649202631433949,-1.0234775783485959,1.3322260199650044,-0.41702107268800304,0.44544493372564364,1.0598968655340446,0.7319291926560796,0.40683742795524463,-0.651135495119281,-0.4144556004615526,-0.910647903508878,-1.4800226187488728,1.3032874056791244,0.0,-0.8930772127243898,-0.5664572772702333,-0.03608102336097565
2422,-0.5881322453031677,0.6427711674445449,-1.8480420463697762,1.594172266046892,-0.41702107268800304,0.38487152643489825,1.0962597315320592,1.6357952716794772,0.40683742795524463,-0.651135495119281,-0.4144556004615526,-0.999229581184096,-1.5186349426625485,0.915672085825933,0.0,-0.8930772127243898,-0.5664572772702333,-0.41632529460566275
2423,1.1291235481538069,0.17884805369551623,0.007228006677879595,-1.287236440853872,4.837028115986804,1.5357662649590604,1.4235255255141899,-0.3979034061231674,-1.7618165702686994,1.5357786628062884,-0.4144556004615526,-0.5843635805210888,1.060642556199155,0.33424910604614566,0.0,-0.8930772127243898,-0.5664572772702333,-0.03608102336097565
2424,-1.0647936978692163,0.04145961638962948,1.037933591704355,-0.7633439486900966,0.16676217049808661,0.6877385628886251,-0.28552917639249187,-0.171936886367318,0.40683742795524463,-0.651135495119281,-0.4144556004615526,-0.5627378373754265,-0.3684625070835576,1.690902725532316,0.0,-0.8930772127243898,-0.5664572772702333,0.7244075191283986
2425,1.1236722649117181,1.1768529399738332,0.83179247469906,1.3322260199650044,-0.41702107268800304,0.6877385628886251,-0.21280344439646284,-0.6238699258790168,-1.7618165702686994,-0.651135495119281,-0.4144556004615526,0.43773057200634397,-0.13766299846997473,-1.0224045134400246,0.0,-0.8930772127243898,-0.5664572772702333,0.34416324788371144
2426,-0.05593959064557825,-0.4844609686334514,-0.6111953443380057,0.6773604047602854,-0.41702107268800304,0.7483119701793706,2.0416942474804363,0.2799961531443808,0.40683742795524463,1.5357786628062884,-0.4144556004615526,-0.4153348277186384,-0.19444096294791605,0.14044144611954992,0.0,-0.8930772127243898,-0.5664572772702333,-1.176813837095037
2427,0.5138513120822684,0.2623118046689615,0.4195102406884698,-1.156263317812928,-0.41702107268800304,1.0511790066330975,-0.6491578363726369,-0.171936886367318,0.40683742795524463,1.5357786628062884,2.412803684849147,-0.23911668036715542,-0.5761993323464606,-1.4100198332932161,0.0,0.6882113771853678,-0.5664572772702333,-1.176813837095037
2428,-0.10918951874877658,-0.08710726606033237,0.4195102406884698,0.15346791259651008,-0.41702107268800304,1.0511790066330975,-0.06735198040440485,-0.8498364456348662,0.40683742795524463,-0.651135495119281,-0.4144556004615526,0.012521168906924188,-0.913052628530383,-0.053366213807045836,0.0,-0.8930772127243898,-0.5664572772702333,-0.7965695658503499
2429,0.36519994436589737,0.7041765502812084,0.4195102406884698,-0.37042457956726516,-0.41702107268800304,-1.553477506868954,-1.1218750943468254,0.7319291926560796,0.40683742795524463,-0.651135495119281,-0.4144556004615526,-0.5676593945100521,-0.2523855556190841,-1.0224045134400246,0.0,-0.8930772127243898,-0.5664572772702333,-0.03608102336097565
2430,-1.5103629708238566,-1.742781828360199,-0.6111953443380057,-0.10847833348537753,-0.41702107268800304,0.08200448998117135,0.18718808158169664,0.7319291926560796,0.40683742795524463,-0.651135495119281,-0.4144556004615526,-0.21143131904471335,-0.8239737571938497,0.5280567659727414,0.0,-0.8930772127243898,1.1921382551160753,1.1046517903730857
2431,0.4522662949041019,0.46520560163564545,0.4195102406884698,0.6773604047602854,-0.41702107268800304,0.44544493372564364,-0.10371484640241935,-1.301769485146565,0.40683742795524463,-0.651135495119281,-0.4144556004615526,-0.29095195313098804,-0.28301653539631005,-0.8285968535134288,0.0,-0.8930772127243898,-0.5664572772702333,-1.176813837095037
2432,-1.1359789245915637,0.6651650138028505,-1.229618695353891,0.15346791259651008,-0.41702107268800304,-0.22086254647255554,0.29627667957574016,-0.3979034061231674,0.40683742795524463,-0.651135495119281,-0.4144556004615526,0.5762468290863464,0.3101748632175644,0.33424910604614566,0.0,-0.8930772127243898,1.1921382551160753,1.1046517903730857
2433,-1.276249247478327,-1.8003907894530935,-1.8480420463697762,0.15346791259651008,-0.41702107268800304,0.8694587847608612,2.5144115054546248,-1.9796690444141132,0.40683742795524463,-0.651135495119281,-0.4144556004615526,0.6668365223558425,-0.74638974131675,1.690902725532316,0.0,-0.8930772127243898,-0.5664572772702333,-1.176813837095037
2434,-2.6298967840655036,-1.8003907894530935,-0.4050542273327106,-0.23945145652632133,-0.41702107268800304,1.1117524139238428,1.2053483295261027,1.1838622321677783,0.40683742795524463,1.5357786628062884,-0.4144556004615526,-0.7552453748894996,-1.0027080913010262,1.4970950656057203,0.0,-0.8930772127243898,-0.5664572772702333,-0.41632529460566275
2435,-0.12468803895260275,-1.8003907894530935,0.6256513576937649,-1.287236440853872,0.7505454136841763,0.7483119701793706,-0.43098064038454986,-0.3979034061231674,-1.7618165702686994,-0.651135495119281,-0.4144556004615526,0.39624615176288186,0.14456977765079307,-0.6347891935868331,0.0,-0.8930772127243898,-0.5664572772702333,-1.176813837095037
2436,-1.4410137854637934,-0.8867843710160945,2.0686391767308305,0.15346791259651008,-0.41702107268800304,-1.553477506868954,-1.1218750943468254,-0.8498364456348662,0.40683742795524463,-0.651135495119281,-0.4144556004615526,-0.6885378780291868,-1.4631521203424747,1.3032874056791244,0.0,-0.8930772127243898,-0.5664572772702333,1.4848960616177729
2437,0.7386591357963103,0.0271602434635613,-0.4050542273327106,0.4154141586783977,-0.41702107268800304,0.506018341016389,-0.10371484640241935,1.1838622321677783,0.40683742795524463,-0.651135495119281,-0.4144556004615526,-0.27968118049303115,-0.3132078278114582,-1.4100198332932161,0.0,-0.8930772127243898,-0.5664572772702333,-1.176813837095037
2438,0.30486590107301353,-1.8003907894530935,-1.229618695353891,-1.287236440853872,0.7505454136841763,0.8088853774701159,0.36900241157176916,1.1838622321677783,-1.7618165702686994,-0.651135495119281,-0.4144556004615526,-0.6371046638304888,-0.2011637618806856,-0.053366213807045836,0.0,-0.8930772127243898,-0.5664572772702333,-0.03608102336097565
2439,0.5022691201269577,0.25697001521556556,0.4195102406884698,-1.0252901947719841,-0.41702107268800304,1.0511790066330975,-0.6491578363726369,-0.3979034061231674,0.40683742795524463,1.5357786628062884,2.412803684849147,-0.2365700720728825,-0.6161926961513599,-1.4100198332932161,0.0,-0.8930772127243898,-0.5664572772702333,-1.176813837095037
2440,0.37083974648073253,2.0058555049397166,0.2133691236831747,-1.5491826869357594,6.004594602358984,1.6569130795405511,0.5508167415618417,-0.6238699258790168,-3.9304705684926433,-0.651135495119281,-0.4144556004615526,-0.03957688344747327,0.3128729395809386,-1.6038274932198118,0.0,0.6882113771853678,-0.5664572772702333,-0.7965695658503499
2441,-1.2117987510596981,0.2977430917583247,0.6256513576937649,1.594172266046892,-0.41702107268800304,0.5665917483071344,0.11446234958566764,-0.6238699258790168,0.40683742795524463,-0.651135495119281,-0.4144556004615526,-0.08746336647223436,-0.6573452210780326,0.33424910604614566,0.0,-0.8930772127243898,-0.5664572772702333,0.7244075191283986
2442,0.06221197169395548,-0.093648563941861,0.007228006677879595,-0.8943170717310404,-0.41702107268800304,-1.432330692287463,-1.012786496352782,0.0540296333885314,0.40683742795524463,1.5357786628062884,-0.4144556004615526,-0.33973277453629325,-0.1003479108704365,-0.24717387373364158,0.0,-0.8930772127243898,-0.5664572772702333,-0.41632529460566275
2443,-1.151796742702153,-0.33136900626664356,1.4502158257149453,-1.156263317812928,-0.41702107268800304,-1.7957711360319355,-0.5037063723805789,-0.171936886367318,0.40683742795524463,-0.651135495119281,-0.4144556004615526,-0.31809626723630924,-0.7160866439215771,0.5280567659727414,0.0,-0.8930772127243898,-0.5664572772702333,0.7244075191283986
2444,-1.9949706046681337,-1.8003907894530935,-0.4050542273327106,1.463199143005948,0.16676217049808661,0.20315130456266212,-0.06735198040440485,-0.171936886367318,0.40683742795524463,-0.651135495119281,-0.4144556004615526,-0.7021169276414754,-1.0982574567004488,0.7218644258993372,0.0,-0.8930772127243898,-0.5664572772702333,1.4848960616177729
2445,1.0932789909157585,1.955689912385633,-1.6419009293644813,-0.6323708256491528,-0.41702107268800304,0.990605599342352,1.9326056494863928,0.0540296333885314,0.40683742795524463,-0.651135495119281,-0.4144556004615526,-0.306910951367959,0.7202424192970115,-0.44098153366023735,0.0,-0.8930772127243898,-0.5664572772702333,-0.7965695658503499
2446,-2.6298967840655036,-1.8003907894530935,0.4195102406884698,-1.0252901947719841,-0.41702107268800304,-1.7957711360319355,-0.7946093003646949,0.0540296333885314,0.40683742795524463,1.5357786628062884,-0.4144556004615526,-0.40383891138962413,-0.29180012516513054,0.33424910604614566,0.0,-0.8930772127243898,-0.5664572772702333,0.34416324788371144
2447,0.4705032389850394,-0.48065962411639634,0.007228006677879595,0.15346791259651008,-0.41702107268800304,0.6877385628886251,0.04173661758963865,-1.301769485146565,0.40683742795524463,-0.651135495119281,-0.4144556004615526,-0.07067479382067443,-0.2664086404607906,0.14044144611954992,0.0,-0.8930772127243898,-0.5664572772702333,-0.41632529460566275
2448,1.0173320864484414,0.08412012195383091,-0.4050542273327106,0.4154141586783977,-0.41702107268800304,0.7483119701793706,0.005373751591624148,0.957895712411929,0.40683742795524463,1.5357786628062884,2.412803684849147,0.13574937670005852,0.28811314830559076,-1.0224045134400246,0.0,0.6882113771853678,1.1921382551160753,-0.7965695658503499
2449,-0.047868435223440274,-1.8003907894530935,-0.4050542273327106,0.4154141586783977,-0.41702107268800304,0.44544493372564364,0.40536527756978363,-0.3979034061231674,0.40683742795524463,-0.651135495119281,-0.4144556004615526,-0.719427301858108,-0.5949528770373126,-0.8285968535134288,0.0,-0.8930772127243898,-0.5664572772702333,-0.03608102336097565
2450,0.4202188565237911,0.6530024883843867,0.4195102406884698,-0.23945145652632133,-0.41702107268800304,0.14257789727191675,-0.9036978983587384,-0.6238699258790168,0.40683742795524463,1.5357786628062884,-0.4144556004615526,-0.1247213042101477,-0.24774363572509844,1.4970950656057203,0.0,-0.8930772127243898,-0.5664572772702333,-1.176813837095037
2451,0.049009162940233525,-0.1050901566537838,-0.19891311032741552,-0.37042457956726516,-0.41702107268800304,-0.8871700266707547,-1.1218750943468254,-0.6238699258790168,0.40683742795524463,-0.651135495119281,-0.4144556004615526,-0.07008868105547743,-0.12549916028336447,-1.7976351531464076,0.0,-0.8930772127243898,-0.5664572772702333,-0.41632529460566275
2452,-1.178531314654149,-0.17658496331026313,1.037933591704355,-1.0252901947719841,-0.41702107268800304,0.2637247118534075,-0.43098064038454986,-0.3979034061231674,0.40683742795524463,-0.651135495119281,-0.4144556004615526,-0.25240145317757384,-0.5117461534933491,0.14044144611954992,0.0,-0.8930772127243898,1.1921382551160753,1.4848960616177729
2453,-1.630697169857754,1.1311796824754095,-2.2603242803803667,1.2012528969240606,-0.41702107268800304,0.44544493372564364,0.8053568035479431,-2.2056355641699628,0.40683742795524463,-0.651135495119281,-0.4144556004615526,0.21971960386594339,0.601537885463301,-0.053366213807045836,0.0,-0.8930772127243898,-0.5664572772702333,1.8651403328624598
2454,0.48474070032287697,-0.17317296669889115,0.4195102406884698,-1.0252901947719841,-0.41702107268800304,0.32429811914415285,-1.0855122283488108,0.2799961531443808,0.40683742795524463,1.5357786628062884,-0.4144556004615526,-0.7835063553467349,-0.12885665121626938,-0.053366213807045836,0.0,-0.8930772127243898,-0.5664572772702333,-1.176813837095037
2455,-0.10161250218256189,-1.8003907894530935,-1.6419009293644813,0.022494789555566278,-0.41702107268800304,0.9300321920516067,2.4053229074605813,-1.9796690444141132,0.40683742795524463,-0.651135495119281,-0.4144556004615526,-0.8842713029315029,-1.757189186163642,1.690902725532316,0.0,-0.8930772127243898,-0.5664572772702333,-0.41632529460566275
2456,1.1347937651424396,2.0882019462334855,2.0686391767308305,-0.7633439486900966,-0.41702107268800304,-1.4929040995782086,-1.1218750943468254,-1.9796690444141132,0.40683742795524463,-0.651135495119281,-0.4144556004615526,-0.5328419943860334,-0.4952653990448242,1.3032874056791244,0.0,-0.8930772127243898,-0.5664572772702333,-0.03608102336097565
2457,-2.6298967840655036,-1.8003907894530935,-0.4050542273327106,-0.5013977026082089,-0.41702107268800304,1.2328992285053335,1.0598968655340446,0.957895712411929,0.40683742795524463,-0.651135495119281,-0.4144556004615526,-0.8188745502987206,-0.9282604837525568,1.3032874056791244,0.0,-0.8930772127243898,-0.5664572772702333,0.34416324788371144
2458,0.5138513120822684,0.26933415357589535,0.4195102406884698,-1.0252901947719841,-0.41702107268800304,1.0511790066330975,-0.6491578363726369,-0.3979034061231674,0.40683742795524463,1.5357786628062884,2.412803684849147,-0.2344946932994936,-0.5948020338195937,-1.4100198332932161,0.0,0.6882113771853678,-0.5664572772702333,-1.176813837095037
2459,0.15561188303187273,-1.588054159747438,1.8624980597255354,0.5463872817193415,-0.41702107268800304,-1.0083168412522454,-1.1218750943468254,-0.6238699258790168,0.40683742795524463,-0.651135495119281,-0.4144556004615526,-1.1765382628770746,-0.5875989012873246,1.3032874056791244,0.0,-0.8930772127243898,-0.5664572772702333,1.1046517903730857
2460,1.0622112213560724,0.7760621642480148,0.4195102406884698,-1.0252901947719841,-0.41702107268800304,0.32429811914415285,-1.0855122283488108,0.2799961531443808,0.40683742795524463,1.5357786628062884,-0.4144556004615526,-0.7969298161449413,0.5780603694397183,-0.053366213807045836,0.0,-0.8930772127243898,-0.5664572772702333,-0.7965695658503499
2461,0.19647162108553368,-0.19442658655750222,1.037933591704355,-0.23945145652632133,-0.41702107268800304,-0.28143595376330094,-1.1218750943468254,-0.6238699258790168,0.40683742795524463,-0.651135495119281,-0.4144556004615526,0.6013960401062713,-0.10683574817964811,-1.2162121733666202,0.0,-0.8930772127243898,1.1921382551160753,1.1046517903730857
2462,-2.6298967840655036,-1.8003907894530935,0.6256513576937649,-0.5013977026082089,-0.41702107268800304,1.1723258212145882,1.2417111955241174,-0.6238699258790168,0.40683742795524463,-0.651135495119281,-0.4144556004615526,-0.33119350107034906,-1.3448459209177719,1.1094797457525287,0.0,-0.8930772127243898,-0.5664572772702333,0.7244075191283986
2463,-1.061677409431791,0.9345927090886018,-0.8173364613433008,0.15346791259651008,-0.41702107268800304,-0.4025827683447917,-1.0855122283488108,-1.9796690444141132,0.40683742795524463,1.5357786628062884,2.412803684849147,-0.47099815851827975,-1.525520690578261,-0.8285968535134288,0.0,-0.8930772127243898,-0.5664572772702333,1.1046517903730857
2464,1.0373464384535538,0.63269155013035,0.007228006677879595,0.6773604047602854,-0.41702107268800304,0.14257789727191675,0.04173661758963865,0.2799961531443808,0.40683742795524463,-0.651135495119281,-0.4144556004615526,0.3827522139180274,0.5778200375120722,-1.2162121733666202,0.0,0.6882113771853678,-0.5664572772702333,-0.7965695658503499
2465,-0.8013412139571336,-0.6598495606956183,0.4195102406884698,-0.6323708256491528,0.16676217049808661,0.990605599342352,1.3871626595161752,-0.8498364456348662,0.40683742795524463,-0.651135495119281,-0.4144556004615526,-1.0147828002426473,-0.6383609605024851,1.1094797457525287,0.0,-0.8930772127243898,-0.5664572772702333,-0.7965695658503499
2466,0.8640692834912039,1.6675737678120452,0.6256513576937649,-1.5491826869357594,2.501895143242445,1.2328992285053335,0.6599053395558852,-0.6238699258790168,-1.7618165702686994,-0.651135495119281,-0.4144556004615526,-0.23493406990619448,-0.08623819208256484,-1.6038274932198118,0.0,0.6882113771853678,-0.5664572772702333,-0.41632529460566275
2467,-0.9771506043195858,0.7890293784507617,1.037933591704355,0.9393066508421729,-0.41702107268800304,0.32429811914415285,-0.5400692383785933,-0.8498364456348662,0.40683742795524463,-0.651135495119281,-0.4144556004615526,0.36181393803557205,0.2477961114404086,1.8847103854589116,0.0,-0.8930772127243898,2.950733787502384,0.7244075191283986
2468,0.9907338377608382,0.38701139201156687,-2.2603242803803667,0.4154141586783977,-0.41702107268800304,-0.46315617563553707,1.8235170514923493,3.4435274297262723,0.40683742795524463,-0.651135495119281,-0.4144556004615526,-0.8050167651033269,0.8962898599566006,-0.053366213807045836,0.0,0.6882113771853678,-0.5664572772702333,-0.41632529460566275
2469,1.0229941308654,0.28383406039402,-1.6419009293644813,0.4154141586783977,-0.41702107268800304,-0.16028913918181015,1.8962427834883784,2.9915943902145736,0.40683742795524463,-0.651135495119281,-0.4144556004615526,-0.6913555383730464,0.6160199430271291,-0.24717387373364158,0.0,-0.8930772127243898,-0.5664572772702333,-0.03608102336097565
2470,-1.0827360871498912,-1.8003907894530935,-1.8480420463697762,1.594172266046892,-0.41702107268800304,0.8088853774701159,2.5144115054546248,-1.0758029653907155,0.40683742795524463,-0.651135495119281,-0.4144556004615526,0.3420626754581191,-0.3073423938808225,0.915672085825933,0.0,-0.8930772127243898,-0.5664572772702333,0.34416324788371144
2471,-0.06382868326069205,0.37631049817096474,-1.0234775783485959,0.022494789555566278,-0.41702107268800304,-0.0391423246003194,-1.0491493623507964,3.217560909970423,0.40683742795524463,-0.651135495119281,-0.4144556004615526,-0.6562153555711848,-0.07821688216915915,1.8847103854589116,0.0,-0.8930772127243898,-0.5664572772702333,0.7244075191283986
2472,1.067006106180624,1.148468830574832,-0.4050542273327106,2.641957250374442,-0.41702107268800304,-0.5237295829262825,-1.1218750943468254,0.957895712411929,0.40683742795524463,1.5357786628062884,2.412803684849147,-0.3536113649052143,0.212917071663875,-0.24717387373364158,0.0,-0.8930772127243898,-0.5664572772702333,-0.7965695658503499
2473,-1.8962478581553026,0.699417548903863,0.6256513576937649,1.2012528969240606,-0.41702107268800304,0.20315130456266212,-0.8309721663627093,-1.0758029653907155,0.40683742795524463,-0.651135495119281,-0.4144556004615526,-0.16965473730374855,-0.5811481021718203,0.915672085825933,0.0,-0.8930772127243898,1.1921382551160753,1.1046517903730857
2474,1.0368934170356214,0.8528701132403893,0.6256513576937649,1.594172266046892,-0.41702107268800304,0.5665917483071344,0.18718808158169664,-0.6238699258790168,0.40683742795524463,1.5357786628062884,-0.4144556004615526,0.5615895308475246,0.5335751044724101,-0.053366213807045836,0.0,0.6882113771853678,-0.5664572772702333,-1.176813837095037
2475,-0.7805195547397213,0.6606192122238796,0.83179247469906,1.0702797738831167,-0.41702107268800304,0.5665917483071344,1.3144369275201464,-0.8498364456348662,0.40683742795524463,-0.651135495119281,-0.4144556004615526,-0.5117622897553772,-0.06143934635690729,0.7218644258993372,0.0,0.6882113771853678,-0.5664572772702333,-0.41632529460566275
2476,0.9826120706771062,0.7727756741466582,0.6256513576937649,0.15346791259651008,1.9181119000563556,-0.09971573189106478,-0.43098064038454986,-1.0758029653907155,-1.7618165702686994,-0.651135495119281,-0.4144556004615526,1.1455680302939975,0.06550523740465826,-1.4100198332932161,0.0,0.6882113771853678,-0.5664572772702333,-1.176813837095037
2477,-0.12468803895260275,0.7236173590774329,-0.6111953443380057,1.0702797738831167,-0.41702107268800304,0.6877385628886251,0.47809100956581263,0.0540296333885314,0.40683742795524463,-0.651135495119281,-0.4144556004615526,0.7308628343012517,0.08282344435071803,0.14044144611954992,0.0,0.6882113771853678,1.1921382551160753,-1.176813837095037
2478,-1.0055185171328305,-1.569181150230882,-1.8480420463697762,-0.37042457956726516,-0.41702107268800304,0.506018341016389,0.6235424735578706,1.4098287519236279,0.40683742795524463,-0.651135495119281,-0.4144556004615526,0.047301181351773545,0.3056914842994697,-0.053366213807045836,0.0,-0.8930772127243898,1.1921382551160753,0.7244075191283986
2479,-0.776143556671105,-0.01203473343874942,0.2133691236831747,-0.23945145652632133,-0.41702107268800304,-1.7957711360319355,-1.1218750943468254,0.7319291926560796,0.40683742795524463,-0.651135495119281,-0.4144556004615526,-0.199015865173206,-0.2637157249962901,1.3032874056791244,0.0,-0.8930772127243898,1.1921382551160753,-0.7965695658503499
2480,-1.1824414894759105,-1.8003907894530935,1.2440747087096502,-1.4182095638948156,-0.41702107268800304,-0.9477434339615001,0.7689939375499286,-0.8498364456348662,0.40683742795524463,-0.651135495119281,-0.4144556004615526,0.029237706072721154,-0.6976359825751207,-0.24717387373364158,0.0,-0.8930772127243898,-0.5664572772702333,1.1046517903730857
2481,0.30486590107301353,-0.04411907801201549,0.6256513576937649,0.15346791259651008,-0.41702107268800304,-0.16028913918181015,-1.012786496352782,0.2799961531443808,0.40683742795524463,-0.651135495119281,-0.4144556004615526,-0.8498466135002274,-0.3210180522806423,-0.8285968535134288,0.0,-0.8930772127243898,-0.5664572772702333,0.34416324788371144
2482,0.970780353846232,0.4632760460590616,0.007228006677879595,0.6773604047602854,0.16676217049808661,1.2328992285053335,1.4962512575102187,0.0540296333885314,-1.7618165702686994,1.5357786628062884,-0.4144556004615526,-0.9020566718471354,0.5341782166644996,-1.2162121733666202,0.0,-0.8930772127243898,-0.5664572772702333,-0.41632529460566275
2483,-0.8046972407892137,-1.8003907894530935,0.4195102406884698,-1.287236440853872,0.7505454136841763,0.8088853774701159,0.18718808158169664,-0.6238699258790168,-1.7618165702686994,-0.651135495119281,-0.4144556004615526,-0.5715697996427989,-1.003214005388979,-1.4100198332932161,0.0,-0.8930772127243898,-0.5664572772702333,1.4848960616177729
2484,0.3548120284392779,0.6629887098287495,0.4195102406884698,1.0702797738831167,-0.41702107268800304,0.7483119701793706,0.6235424735578706,-0.171936886367318,0.40683742795524463,-0.651135495119281,-0.4144556004615526,-0.05457818374671334,-0.006363168635067836,-1.4100198332932161,0.0,-0.8930772127243898,1.1921382551160753,0.34416324788371144
2485,-1.39984208736282,-1.427669493470256,0.4195102406884698,-1.156263317812928,-0.41702107268800304,-0.09971573189106478,0.5144538755638272,0.0540296333885314,0.40683742795524463,-0.651135495119281,-0.4144556004615526,-0.19182739451640413,-1.102705154531774,0.14044144611954992,0.0,-0.8930772127243898,1.1921382551160753,0.34416324788371144
2486,0.034402411027297145,0.9067244194296437,1.2440747087096502,-1.0252901947719841,-0.41702107268800304,-0.0391423246003194,-0.17644057839844834,-0.3979034061231674,0.40683742795524463,-0.651135495119281,-0.4144556004615526,-0.612319412596474,0.08220513973363472,0.33424910604614566,0.0,-0.8930772127243898,-0.5664572772702333,-0.41632529460566275
2487,0.4677591607942369,0.4442847079014532,0.4195102406884698,0.6773604047602854,-0.41702107268800304,0.44544493372564364,-0.10371484640241935,-1.301769485146565,0.40683742795524463,-0.651135495119281,-0.4144556004615526,-0.2580868052849354,-0.2790222963755832,-0.8285968535134288,0.0,-0.8930772127243898,-0.5664572772702333,-1.176813837095037
2488,0.4519310082042829,-0.09523848554120207,0.007228006677879595,-0.8943170717310404,-0.41702107268800304,-0.3420093610540463,0.8053568035479431,-0.171936886367318,0.40683742795524463,-0.651135495119281,-0.4144556004615526,-0.4479990653930616,0.7351578566990856,0.33424910604614566,0.0,-0.8930772127243898,-0.5664572772702333,-0.41632529460566275
2489,1.0718031166720068,0.8123032714970676,-1.0234775783485959,0.2844410356374539,-0.41702107268800304,-1.0688902485429908,-0.7218835683686659,0.5059626729002302,0.40683742795524463,-0.651135495119281,-0.4144556004615526,0.48823870987219076,0.5250577396524505,0.14044144611954992,0.0,0.6882113771853678,1.1921382551160753,-0.7965695658503499
2490,-0.04614696297810886,0.33772254778675065,0.6256513576937649,1.8561185121287795,-0.41702107268800304,0.7483119701793706,0.29627667957574016,-0.6238699258790168,0.40683742795524463,1.5357786628062884,-0.4144556004615526,-0.14571530133724145,-0.25396636782094717,-0.053366213807045836,0.0,-0.8930772127243898,-0.5664572772702333,-0.41632529460566275
2491,-0.8279602889561207,0.395117729974531,-1.4357598123591861,-0.37042457956726516,-0.41702107268800304,-0.0391423246003194,-0.9764236303547674,2.3136948309470253,0.40683742795524463,-0.651135495119281,-0.4144556004615526,-0.26416265105590253,-0.5721958889454813,1.4970950656057203,0.0,-0.8930772127243898,-0.5664572772702333,0.34416324788371144
2492,0.2886587260877202,0.29110500285997604,0.4195102406884698,0.8083335278012291,-0.41702107268800304,0.2637247118534075,-0.030989114406390354,-1.301769485146565,0.40683742795524463,-0.651135495119281,-0.4144556004615526,-0.04786281463324922,-0.09107508362876916,-0.8285968535134288,0.0,-0.8930772127243898,-0.5664572772702333,-0.41632529460566275
2493,0.40493377456458174,-0.44015403393136737,0.4195102406884698,0.2844410356374539,0.16676217049808661,0.5665917483071344,-0.030989114406390354,-1.301769485146565,0.40683742795524463,-0.651135495119281,-0.4144556004615526,0.0649115513366406,-0.26530356182431364,-0.24717387373364158,0.0,-0.8930772127243898,-0.5664572772702333,-0.03608102336097565
2494,1.1008622815730686,0.801732561399689,0.4195102406884698,-1.0252901947719841,-0.41702107268800304,0.38487152643489825,-1.0491493623507964,0.2799961531443808,0.40683742795524463,1.5357786628062884,-0.4144556004615526,-0.7887300367752621,0.9329194492014043,0.14044144611954992,0.0,-0.8930772127243898,-0.5664572772702333,-0.41632529460566275
2495,-1.2444617595084675,-1.8003907894530935,0.007228006677879595,0.2844410356374539,-0.41702107268800304,0.8088853774701159,0.07809948358765315,-1.301769485146565,0.40683742795524463,-0.651135495119281,-0.4144556004615526,-0.07128832816192174,-0.5307650446974614,0.14044144611954992,0.0,-0.8930772127243898,1.1921382551160753,1.4848960616177729
2496,-2.6298967840655036,-1.8003907894530935,-0.19891311032741552,-0.8943170717310404,-0.41702107268800304,-1.1900370631244817,-0.39461777438653534,0.0540296333885314,0.40683742795524463,-0.651135495119281,-0.4144556004615526,-0.7125490731882755,-1.4058255558628667,0.915672085825933,0.0,-0.8930772127243898,-0.5664572772702333,0.7244075191283986
2497,1.1294531589721641,0.2939795117935349,-1.6419009293644813,-0.8943170717310404,-0.41702107268800304,1.2328992285053335,-1.1218750943468254,0.957895712411929,0.40683742795524463,1.5357786628062884,-0.4144556004615526,0.26424648322919686,-0.20273833520026052,-1.0224045134400246,0.0,-0.8930772127243898,-0.5664572772702333,0.34416324788371144
2498,0.7936078114134971,2.124019081261218,-0.4050542273327106,0.022494789555566278,-0.41702107268800304,-0.0391423246003194,0.6962682055538997,-0.171936886367318,0.40683742795524463,-0.651135495119281,-0.4144556004615526,-0.373962800864874,0.3097311179744572,-1.0224045134400246,0.0,-0.8930772127243898,-0.5664572772702333,-1.176813837095037
2499,-1.061677409431791,-1.0131992145956619,0.6256513576937649,0.5463872817193415,-0.41702107268800304,0.5665917483071344,-0.030989114406390354,-1.301769485146565,0.40683742795524463,-0.651135495119281,-0.4144556004615526,0.61557578640282,0.2538745478564778,-0.6347891935868331,0.0,-0.8930772127243898,1.1921382551160753,1.1046517903730857
2500,0.054258798876942,0.17859157225083802,0.6256513576937649,-0.10847833348537753,1.334328656870266,1.1117524139238428,-0.35825490838852087,-0.6238699258790168,-1.7618165702686994,-0.651135495119281,-0.4144556004615526,0.12659717555254674,-0.04938833129631998,1.1094797457525287,0.0,-0.8930772127243898,-0.5664572772702333,-0.41632529460566275
2501,0.9132846268793304,0.5158870090944553,0.4195102406884698,-1.0252901947719841,-0.41702107268800304,0.38487152643489825,-1.0491493623507964,0.2799961531443808,0.40683742795524463,1.5357786628062884,-0.4144556004615526,-0.8057154571873809,0.43201983121696297,0.14044144611954992,0.0,-0.8930772127243898,-0.5664572772702333,-1.176813837095037
2502,-1.376367085787348,-0.48714634038915183,0.6256513576937649,-1.5491826869357594,1.334328656870266,0.8694587847608612,0.22355094757971114,-0.3979034061231674,-1.7618165702686994,-0.651135495119281,-0.4144556004615526,-0.5906965452567574,-1.0415588690417013,-1.6038274932198118,0.0,-0.8930772127243898,-0.5664572772702333,1.4848960616177729
2503,-0.6591999702115637,-0.6975578792016909,-0.19891311032741552,-0.37042457956726516,0.16676217049808661,1.0511790066330975,1.2780740615221318,0.5059626729002302,0.40683742795524463,-0.651135495119281,-0.4144556004615526,-0.5799309822377969,-0.5290748114101915,1.3032874056791244,0.0,0.6882113771853678,1.1921382551160753,-0.41632529460566275
2504,-0.1304741623233188,0.5996287831951386,-1.6419009293644813,-0.5013977026082089,-0.41702107268800304,-0.0391423246003194,-0.9400607643567529,2.087728311191176,0.40683742795524463,-0.651135495119281,-0.4144556004615526,-0.8170893814921321,-0.16018416270789776,1.3032874056791244,0.0,-0.8930772127243898,-0.5664572772702333,-0.41632529460566275
2505,-2.6298967840655036,-1.8003907894530935,-0.4050542273327106,1.3322260199650044,-0.41702107268800304,-1.9169179506134262,-1.1218750943468254,2.3136948309470253,0.40683742795524463,-0.651135495119281,-0.4144556004615526,-0.47255048511404996,-0.47888162745673435,-0.053366213807045836,0.0,0.6882113771853678,-0.5664572772702333,1.1046517903730857
2506,-1.297244079178044,-1.8003907894530935,0.007228006677879595,0.9393066508421729,-0.41702107268800304,0.2637247118534075,0.8780825355439722,-0.3979034061231674,0.40683742795524463,-0.651135495119281,-0.4144556004615526,-0.6944640917813188,-0.5203738011989703,1.8847103854589116,0.0,0.6882113771853678,-0.5664572772702333,-1.176813837095037
2507,1.0496579634837147,1.4664730804257113,-0.6111953443380057,-1.287236440853872,0.7505454136841763,0.8088853774701159,0.5144538755638272,0.7319291926560796,-1.7618165702686994,-0.651135495119281,-0.4144556004615526,-0.730348816976369,-0.12560459907309135,-1.6038274932198118,0.0,-0.8930772127243898,-0.5664572772702333,-0.03608102336097565
2508,0.30486590107301353,-0.28021829247717944,-0.19891311032741552,-0.37042457956726516,-0.41702107268800304,0.506018341016389,-0.43098064038454986,-0.8498364456348662,0.40683742795524463,-0.651135495119281,-0.4144556004615526,-0.6219163336941784,-0.2867720497124272,-0.6347891935868331,0.0,-0.8930772127243898,-0.5664572772702333,-0.03608102336097565
2509,-1.2086686435696927,-0.11782722691316055,-1.0234775783485959,-0.6323708256491528,-0.41702107268800304,-0.7054498047985186,-0.7946093003646949,0.2799961531443808,0.40683742795524463,-0.651135495119281,-0.4144556004615526,-0.06873444790123923,-0.7066735176935717,1.8847103854589116,0.0,-0.8930772127243898,-0.5664572772702333,-0.41632529460566275
2510,0.3780785956591712,1.0187368007918554,2.0686391767308305,-1.156263317812928,-0.41702107268800304,-1.7957711360319355,-0.6855207023706513,-1.301769485146565,0.40683742795524463,-0.651135495119281,-0.4144556004615526,0.22001357636123015,-0.562900067167007,1.1094797457525287,0.0,-0.8930772127243898,-0.5664572772702333,-0.41632529460566275
2511,1.0478410031518892,0.6887890554249082,-0.8173364613433008,0.8083335278012291,-0.41702107268800304,-0.28143595376330094,-0.10371484640241935,1.6357952716794772,0.40683742795524463,-0.651135495119281,-0.4144556004615526,0.15641540083319408,0.24255574101392202,-0.8285968535134288,0.0,-0.8930772127243898,-0.5664572772702333,-0.03608102336097565
2512,1.137132900776744,1.3914914760533132,-1.8480420463697762,0.15346791259651008,0.16676217049808661,0.14257789727191675,1.7144284534983059,-0.8498364456348662,0.40683742795524463,-0.651135495119281,-0.4144556004615526,-0.2399632710512973,0.8794699104049334,-0.6347891935868331,0.0,-0.8930772127243898,-0.5664572772702333,0.34416324788371144
2513,-1.2010918715785348,-0.11277036750749922,-1.0234775783485959,-0.6323708256491528,-0.41702107268800304,-0.7054498047985186,-0.7946093003646949,0.2799961531443808,0.40683742795524463,-0.651135495119281,-0.4144556004615526,-0.15217503546944328,-0.712067799032277,1.690902725532316,0.0,-0.8930772127243898,-0.5664572772702333,-0.41632529460566275
2514,-1.3283924636199334,-1.8003907894530935,-0.19891311032741552,0.15346791259651008,-0.41702107268800304,0.6877385628886251,0.11446234958566764,-1.0758029653907155,0.40683742795524463,-0.651135495119281,-0.4144556004615526,-0.24443975276444072,-0.6132466398687789,0.33424910604614566,0.0,-0.8930772127243898,1.1921382551160753,1.4848960616177729
2515,-1.0893116686908662,-0.09482459331802569,0.4195102406884698,-0.10847833348537753,-0.41702107268800304,0.08200448998117135,-1.0855122283488108,0.2799961531443808,0.40683742795524463,-0.651135495119281,-0.4144556004615526,-0.044385887102735194,-1.0531063164460637,-1.0224045134400246,0.0,-0.8930772127243898,-0.5664572772702333,1.1046517903730857
2516,0.8887849726613484,1.719345471596181,0.6256513576937649,-1.5491826869357594,2.501895143242445,1.2328992285053335,0.6962682055538997,-0.6238699258790168,-1.7618165702686994,-0.651135495119281,-0.4144556004615526,0.1879980481934324,0.08081130067705632,-1.6038274932198118,0.0,-0.8930772127243898,-0.5664572772702333,-0.7965695658503499
2517,0.04427885142410672,0.7092334965706047,1.4502158257149453,0.2844410356374539,-0.41702107268800304,-1.1294636558337363,-1.1218750943468254,-0.3979034061231674,0.40683742795524463,-0.651135495119281,-0.4144556004615526,-0.5095740816621391,0.027898954030967253,0.915672085825933,0.0,-0.8930772127243898,-0.5664572772702333,-0.03608102336097565
2518,0.30486590107301353,-1.8003907894530935,-0.4050542273327106,-1.4182095638948156,2.501895143242445,1.3540460430868244,0.29627667957574016,0.0540296333885314,-1.7618165702686994,-0.651135495119281,-0.4144556004615526,-0.6036336590321345,0.467606203469085,1.690902725532316,0.0,-0.8930772127243898,-0.5664572772702333,-0.41632529460566275
2519,0.35898035380044796,0.5932536913813898,0.83179247469906,0.9393066508421729,-0.41702107268800304,0.32429811914415285,0.6599053395558852,-1.0758029653907155,0.40683742795524463,-0.651135495119281,-0.4144556004615526,-0.054521993425802495,-0.18141991278911893,-0.8285968535134288,0.0,-0.8930772127243898,-0.5664572772702333,-0.03608102336097565
2520,0.3475754579895298,-0.40762790633377505,0.6256513576937649,0.2844410356374539,0.16676217049808661,0.44544493372564364,-0.06735198040440485,-1.0758029653907155,0.40683742795524463,-0.651135495119281,-0.4144556004615526,0.1674134676490361,-0.2666097520409975,-0.44098153366023735,0.0,0.6882113771853678,-0.5664572772702333,-0.03608102336097565
2521,-2.6298967840655036,-1.8003907894530935,0.6256513576937649,-0.5013977026082089,-0.41702107268800304,1.1723258212145882,1.2417111955241174,-0.6238699258790168,0.40683742795524463,-0.651135495119281,-0.4144556004615526,-0.3276969887997752,-1.3428779791808352,1.1094797457525287,0.0,-0.8930772127243898,-0.5664572772702333,0.7244075191283986
2522,0.49570520083641934,0.6463439255871732,-1.6419009293644813,1.463199143005948,-0.41702107268800304,-0.46315617563553707,0.15082521558368214,1.4098287519236279,0.40683742795524463,-0.651135495119281,-0.4144556004615526,-0.10361787646369079,0.5982560601721564,-1.2162121733666202,0.0,-0.8930772127243898,-0.5664572772702333,-1.176813837095037
2523,-1.5186024875518933,-1.3318997463065547,1.4502158257149453,-0.10847833348537753,-0.41702107268800304,-1.73519772874119,-1.0491493623507964,-0.6238699258790168,0.40683742795524463,-0.651135495119281,-0.4144556004615526,-1.1047846965257713,-0.9902470532911012,0.14044144611954992,0.0,-0.8930772127243898,-0.5664572772702333,1.8651403328624598
2524,0.5682529990122754,-1.8003907894530935,-2.2603242803803667,1.2012528969240606,-0.41702107268800304,0.32429811914415285,0.8417196695459577,-1.9796690444141132,0.40683742795524463,-0.651135495119281,-0.4144556004615526,-0.9325364663719662,-0.740845370388769,-0.053366213807045836,0.0,-0.8930772127243898,-0.5664572772702333,-0.7965695658503499
2525,0.017095316722317847,0.8430950462704596,1.4502158257149453,1.463199143005948,-0.41702107268800304,-0.46315617563553707,-0.9400607643567529,-0.8498364456348662,0.40683742795524463,-0.651135495119281,-0.4144556004615526,-1.113947318329627,0.12124351520158215,1.690902725532316,0.0,-0.8930772127243898,-0.5664572772702333,-0.41632529460566275
2526,0.2716649002794906,0.229818554358936,-0.6111953443380057,-0.7633439486900966,-0.41702107268800304,-1.6746243214504446,-0.7218835683686659,0.2799961531443808,0.40683742795524463,-0.651135495119281,-0.4144556004615526,-0.3978280589272564,0.39065217278174824,0.7218644258993372,0.0,-0.8930772127243898,-0.5664572772702333,0.34416324788371144
2527,0.9734848731445914,0.8361423594621883,0.6256513576937649,0.15346791259651008,-0.41702107268800304,0.6877385628886251,1.7507913194963203,-0.171936886367318,0.40683742795524463,-0.651135495119281,-0.4144556004615526,1.2132746986204486,-0.030511327576683185,-0.8285968535134288,0.0,-0.8930772127243898,-0.5664572772702333,-0.7965695658503499
2528,0.10028889134665722,-0.07972372067542118,-1.8480420463697762,0.6773604047602854,-0.41702107268800304,-0.28143595376330094,1.8235170514923493,0.2799961531443808,0.40683742795524463,1.5357786628062884,-0.4144556004615526,0.32424812405219794,0.03185091175051322,0.14044144611954992,0.0,-0.8930772127243898,1.1921382551160753,-0.03608102336097565
2529,0.9834200951156786,1.6500965887424315,-0.8173364613433008,0.9393066508421729,-0.41702107268800304,0.02143108269042598,-1.0491493623507964,2.3136948309470253,0.40683742795524463,1.5357786628062884,2.412803684849147,-0.09335607130223557,-0.0015301359897554837,-0.24717387373364158,0.0,-0.8930772127243898,-0.5664572772702333,-0.7965695658503499
2530,-0.5350284184578573,-0.21590090097674453,0.4195102406884698,-0.23945145652632133,-0.41702107268800304,0.08200448998117135,-0.9400607643567529,-0.8498364456348662,0.40683742795524463,-0.651135495119281,-0.4144556004615526,-1.0183386518809234,-0.4415626962999844,1.3032874056791244,0.0,-0.8930772127243898,-0.5664572772702333,-0.03608102336097565
2531,-1.260209641348432,-0.08291109764001423,-0.4050542273327106,-0.37042457956726516,-0.41702107268800304,-0.7660232120892639,-0.7218835683686659,-0.171936886367318,0.40683742795524463,-0.651135495119281,-0.4144556004615526,-0.5932465663800999,-0.7814271049276584,1.1094797457525287,0.0,-0.8930772127243898,-0.5664572772702333,0.34416324788371144
2532,1.0718031166720068,0.8123032714970676,-0.19891311032741552,-0.6323708256491528,-0.41702107268800304,-1.4929040995782086,-1.012786496352782,0.2799961531443808,0.40683742795524463,-0.651135495119281,-0.4144556004615526,-0.05355754007797957,0.6422664854288203,0.14044144611954992,0.0,0.6882113771853678,-0.5664572772702333,-0.7965695658503499
2533,-2.6298967840655036,-1.8003907894530935,0.2133691236831747,-1.0252901947719841,-0.41702107268800304,-1.4929040995782086,-0.4673435063825644,0.5059626729002302,0.40683742795524463,1.5357786628062884,-0.4144556004615526,-0.6176141772649368,-1.090153889802819,1.3032874056791244,0.0,-0.8930772127243898,-0.5664572772702333,-0.03608102336097565
2534,0.28368850699716053,-0.9404861897327453,1.8624980597255354,0.2844410356374539,-0.41702107268800304,-0.9477434339615001,-1.1218750943468254,-1.0758029653907155,0.40683742795524463,-0.651135495119281,-0.4144556004615526,-0.7824709286461337,-0.3588427471637897,1.3032874056791244,0.0,-0.8930772127243898,-0.5664572772702333,-0.41632529460566275
2535,-0.9888615080620302,0.13073558873069965,-1.0234775783485959,0.022494789555566278,-0.41702107268800304,-0.0391423246003194,-1.0491493623507964,3.217560909970423,0.40683742795524463,-0.651135495119281,-0.4144556004615526,-0.1425562690512884,-0.6635542785244919,1.8847103854589116,0.0,-0.8930772127243898,-0.5664572772702333,0.34416324788371144
2536,0.7736044531797226,-1.8003907894530935,0.83179247469906,0.6773604047602854,-0.41702107268800304,0.6877385628886251,1.1689854635280883,-0.8498364456348662,0.40683742795524463,-0.651135495119281,-0.4144556004615526,0.6249207267119913,-0.18006632722459567,1.3032874056791244,0.0,-0.8930772127243898,-0.5664572772702333,0.34416324788371144
2537,0.38968631803523607,-0.19026809491625596,-1.4357598123591861,0.5463872817193415,-0.41702107268800304,0.38487152643489825,2.1144199794764655,1.4098287519236279,0.40683742795524463,-0.651135495119281,-0.4144556004615526,0.06477423263326682,-0.018959331503687105,0.14044144611954992,0.0,-0.8930772127243898,-0.5664572772702333,-0.03608102336097565
2538,-2.6298967840655036,-1.8003907894530935,0.4195102406884698,-1.0252901947719841,-0.41702107268800304,-1.6140509141596993,-0.9400607643567529,-0.171936886367318,0.40683742795524463,-0.651135495119281,-0.4144556004615526,-0.5309644911514072,-0.2562318675169952,0.33424910604614566,0.0,0.6882113771853678,-0.5664572772702333,0.34416324788371144
2539,1.0718031166720068,0.48364774081737405,0.007228006677879595,-1.4182095638948156,5.420811359172895,1.5357662649590604,1.4235255255141899,-0.3979034061231674,-1.7618165702686994,-0.651135495119281,-0.4144556004615526,1.1385137784147967,-0.030096208591780742,0.5280567659727414,0.0,0.6882113771853678,-0.5664572772702333,-0.7965695658503499
2540,-2.6298967840655036,-0.6309169598560166,1.2440747087096502,-1.0252901947719841,-0.41702107268800304,-1.7957711360319355,-0.9400607643567529,-0.171936886367318,0.40683742795524463,-0.651135495119281,-0.4144556004615526,-0.27876202766280705,-0.6424642525069589,-0.053366213807045836,0.0,0.6882113771853678,-0.5664572772702333,1.8651403328624598
2541,-0.7532020931400971,-0.499053395964292,-0.19891311032741552,-0.23945145652632133,-0.41702107268800304,1.1723258212145882,1.2053483295261027,0.7319291926560796,0.40683742795524463,1.5357786628062884,-0.4144556004615526,-0.3015939594826923,-0.2083362773631944,1.3032874056791244,0.0,-0.8930772127243898,2.950733787502384,-0.03608102336097565
2542,-0.9635604115543509,1.7021499935348394,-0.8173364613433008,-0.5013977026082089,-0.41702107268800304,-1.1900370631244817,-0.9400607643567529,-0.3979034061231674,0.40683742795524463,1.5357786628062884,-0.4144556004615526,0.7602531047731365,-0.1574552158031547,-1.7976351531464076,0.0,-0.8930772127243898,-0.5664572772702333,-0.03608102336097565
2543,1.0219220543529004,0.6141439254671527,-2.0541831633750713,0.15346791259651008,-0.41702107268800304,-0.46315617563553707,1.7507913194963203,3.4435274297262723,0.40683742795524463,-0.651135495119281,-0.4144556004615526,-0.7843450545942542,0.8927066114106179,-0.053366213807045836,0.0,0.6882113771853678,-0.5664572772702333,-0.41632529460566275
2544,0.017095316722317847,0.10469281764774024,0.2133691236831747,0.8083335278012291,-0.41702107268800304,0.14257789727191675,-0.8309721663627093,-0.8498364456348662,0.40683742795524463,-0.651135495119281,-0.4144556004615526,0.23680469427683126,-0.3111800722036506,-0.24717387373364158,0.0,0.6882113771853678,-0.5664572772702333,-0.41632529460566275
2545,0.1787243455894712,-0.3663660863760471,0.4195102406884698,0.9393066508421729,-0.41702107268800304,-0.09971573189106478,-0.43098064038454986,0.5059626729002302,0.40683742795524463,-0.651135495119281,-0.4144556004615526,-1.1000940010520444,-0.3988382091385685,-0.24717387373364158,0.0,-0.8930772127243898,-0.5664572772702333,-0.03608102336097565
2546,1.1298148424348653,0.1848800723044312,0.007228006677879595,-1.287236440853872,4.837028115986804,1.5357662649590604,1.4235255255141899,-0.3979034061231674,-1.7618165702686994,1.5357786628062884,-0.4144556004615526,-0.5840373773186068,1.0722907276900873,0.33424910604614566,0.0,-0.8930772127243898,-0.5664572772702333,-0.03608102336097565
2547,-0.4728004416628932,0.020567698084595187,0.2133691236831747,-0.10847833348537753,-0.41702107268800304,-1.9169179506134262,-1.1218750943468254,0.2799961531443808,0.40683742795524463,-0.651135495119281,-0.4144556004615526,-0.3856360611309541,0.23543638547400306,1.3032874056791244,0.0,-0.8930772127243898,1.1921382551160753,-0.41632529460566275
2548,0.16714713939160566,0.03017570739154757,0.4195102406884698,0.5463872817193415,-0.41702107268800304,0.38487152643489825,-0.10371484640241935,-1.301769485146565,0.40683742795524463,-0.651135495119281,-0.4144556004615526,-0.10117175064956882,-0.559377757036793,-0.8285968535134288,0.0,-0.8930772127243898,1.1921382551160753,0.7244075191283986
2549,0.9748737585761678,0.2600534902370724,-2.2603242803803667,0.5463872817193415,-0.41702107268800304,-0.5843029902170278,1.8598799174903637,3.4435274297262723,0.40683742795524463,1.5357786628062884,-0.4144556004615526,-0.8182401815838043,0.9083541881333236,0.14044144611954992,0.0,0.6882113771853678,-0.5664572772702333,-0.41632529460566275
2550,0.7834486887264499,-1.8003907894530935,-0.19891311032741552,-1.4182095638948156,3.085678386428535,1.0511790066330975,0.5508167415618417,-0.8498364456348662,-1.7618165702686994,-0.651135495119281,-0.4144556004615526,-0.5903793994001774,0.943790501629276,1.3032874056791244,0.0,-0.8930772127243898,-0.5664572772702333,-0.03608102336097565
2551,1.137132900776744,0.09932516619187155,0.4195102406884698,-1.156263317812928,-0.41702107268800304,0.990605599342352,-0.5037063723805789,-0.171936886367318,0.40683742795524463,-0.651135495119281,-0.4144556004615526,0.5039788098105858,0.35445633281173156,-1.4100198332932161,0.0,-0.8930772127243898,-0.5664572772702333,0.7244075191283986
2552,1.0945638166121157,0.8605650033357015,-0.4050542273327106,0.5463872817193415,-0.41702107268800304,0.02143108269042598,-1.0855122283488108,1.6357952716794772,0.40683742795524463,1.5357786628062884,2.412803684849147,-0.5837030102453384,0.38374913056974663,-0.6347891935868331,0.0,-0.8930772127243898,-0.5664572772702333,-0.41632529460566275
2553,0.30486590107301353,-0.5059027991722267,1.2440747087096502,-0.10847833348537753,-0.41702107268800304,-2.340931801648644,-0.9036978983587384,0.0540296333885314,0.40683742795524463,-0.651135495119281,-0.4144556004615526,-0.4669086166582812,-0.7891989389934047,0.14044144611954992,0.0,-0.8930772127243898,-0.5664572772702333,0.34416324788371144
2554,0.40381388008617647,0.1021279656055099,-0.19891311032741552,-1.0252901947719841,-0.41702107268800304,1.1117524139238428,-0.8309721663627093,-0.3979034061231674,0.40683742795524463,1.5357786628062884,2.412803684849147,-0.503931764318556,-0.047863505194766225,-0.24717387373364158,0.0,-0.8930772127243898,-0.5664572772702333,-0.41632529460566275
2555,0.8870768818792006,0.6687412360011823,0.6256513576937649,0.15346791259651008,1.334328656870266,-0.16028913918181015,-0.39461777438653534,-1.0758029653907155,-1.7618165702686994,-0.651135495119281,-0.4144556004615526,1.1365962221833203,0.03412175496463321,-1.4100198332932161,0.0,0.6882113771853678,-0.5664572772702333,-1.176813837095037
2556,1.1033244032509653,1.7785511633907696,0.83179247469906,0.9393066508421729,0.16676217049808661,0.506018341016389,-0.14007771240043385,-0.8498364456348662,0.40683742795524463,-0.651135495119281,-0.4144556004615526,0.42122447516829875,0.020625556515462547,-0.8285968535134288,0.0,-0.8930772127243898,-0.5664572772702333,-0.41632529460566275
2557,-0.007762027200185376,-0.26985357545193744,0.2133691236831747,-1.0252901947719841,-0.41702107268800304,-1.9169179506134262,0.005373751591624148,-0.3979034061231674,0.40683742795524463,-0.651135495119281,-0.4144556004615526,-0.9291682778797116,-0.4708293869146414,0.14044144611954992,0.0,-0.8930772127243898,-0.5664572772702333,0.34416324788371144
2558,-0.8453738609937314,-1.8003907894530935,-0.19891311032741552,-1.5491826869357594,-0.41702107268800304,-0.16028913918181015,0.6962682055538997,0.0540296333885314,0.40683742795524463,1.5357786628062884,-0.4144556004615526,-0.22910261646695854,-0.34269498352863337,0.915672085825933,0.0,-0.8930772127243898,1.1921382551160753,-0.7965695658503499
2559,-2.6298967840655036,-1.8003907894530935,0.007228006677879595,-1.287236440853872,-0.41702107268800304,1.1723258212145882,0.9871711335380157,-0.3979034061231674,0.40683742795524463,-0.651135495119281,-0.4144556004615526,-1.0570820080779124,-1.3185662894454935,0.915672085825933,0.0,-0.8930772127243898,-0.5664572772702333,1.4848960616177729
2560,0.06318358894338662,0.48690064044707904,-0.4050542273327106,-0.37042457956726516,-0.41702107268800304,-1.0083168412522454,-1.1218750943468254,-0.3979034061231674,0.40683742795524463,1.5357786628062884,2.412803684849147,-0.022120992142905166,-0.15414307535174207,-1.7976351531464076,0.0,0.6882113771853678,-0.5664572772702333,-0.41632529460566275
2561,1.0310249963538733,1.000322357040958,-0.6111953443380057,-1.156263317812928,-0.41702107268800304,1.0511790066330975,-0.8673350323607238,0.2799961531443808,0.40683742795524463,1.5357786628062884,2.412803684849147,0.7862721065921372,0.3172946650077712,-1.4100198332932161,0.0,-0.8930772127243898,-0.5664572772702333,-0.7965695658503499
2562,1.0187735848926882,1.5340271977491067,-2.0541831633750713,0.022494789555566278,-0.41702107268800304,0.08200448998117135,1.7144284534983059,0.5059626729002302,0.40683742795524463,-0.651135495119281,-0.4144556004615526,-0.5012213231530822,0.8841690545934161,-0.24717387373364158,0.0,-0.8930772127243898,-0.5664572772702333,-0.7965695658503499
2563,-1.9014938710938285,-1.8003907894530935,0.2133691236831747,-0.7633439486900966,0.16676217049808661,1.1723258212145882,0.15082521558368214,0.0540296333885314,-1.7618165702686994,-0.651135495119281,2.412803684849147,-1.0720561098905568,-0.7846226183011166,0.7218644258993372,0.0,-0.8930772127243898,-0.5664572772702333,1.1046517903730857
2564,-0.5857510555915164,0.6468515392417774,0.6256513576937649,-0.10847833348537753,-0.41702107268800304,-1.7957711360319355,-1.1218750943468254,0.0540296333885314,0.40683742795524463,-0.651135495119281,-0.4144556004615526,-0.8708668394547431,-0.6569007706618545,1.3032874056791244,0.0,-0.8930772127243898,-0.5664572772702333,-0.41632529460566275
2565,1.0312246974146213,1.003881300080762,-1.0234775783485959,-1.287236440853872,0.7505454136841763,1.2328992285053335,0.25991381357772564,-0.6238699258790168,-1.7618165702686994,-0.651135495119281,-0.4144556004615526,-0.2270433900428756,0.5775464238961202,-0.8285968535134288,0.0,0.6882113771853678,-0.5664572772702333,-1.176813837095037
2566,-0.007354701231843672,0.8564389378325247,-1.4357598123591861,0.6773604047602854,0.16676217049808661,0.38487152643489825,0.11446234958566764,0.957895712411929,0.40683742795524463,-0.651135495119281,-0.4144556004615526,-0.8719039580567151,-0.6674224454874448,1.1094797457525287,0.0,-0.8930772127243898,-0.5664572772702333,-0.03608102336097565
2567,0.017095316722317847,-0.2327451339515425,0.007228006677879595,1.463199143005948,-0.41702107268800304,0.506018341016389,-1.012786496352782,0.0540296333885314,0.40683742795524463,-0.651135495119281,-0.4144556004615526,0.5367130570410478,-0.12849214917897084,-0.24717387373364158,0.0,0.6882113771853678,-0.5664572772702333,-0.7965695658503499
2568,0.5614335210709872,0.15305478806030057,-2.2603242803803667,0.15346791259651008,-0.41702107268800304,0.32429811914415285,1.5689769895062478,2.765627870458724,0.40683742795524463,1.5357786628062884,-0.4144556004615526,-0.13339860795171676,1.6359847933869256,-1.6038274932198118,0.0,0.6882113771853678,-0.5664572772702333,-1.176813837095037
2569,-1.2924940062843124,-0.4937206484978261,0.83179247469906,0.4154141586783977,-0.41702107268800304,0.38487152643489825,-0.030989114406390354,-1.0758029653907155,-1.7618165702686994,-0.651135495119281,-0.4144556004615526,0.6705619564310104,0.5517645745066888,-0.8285968535134288,0.0,-0.8930772127243898,1.1921382551160753,1.1046517903730857
2570,1.0281258965646125,1.207319526016825,-1.229618695353891,1.3322260199650044,-0.41702107268800304,0.44544493372564364,-1.0491493623507964,1.6357952716794772,0.40683742795524463,1.5357786628062884,-0.4144556004615526,-0.08485589091742583,0.4831694867982961,-0.053366213807045836,0.0,-0.8930772127243898,-0.5664572772702333,-0.7965695658503499
2571,1.137132900776744,0.49766471843279947,-1.4357598123591861,-0.8943170717310404,-0.41702107268800304,1.2934726357960789,-1.0491493623507964,0.5059626729002302,0.40683742795524463,1.5357786628062884,2.412803684849147,0.21072822876549357,-0.24237496456170773,-0.8285968535134288,0.0,-0.8930772127243898,-0.5664572772702333,0.34416324788371144
2572,1.137132900776744,0.788538575889099,-0.19891311032741552,-1.287236440853872,-0.41702107268800304,0.6877385628886251,0.8417196695459577,-0.6238699258790168,0.40683742795524463,-0.651135495119281,-0.4144556004615526,-0.35558369362219594,0.1765246577132969,0.14044144611954992,0.0,0.6882113771853678,-0.5664572772702333,0.34416324788371144
2573,0.2654989666948895,0.4399769535584722,1.4502158257149453,0.15346791259651008,-0.41702107268800304,-2.4620786162301345,-0.8309721663627093,0.0540296333885314,0.40683742795524463,-0.651135495119281,-0.4144556004615526,0.6389302867752121,0.5770002869065776,-0.44098153366023735,0.0,-0.8930772127243898,-0.5664572772702333,1.1046517903730857
2574,-1.415729402158522,-0.7726512162721585,1.8624980597255354,0.4154141586783977,-0.41702107268800304,-1.0083168412522454,-1.1218750943468254,-1.0758029653907155,0.40683742795524463,-0.651135495119281,-0.4144556004615526,-1.0137416493095603,-1.7306341290225253,1.3032874056791244,0.0,-0.8930772127243898,-0.5664572772702333,-0.03608102336097565
2575,0.9846926392325979,1.600129384123627,0.007228006677879595,-0.5013977026082089,-0.41702107268800304,-1.3111838777059723,-0.8309721663627093,1.1838622321677783,0.40683742795524463,1.5357786628062884,-0.4144556004615526,-0.3885564825621594,0.0591673966544058,-0.24717387373364158,0.0,-0.8930772127243898,-0.5664572772702333,-0.7965695658503499
2576,-0.5508540036868287,0.18697272285792996,0.2133691236831747,-0.10847833348537753,-0.41702107268800304,-1.7957711360319355,-1.1218750943468254,0.5059626729002302,0.40683742795524463,-0.651135495119281,-0.4144556004615526,-0.5401732419618958,-0.03439727485643116,1.3032874056791244,0.0,-0.8930772127243898,1.1921382551160753,-0.41632529460566275
2577,0.1475089985884319,0.09244303709232944,-0.4050542273327106,-0.37042457956726516,-0.41702107268800304,0.990605599342352,-0.8673350323607238,-0.6238699258790168,0.40683742795524463,1.5357786628062884,2.412803684849147,-0.160968834017031,-0.3194760819031314,-0.8285968535134288,0.0,-0.8930772127243898,-0.5664572772702333,1.1046517903730857
2578,1.0718031166720068,0.8123032714970676,-1.0234775783485959,0.5463872817193415,-0.41702107268800304,-0.8265966193800093,-0.7218835683686659,0.5059626729002302,0.40683742795524463,-0.651135495119281,-0.4144556004615526,0.4361536115673416,0.3919444679744479,0.14044144611954992,0.0,0.6882113771853678,1.1921382551160753,-0.7965695658503499
2579,-0.08231574091574398,0.2653715670340964,0.6256513576937649,-0.10847833348537753,-0.41702107268800304,1.1117524139238428,-0.32189204239050634,-0.6238699258790168,-1.7618165702686994,-0.651135495119281,-0.4144556004615526,0.04744641702734433,0.09864300465689933,1.690902725532316,0.0,-0.8930772127243898,-0.5664572772702333,-0.41632529460566275
2580,-2.6298967840655036,-1.8003907894530935,0.6256513576937649,-0.6323708256491528,-0.41702107268800304,-0.9477434339615001,-1.012786496352782,0.0540296333885314,0.40683742795524463,-0.651135495119281,-0.4144556004615526,-0.8515557530478022,-1.103575298241131,1.690902725532316,0.0,-0.8930772127243898,-0.5664572772702333,-0.41632529460566275
2581,-0.8870228762597667,-1.8003907894530935,0.007228006677879595,-1.5491826869357594,-0.41702107268800304,-0.22086254647255554,0.7326310715519142,0.0540296333885314,0.40683742795524463,1.5357786628062884,-0.4144556004615526,-0.23406887792487663,-0.38873635228716663,0.915672085825933,0.0,-0.8930772127243898,-0.5664572772702333,-0.41632529460566275
2582,-0.532383836463084,-0.7422101862411079,-0.4050542273327106,0.15346791259651008,-0.41702107268800304,-0.0391423246003194,-0.8673350323607238,-0.3979034061231674,0.40683742795524463,-0.651135495119281,-0.4144556004615526,-0.7940737476730938,-1.8196279518984348,1.690902725532316,0.0,-0.8930772127243898,-0.5664572772702333,-0.03608102336097565
2583,0.998388485020138,0.40986121379342794,0.4195102406884698,-0.23945145652632133,-0.41702107268800304,0.02143108269042598,-1.0855122283488108,0.5059626729002302,0.40683742795524463,1.5357786628062884,2.412803684849147,-0.6896060897353382,0.08457043410148188,-1.0224045134400246,0.0,-0.8930772127243898,-0.5664572772702333,-0.41632529460566275
2584,0.489185959026597,0.11885090805241463,1.6563569427202405,-0.5013977026082089,-0.41702107268800304,-0.5843029902170278,-0.35825490838852087,-0.171936886367318,0.40683742795524463,-0.651135495119281,-0.4144556004615526,1.1202786663450666,0.8120772881418459,0.33424910604614566,0.0,-0.8930772127243898,-0.5664572772702333,-0.7965695658503499
2585,-1.1872272440554053,-1.8003907894530935,-1.8480420463697762,0.8083335278012291,-0.41702107268800304,0.8694587847608612,2.5144115054546248,-1.5277360049024145,0.40683742795524463,-0.651135495119281,-0.4144556004615526,0.5174305674268119,-0.5444144627365756,1.3032874056791244,0.0,-0.8930772127243898,-0.5664572772702333,-0.41632529460566275
2586,1.137132900776744,0.09932516619187155,0.4195102406884698,-1.287236440853872,-0.41702107268800304,0.9300321920516067,-0.5400692383785933,-0.171936886367318,0.40683742795524463,-0.651135495119281,-0.4144556004615526,0.5081986800266816,0.39514260201753887,-1.4100198332932161,0.0,-0.8930772127243898,-0.5664572772702333,0.7244075191283986
2587,1.0718031166720068,1.0765530609124214,-0.4050542273327106,2.3800110042925544,-0.41702107268800304,-0.5843029902170278,-1.0855122283488108,0.7319291926560796,0.40683742795524463,1.5357786628062884,-0.4144556004615526,-0.25857907221274906,0.24441820681501075,-0.24717387373364158,0.0,0.6882113771853678,-0.5664572772702333,-0.7965695658503499
2588,-0.00014682101980086003,-0.25113165237393426,-0.6111953443380057,-0.5013977026082089,-0.41702107268800304,-1.6746243214504446,-0.8309721663627093,0.5059626729002302,0.40683742795524463,-0.651135495119281,-0.4144556004615526,1.251292142014108,-0.571326310862646,0.14044144611954992,0.0,-0.8930772127243898,-0.5664572772702333,0.34416324788371144
2589,1.0730205197198763,1.4138347538633977,1.037933591704355,-1.0252901947719841,-0.41702107268800304,0.02143108269042598,-0.17644057839844834,-0.6238699258790168,0.40683742795524463,-0.651135495119281,-0.4144556004615526,0.27343197894484084,0.21651063509933002,0.14044144611954992,0.0,-0.8930772127243898,-0.5664572772702333,-0.7965695658503499
2590,-1.115758510857255,-0.2543131894632311,0.007228006677879595,-1.0252901947719841,1.334328656870266,1.2934726357960789,1.5689769895062478,-0.6238699258790168,-1.7618165702686994,-0.651135495119281,-0.4144556004615526,-0.6813162670409068,0.2799912931647577,0.7218644258993372,0.0,-0.8930772127243898,-0.5664572772702333,0.7244075191283986
2591,-0.06602135598009967,-0.6818907207519681,0.2133691236831747,-0.7633439486900966,-0.41702107268800304,-0.09971573189106478,-0.35825490838852087,-0.171936886367318,0.40683742795524463,-0.651135495119281,-0.4144556004615526,-0.278602896842708,-0.163084974359106,-0.24717387373364158,0.0,-0.8930772127243898,-0.5664572772702333,-0.7965695658503499
2592,0.05940533962663886,-0.7726479415554096,-0.19891311032741552,-0.5013977026082089,-0.41702107268800304,-1.8563445433226808,-0.9036978983587384,0.2799961531443808,0.40683742795524463,-0.651135495119281,-0.4144556004615526,1.1403453126324155,-0.48466460384311427,0.33424910604614566,0.0,-0.8930772127243898,-0.5664572772702333,0.7244075191283986
2593,-2.6298967840655036,-1.790375629169995,0.2133691236831747,0.15346791259651008,-0.41702107268800304,1.2934726357960789,1.3871626595161752,-0.171936886367318,0.40683742795524463,1.5357786628062884,-0.4144556004615526,0.021144233766738477,0.08913754770370991,-0.24717387373364158,0.0,-0.8930772127243898,1.1921382551160753,1.4848960616177729
2594,1.0718031166720068,1.053337955223354,0.6256513576937649,-0.6323708256491528,-0.41702107268800304,0.02143108269042598,-1.0855122283488108,-0.3979034061231674,0.40683742795524463,-0.651135495119281,-0.4144556004615526,-0.9313465657388716,0.6422664854288203,-0.6347891935868331,0.0,-0.8930772127243898,-0.5664572772702333,-0.7965695658503499
2595,-1.171052646184161,-0.0017313291900568307,0.007228006677879595,0.15346791259651008,-0.41702107268800304,-0.5843029902170278,-0.7218835683686659,-0.171936886367318,0.40683742795524463,-0.651135495119281,-0.4144556004615526,-0.8969278467893396,-0.7602410561542707,1.3032874056791244,0.0,-0.8930772127243898,-0.5664572772702333,1.1046517903730857
2596,1.0652868651014415,0.8198754863535729,0.6256513576937649,1.594172266046892,-0.41702107268800304,0.506018341016389,0.15082521558368214,-0.6238699258790168,0.40683742795524463,1.5357786628062884,-0.4144556004615526,0.4266280026248368,0.3940455152046646,-0.053366213807045836,0.0,0.6882113771853678,-0.5664572772702333,-1.176813837095037
2597,-1.3065407534187052,-1.6803266452147312,0.007228006677879595,-0.10847833348537753,-0.41702107268800304,0.8694587847608612,0.11446234958566764,-1.301769485146565,-1.7618165702686994,-0.651135495119281,-0.4144556004615526,-0.11113625549566325,-0.6166441048410937,-0.053366213807045836,0.0,0.6882113771853678,1.1921382551160753,1.1046517903730857
2598,-2.6298967840655036,-0.7180510368936677,1.4502158257149453,-0.8943170717310404,-0.41702107268800304,-1.9774913579041715,-0.9400607643567529,-0.3979034061231674,0.40683742795524463,-0.651135495119281,-0.4144556004615526,-0.3890263748651047,-0.9447881631194648,-0.24717387373364158,0.0,-0.8930772127243898,-0.5664572772702333,1.8651403328624598
2599,1.1291815998067045,0.498872135911924,0.2133691236831747,0.6773604047602854,2.501895143242445,-0.7054498047985186,-0.21280344439646284,-1.0758029653907155,-1.7618165702686994,-0.651135495119281,-0.4144556004615526,-0.7148102789450684,-0.005389238755308222,-1.2162121733666202,0.0,-0.8930772127243898,-0.5664572772702333,0.7244075191283986
2600,-1.43928362928958,-1.0494751780351752,-0.4050542273327106,-1.5491826869357594,-0.41702107268800304,-0.09971573189106478,0.5144538755638272,0.5059626729002302,0.40683742795524463,-0.651135495119281,-0.4144556004615526,-0.6954523126841815,-1.5207143361240643,0.7218644258993372,0.0,-0.8930772127243898,1.1921382551160753,1.4848960616177729
2601,0.975459322441448,0.4290709237721944,0.6256513576937649,-0.10847833348537753,-0.41702107268800304,0.14257789727191675,-1.1218750943468254,0.5059626729002302,0.40683742795524463,1.5357786628062884,2.412803684849147,-0.6773102960771636,-0.013870459309547717,-1.0224045134400246,0.0,-0.8930772127243898,-0.5664572772702333,-0.41632529460566275
2602,-1.212819640691975,-0.24546992151102104,-0.19891311032741552,-0.5013977026082089,-0.41702107268800304,-1.3111838777059723,-0.7946093003646949,1.1838622321677783,0.40683742795524463,-0.651135495119281,-0.4144556004615526,0.13626020857130403,-0.7085831883914897,-0.24717387373364158,0.0,0.6882113771853678,-0.5664572772702333,1.4848960616177729
2603,-1.2424804771165776,-1.8003907894530935,-1.0234775783485959,1.0702797738831167,-0.41702107268800304,0.8088853774701159,-1.0491493623507964,0.7319291926560796,0.40683742795524463,1.5357786628062884,-0.4144556004615526,-0.7731263042441597,-0.8295380776757627,0.33424910604614566,0.0,-0.8930772127243898,-0.5664572772702333,0.34416324788371144
2604,0.017095316722317847,-0.7900715677701953,-0.6111953443380057,-0.6323708256491528,-0.41702107268800304,-1.4929040995782086,-0.5400692383785933,0.5059626729002302,0.40683742795524463,-0.651135495119281,-0.4144556004615526,1.6183923266113374,-0.6583262228659283,-0.24717387373364158,0.0,-0.8930772127243898,-0.5664572772702333,0.34416324788371144
2605,1.0024679391050162,1.6018261272554917,0.4195102406884698,-1.287236440853872,1.9181119000563556,1.4146194503775698,0.22355094757971114,-0.3979034061231674,-1.7618165702686994,-0.651135495119281,-0.4144556004615526,-0.10605886189630352,0.8918251697530304,-1.6038274932198118,0.0,0.6882113771853678,-0.5664572772702333,-0.7965695658503499
2606,-0.34893278823105905,0.26850837563515456,0.007228006677879595,-0.7633439486900966,0.7505454136841763,1.2328992285053335,0.005373751591624148,-0.171936886367318,-1.7618165702686994,-0.651135495119281,2.412803684849147,-0.05114029277294567,0.41396537557433427,1.690902725532316,0.0,-0.8930772127243898,-0.5664572772702333,-0.7965695658503499
2607,0.04423338770480473,0.2345953840017456,0.4195102406884698,0.6773604047602854,-0.41702107268800304,0.08200448998117135,-0.7218835683686659,-1.0758029653907155,0.40683742795524463,-0.651135495119281,-0.4144556004615526,0.05424064752908017,-0.3850784474209272,-0.24717387373364158,0.0,-0.8930772127243898,-0.5664572772702333,-0.03608102336097565
2608,0.3068160169960736,0.6616902582113531,0.83179247469906,0.5463872817193415,-0.41702107268800304,0.32429811914415285,0.07809948358765315,-0.8498364456348662,0.40683742795524463,-0.651135495119281,-0.4144556004615526,0.2600737825432644,-0.38912628502654584,-0.8285968535134288,0.0,-0.8930772127243898,-0.5664572772702333,-0.03608102336097565
2609,-0.13790260054342035,0.7983330926129765,1.037933591704355,2.2490378812516107,-0.41702107268800304,0.02143108269042598,-0.7946093003646949,-0.8498364456348662,0.40683742795524463,-0.651135495119281,-0.4144556004615526,-1.1851235455326805,-0.07123482971263967,1.690902725532316,0.0,-0.8930772127243898,-0.5664572772702333,-0.41632529460566275
2610,-1.1016277308642142,0.2823485959333286,-0.4050542273327106,0.9393066508421729,-0.41702107268800304,0.506018341016389,0.9871711335380157,0.0540296333885314,0.40683742795524463,-0.651135495119281,-0.4144556004615526,-0.6765666816320806,-1.1927506801880186,1.4970950656057203,0.0,-0.8930772127243898,-0.5664572772702333,1.1046517903730857
2611,0.45856780071911796,0.45669632165760793,0.4195102406884698,0.6773604047602854,-0.41702107268800304,0.44544493372564364,-0.10371484640241935,-1.301769485146565,0.40683742795524463,-0.651135495119281,-0.4144556004615526,-0.27758451538693996,-0.28139193471918783,-0.8285968535134288,0.0,-0.8930772127243898,-0.5664572772702333,-1.176813837095037
2612,-0.35210251416705346,-0.17450478281677548,0.6256513576937649,-1.287236440853872,-0.41702107268800304,0.506018341016389,-0.5764321043766079,-0.3979034061231674,0.40683742795524463,-0.651135495119281,-0.4144556004615526,-0.7234139786551413,-0.7987293974687031,-1.0224045134400246,0.0,-0.8930772127243898,-0.5664572772702333,0.7244075191283986
2613,1.0904467097866242,0.8055213829376721,-0.8173364613433008,0.6773604047602854,-0.41702107268800304,-0.7054498047985186,-0.5764321043766079,0.5059626729002302,0.40683742795524463,-0.651135495119281,-0.4144556004615526,0.281355334731312,0.25823730011597046,0.14044144611954992,0.0,-0.8930772127243898,1.1921382551160753,-0.41632529460566275
2614,1.1113620146204957,1.348811133275795,0.4195102406884698,-0.5013977026082089,0.16676217049808661,0.7483119701793706,-0.4673435063825644,-0.6238699258790168,0.40683742795524463,1.5357786628062884,2.412803684849147,0.4817078798952677,-0.057919351579299276,-1.4100198332932161,0.0,-0.8930772127243898,-0.5664572772702333,-0.03608102336097565
2615,-1.0944327244929544,-1.8003907894530935,-1.229618695353891,0.022494789555566278,-0.41702107268800304,0.8088853774701159,0.9508082675400011,1.1838622321677783,0.40683742795524463,-0.651135495119281,-0.4144556004615526,-0.4024093997822375,-0.34925522856214336,1.1094797457525287,0.0,0.6882113771853678,1.1921382551160753,-0.41632529460566275
2616,0.3539609420979995,0.23072579372108568,-0.19891311032741552,-1.287236440853872,-0.41702107268800304,0.6877385628886251,-1.0855122283488108,-0.3979034061231674,0.40683742795524463,1.5357786628062884,-0.4144556004615526,0.0030824985377411215,0.25466599077377744,-1.0224045134400246,0.0,0.6882113771853678,-0.5664572772702333,-0.41632529460566275
2617,-1.0799955291501442,-1.8003907894530935,0.2133691236831747,0.8083335278012291,-0.41702107268800304,0.9300321920516067,0.005373751591624148,-1.301769485146565,0.40683742795524463,-0.651135495119281,-0.4144556004615526,0.43368029545434006,-0.44262188309243555,0.14044144611954992,0.0,-0.8930772127243898,1.1921382551160753,1.1046517903730857
2618,0.27235654583982793,1.161826984749594,1.6563569427202405,-0.7633439486900966,-0.41702107268800304,-0.5843029902170278,-0.35825490838852087,-0.171936886367318,0.40683742795524463,-0.651135495119281,-0.4144556004615526,-0.8834138700600284,-0.45453099258695334,0.7218644258993372,0.0,-0.8930772127243898,-0.5664572772702333,-0.41632529460566275
2619,1.137132900776744,0.6986347242832353,0.2133691236831747,0.8083335278012291,0.16676217049808661,-0.5237295829262825,-0.21280344439646284,0.5059626729002302,-1.7618165702686994,-0.651135495119281,-0.4144556004615526,-0.21495787283358966,-0.0016584934266425009,-0.24717387373364158,0.0,-0.8930772127243898,-0.5664572772702333,0.7244075191283986
2620,0.5171450226753984,-1.8003907894530935,-2.2603242803803667,1.2012528969240606,-0.41702107268800304,0.44544493372564364,0.8417196695459577,-2.2056355641699628,0.40683742795524463,-0.651135495119281,-0.4144556004615526,-0.962165633188228,-0.9175382459299608,-0.053366213807045836,0.0,-0.8930772127243898,-0.5664572772702333,-0.7965695658503499
2621,1.0896176108124367,1.6118770031961036,0.6256513576937649,-1.0252901947719841,-0.41702107268800304,0.2637247118534075,-0.14007771240043385,-0.6238699258790168,0.40683742795524463,-0.651135495119281,-0.4144556004615526,0.03690337891998534,0.16335656215207417,0.5280567659727414,0.0,-0.8930772127243898,-0.5664572772702333,-0.7965695658503499
2622,1.0272797287203832,0.11242977279463662,0.007228006677879595,0.6773604047602854,-0.41702107268800304,0.506018341016389,0.36900241157176916,-1.0758029653907155,0.40683742795524463,-0.651135495119281,-0.4144556004615526,-0.5817031997220307,0.0650348118474295,-0.6347891935868331,0.0,-0.8930772127243898,-0.5664572772702333,-1.176813837095037
2623,1.0084334488727076,0.4543729819590865,-2.2603242803803667,0.6773604047602854,-0.41702107268800304,-0.46315617563553707,1.8598799174903637,3.669493949482122,0.40683742795524463,1.5357786628062884,-0.4144556004615526,-0.8809362741222003,0.8905530642572035,0.14044144611954992,0.0,-0.8930772127243898,-0.5664572772702333,-0.7965695658503499
2624,0.06352613423875289,-0.3607738390892336,0.6256513576937649,-1.0252901947719841,-0.41702107268800304,0.20315130456266212,-0.43098064038454986,-0.6238699258790168,0.40683742795524463,-0.651135495119281,-0.4144556004615526,-0.5943818595156913,-0.5448520760817296,-0.44098153366023735,0.0,0.6882113771853678,-0.5664572772702333,-0.03608102336097565
2625,-0.7229360566134759,0.625868279416277,-0.4050542273327106,-0.8943170717310404,-0.41702107268800304,1.1723258212145882,-0.21280344439646284,-0.6238699258790168,0.40683742795524463,-0.651135495119281,-0.4144556004615526,-0.2908442916871585,0.22940999425339265,0.33424910604614566,0.0,0.6882113771853678,-0.5664572772702333,-0.7965695658503499
2626,0.9964087837430118,0.5274404768508955,-0.19891311032741552,0.4154141586783977,-0.41702107268800304,0.8088853774701159,-0.06735198040440485,0.5059626729002302,-1.7618165702686994,-0.651135495119281,-0.4144556004615526,0.4126544557295461,0.43015712291319724,-0.8285968535134288,0.0,0.6882113771853678,-0.5664572772702333,-0.7965695658503499
2627,1.0465809777142436,-0.13358175141619497,1.037933591704355,-0.37042457956726516,-0.41702107268800304,-2.4620786162301345,-0.9036978983587384,-0.6238699258790168,0.40683742795524463,-0.651135495119281,-0.4144556004615526,-0.5802622080505815,0.3794696149375379,-1.0224045134400246,0.0,-0.8930772127243898,-0.5664572772702333,-0.7965695658503499
2628,-1.4491446978193938,-1.8003907894530935,-0.6111953443380057,-0.6323708256491528,-0.41702107268800304,-0.6448763975077731,-0.43098064038454986,0.957895712411929,0.40683742795524463,1.5357786628062884,2.412803684849147,-0.7923886578462248,-1.27643377231337,-0.6347891935868331,0.0,-0.8930772127243898,1.1921382551160753,1.4848960616177729
2629,0.19831796864515305,0.09127808419318573,0.6256513576937649,-0.10847833348537753,0.7505454136841763,0.9300321920516067,1.7144284534983059,-1.0758029653907155,0.40683742795524463,-0.651135495119281,-0.4144556004615526,-0.35977784008414365,-0.3494566427945016,0.7218644258993372,0.0,-0.8930772127243898,-0.5664572772702333,1.1046517903730857
2630,-1.3953787824174477,-1.8003907894530935,0.007228006677879595,-0.10847833348537753,-0.41702107268800304,0.8694587847608612,0.11446234958566764,-1.0758029653907155,0.40683742795524463,1.5357786628062884,2.412803684849147,-0.4988290069344914,-0.6701196525793812,0.33424910604614566,0.0,-0.8930772127243898,1.1921382551160753,1.4848960616177729
2631,0.20827702142480317,0.3134136549093003,0.4195102406884698,-0.7633439486900966,-0.41702107268800304,0.2637247118534075,-1.0855122283488108,0.2799961531443808,0.40683742795524463,1.5357786628062884,-0.4144556004615526,-0.4522918106507663,-0.3214000316214736,-0.44098153366023735,0.0,-0.8930772127243898,-0.5664572772702333,0.7244075191283986
2632,-2.6298967840655036,-1.8003907894530935,1.2440747087096502,-0.5013977026082089,-0.41702107268800304,-0.8871700266707547,-1.0855122283488108,-0.8498364456348662,0.40683742795524463,-0.651135495119281,-0.4144556004615526,-0.8163077403475519,-0.781980740535959,1.4970950656057203,0.0,-0.8930772127243898,1.1921382551160753,0.34416324788371144
2633,1.0700400661045033,1.1302610169036713,0.007228006677879595,-0.37042457956726516,-0.41702107268800304,-1.3111838777059723,-0.7946093003646949,1.4098287519236279,0.40683742795524463,1.5357786628062884,2.412803684849147,-0.4016767616305243,0.2207009606845327,-0.24717387373364158,0.0,-0.8930772127243898,-0.5664572772702333,-0.7965695658503499
2634,0.14522456331063024,-0.12379937932376736,0.6256513576937649,0.15346791259651008,-0.41702107268800304,0.9300321920516067,0.07809948358765315,-1.0758029653907155,0.40683742795524463,-0.651135495119281,-0.4144556004615526,-0.058234170339959944,-1.051627897908035,-0.24717387373364158,0.0,-0.8930772127243898,-0.5664572772702333,-0.41632529460566275
2635,-2.6298967840655036,-1.8003907894530935,1.2440747087096502,-0.6323708256491528,-0.41702107268800304,-0.46315617563553707,-1.1218750943468254,-1.0758029653907155,0.40683742795524463,1.5357786628062884,2.412803684849147,-1.3113885040083917,-1.8661849894010616,1.3032874056791244,0.0,-0.8930772127243898,-0.5664572772702333,1.8651403328624598
2636,0.5138513120822684,0.38204386712252236,0.007228006677879595,0.6773604047602854,-0.41702107268800304,0.8694587847608612,-0.7218835683686659,-0.6238699258790168,0.40683742795524463,1.5357786628062884,2.412803684849147,0.03941549358438999,-0.09775759807011321,-0.8285968535134288,0.0,-0.8930772127243898,-0.5664572772702333,-1.176813837095037
2637,0.9973830642600108,1.356948691307529,-0.6111953443380057,-1.0252901947719841,-0.41702107268800304,0.02143108269042598,0.25991381357772564,0.7319291926560796,0.40683742795524463,-0.651135495119281,-0.4144556004615526,0.6113236565554891,1.2804038364084327,-1.0224045134400246,0.0,-0.8930772127243898,-0.5664572772702333,-0.03608102336097565
2638,0.18908048107040173,-0.7499572029210689,0.6256513576937649,0.8083335278012291,-0.41702107268800304,-0.46315617563553707,-0.6491578363726369,0.0540296333885314,0.40683742795524463,-0.651135495119281,-0.4144556004615526,-0.4851120542771333,-0.52782103133601,-0.8285968535134288,0.0,-0.8930772127243898,-0.5664572772702333,1.4848960616177729
2639,-1.1728261318079427,0.4965281348224286,1.037933591704355,1.2012528969240606,0.16676217049808661,0.38487152643489825,-0.17644057839844834,-0.6238699258790168,0.40683742795524463,-0.651135495119281,-0.4144556004615526,-0.3201973544063165,-0.7009683020354988,1.1094797457525287,0.0,-0.8930772127243898,-0.5664572772702333,0.7244075191283986
2640,-2.6298967840655036,-1.8003907894530935,0.007228006677879595,0.4154141586783977,-0.41702107268800304,-0.8265966193800093,-1.1218750943468254,1.1838622321677783,0.40683742795524463,-0.651135495119281,-0.4144556004615526,-0.29028362990612383,-0.22378334401776895,0.915672085825933,0.0,0.6882113771853678,-0.5664572772702333,-0.41632529460566275
2641,0.2838877804810619,-0.3555452346662368,-0.4050542273327106,-0.37042457956726516,-0.41702107268800304,0.5665917483071344,-0.43098064038454986,-0.6238699258790168,0.40683742795524463,-0.651135495119281,-0.4144556004615526,-0.6354925667755057,-0.2309607483234764,-0.44098153366023735,0.0,-0.8930772127243898,-0.5664572772702333,0.34416324788371144
2642,-1.2398700385452608,-0.17854270550605422,-0.19891311032741552,-0.6323708256491528,-0.41702107268800304,-1.3111838777059723,-0.6491578363726369,0.7319291926560796,0.40683742795524463,1.5357786628062884,-0.4144556004615526,0.15305372419390303,0.1481220762390816,0.14044144611954992,0.0,0.6882113771853678,1.1921382551160753,1.4848960616177729
2643,0.11925903578291265,-0.9927952257132027,0.6256513576937649,-0.10847833348537753,1.9181119000563556,0.5665917483071344,-0.10371484640241935,-0.8498364456348662,-1.7618165702686994,-0.651135495119281,-0.4144556004615526,0.3255918815789762,-0.08724275222765868,-0.6347891935868331,0.0,-0.8930772127243898,-0.5664572772702333,-0.41632529460566275
2644,1.11078954524392,0.32539293906015015,-0.4050542273327106,-0.6323708256491528,-0.41702107268800304,-0.4025827683447917,-0.7946093003646949,1.1838622321677783,0.40683742795524463,1.5357786628062884,2.412803684849147,-0.729505327695824,0.5671375906996745,-0.44098153366023735,0.0,-0.8930772127243898,1.1921382551160753,0.34416324788371144
2645,0.3190103281532278,-0.17548061692823477,-1.4357598123591861,-0.5013977026082089,-0.41702107268800304,1.1723258212145882,2.0416942474804363,0.0540296333885314,0.40683742795524463,-0.651135495119281,-0.4144556004615526,-0.9105249666148322,0.4553575063593531,-0.44098153366023735,0.0,-0.8930772127243898,-0.5664572772702333,-0.03608102336097565
2646,1.0502603836048898,0.5823850567214329,0.4195102406884698,-1.156263317812928,0.16676217049808661,0.8694587847608612,-0.6491578363726369,-0.171936886367318,-1.7618165702686994,1.5357786628062884,2.412803684849147,0.7143168734758197,0.7942609227821279,-1.0224045134400246,0.0,-0.8930772127243898,-0.5664572772702333,-0.03608102336097565
2647,1.0971087235515784,0.20635650191365376,-0.19891311032741552,-1.287236440853872,-0.41702107268800304,1.5357662649590604,0.7326310715519142,-0.3979034061231674,-1.7618165702686994,-0.651135495119281,-0.4144556004615526,-0.39798032421367796,-0.23192176484621568,0.5280567659727414,0.0,0.6882113771853678,-0.5664572772702333,-0.03608102336097565
2648,1.0402637990809072,-0.08656247774894259,1.2440747087096502,-0.23945145652632133,-0.41702107268800304,-2.4620786162301345,-0.9036978983587384,-0.6238699258790168,0.40683742795524463,-0.651135495119281,-0.4144556004615526,-0.5911958996890823,0.40793108461287636,-1.0224045134400246,0.0,-0.8930772127243898,-0.5664572772702333,-0.7965695658503499
2649,-1.119279143983774,0.4843123236306114,-0.4050542273327106,-0.37042457956726516,-0.41702107268800304,-1.250610470415227,-0.8673350323607238,0.5059626729002302,0.40683742795524463,1.5357786628062884,2.412803684849147,0.42824021794039835,-0.5040147052361832,-1.0224045134400246,0.0,0.6882113771853678,-0.5664572772702333,1.1046517903730857
2650,-0.5476050994708642,-1.8003907894530935,0.2133691236831747,0.15346791259651008,0.16676217049808661,0.38487152643489825,-0.6855207023706513,-0.3979034061231674,0.40683742795524463,-0.651135495119281,-0.4144556004615526,-1.0095943824646911,-0.07207252007727864,0.7218644258993372,0.0,-0.8930772127243898,-0.5664572772702333,-0.7965695658503499
2651,0.0021810240491889807,-1.7068279125362606,1.037933591704355,-0.37042457956726516,-0.41702107268800304,-1.7957711360319355,-0.9036978983587384,-0.6238699258790168,0.40683742795524463,-0.651135495119281,-0.4144556004615526,-0.3016050674266447,-0.042260164030673036,-1.0224045134400246,0.0,-0.8930772127243898,1.1921382551160753,-0.03608102336097565
2652,-0.7292423962839023,-0.020576715322533017,1.2440747087096502,-0.37042457956726516,-0.41702107268800304,-2.2803583943578984,-1.0855122283488108,0.0540296333885314,0.40683742795524463,-0.651135495119281,-0.4144556004615526,-0.48054466104026017,-0.0746508975384462,1.3032874056791244,0.0,-0.8930772127243898,-0.5664572772702333,-0.03608102336097565
2653,-0.7270794835025164,-0.03413544109964549,-1.4357598123591861,0.9393066508421729,0.16676217049808661,0.38487152643489825,0.07809948358765315,0.7319291926560796,0.40683742795524463,-0.651135495119281,-0.4144556004615526,-0.5204605116093453,-0.3657434152878447,0.7218644258993372,0.0,-0.8930772127243898,1.1921382551160753,-0.7965695658503499
2654,-0.12468803895260275,0.2922950903216352,0.6256513576937649,-0.10847833348537753,-0.41702107268800304,0.990605599342352,-0.32189204239050634,-0.6238699258790168,0.40683742795524463,-0.651135495119281,-0.4144556004615526,0.022889866918046866,0.14456977765079307,1.8847103854589116,0.0,-0.8930772127243898,-0.5664572772702333,-0.41632529460566275
2655,0.2972462898962156,0.17800459448854136,0.4195102406884698,-0.37042457956726516,-0.41702107268800304,-1.553477506868954,-1.1218750943468254,0.5059626729002302,0.40683742795524463,-0.651135495119281,-0.4144556004615526,-0.6909880720220043,-0.31413346354361343,-1.2162121733666202,0.0,-0.8930772127243898,1.1921382551160753,-0.41632529460566275
2656,-0.5085207627633251,0.6130411468594114,1.2440747087096502,-0.5013977026082089,-0.41702107268800304,-0.28143595376330094,-1.0855122283488108,-1.301769485146565,0.40683742795524463,1.5357786628062884,-0.4144556004615526,-0.16867048506874083,-0.598556676380678,1.3032874056791244,0.0,-0.8930772127243898,-0.5664572772702333,-1.176813837095037
2657,-0.7986357834816118,-0.648462148537219,0.2133691236831747,-0.7633439486900966,0.16676217049808661,0.990605599342352,1.3507997935181608,-0.8498364456348662,-1.7618165702686994,-0.651135495119281,-0.4144556004615526,-0.9944236685249762,-0.6376836690023882,1.1094797457525287,0.0,-0.8930772127243898,-0.5664572772702333,-0.7965695658503499
2658,1.092777655243441,0.8789811022629387,-1.0234775783485959,-0.10847833348537753,-0.41702107268800304,0.08200448998117135,-0.6127949703746224,-1.9796690444141132,0.40683742795524463,-0.651135495119281,-0.4144556004615526,-0.5896925929213387,0.2452612378938011,-0.053366213807045836,0.0,-0.8930772127243898,-0.5664572772702333,-0.41632529460566275
2659,-1.0937840418014633,-0.0007536789353276691,0.6256513576937649,-0.6323708256491528,0.16676217049808661,0.506018341016389,-0.35825490838852087,-0.8498364456348662,0.40683742795524463,-0.651135495119281,-0.4144556004615526,-0.44120427009507024,-0.19545489964137427,1.3032874056791244,0.0,-0.8930772127243898,-0.5664572772702333,1.1046517903730857
2660,-0.532383836463084,0.3944650225496285,0.6256513576937649,1.7251453890878359,-0.41702107268800304,0.2637247118534075,-0.7582464343666804,-0.6238699258790168,0.40683742795524463,1.5357786628062884,-0.4144556004615526,-1.1547463943827543,-0.5283673494376908,1.1094797457525287,0.0,-0.8930772127243898,-0.5664572772702333,-0.41632529460566275
2661,-0.8589778988325215,-0.7676701303500831,-1.6419009293644813,0.6773604047602854,-0.41702107268800304,0.44544493372564364,0.8417196695459577,-1.9796690444141132,0.40683742795524463,-0.651135495119281,-0.4144556004615526,0.291145611323612,0.39623013130042717,-0.44098153366023735,0.0,-0.8930772127243898,1.1921382551160753,1.1046517903730857
2662,-1.389513212870873,-1.6870089798555303,0.6256513576937649,-0.23945145652632133,-0.41702107268800304,-1.9169179506134262,0.5871796075598562,0.2799961531443808,0.40683742795524463,-0.651135495119281,-0.4144556004615526,-0.19701083731320335,-0.4764642260847412,-1.2162121733666202,0.0,-0.8930772127243898,-0.5664572772702333,1.4848960616177729
2663,-1.2047920862358348,-0.22494717525054858,-0.4050542273327106,-0.5013977026082089,-0.41702107268800304,-0.28143595376330094,-0.24916631039447737,0.2799961531443808,0.40683742795524463,-0.651135495119281,-0.4144556004615526,0.24585731632686295,-0.6992791508906853,-0.24717387373364158,0.0,-0.8930772127243898,-0.5664572772702333,1.8651403328624598
2664,-2.6298967840655036,-1.8003907894530935,-0.4050542273327106,-0.23945145652632133,-0.41702107268800304,1.1117524139238428,1.1689854635280883,1.4098287519236279,0.40683742795524463,-0.651135495119281,-0.4144556004615526,-0.8386645227681236,-0.9665185484094343,1.4970950656057203,0.0,-0.8930772127243898,-0.5664572772702333,-0.41632529460566275
2665,1.0718031166720068,1.4461265898098643,-0.4050542273327106,-1.0252901947719841,1.334328656870266,1.3540460430868244,1.9689685154844072,-0.171936886367318,-1.7618165702686994,-0.651135495119281,-0.4144556004615526,0.04447937317178771,0.38722193764265755,-0.053366213807045836,0.0,-0.8930772127243898,-0.5664572772702333,-0.7965695658503499
2666,-1.0466461073841296,-1.8003907894530935,-1.4357598123591861,0.15346791259651008,-0.41702107268800304,0.6271651555978798,0.7689939375499286,0.5059626729002302,0.40683742795524463,-0.651135495119281,-0.4144556004615526,-0.24342405964733826,-0.16110611178699008,0.915672085825933,0.0,0.6882113771853678,1.1921382551160753,0.34416324788371144
2667,1.001956196972696,0.8259190646157121,-1.8480420463697762,-0.37042457956726516,-0.41702107268800304,0.38487152643489825,1.7507913194963203,0.7319291926560796,0.40683742795524463,-0.651135495119281,-0.4144556004615526,-0.41664116289891084,1.1021530417420213,-0.24717387373364158,0.0,-0.8930772127243898,-0.5664572772702333,-0.41632529460566275
2668,0.4717008360532174,-1.8003907894530935,0.4195102406884698,1.2012528969240606,-0.41702107268800304,0.8088853774701159,-0.7582464343666804,-0.3979034061231674,0.40683742795524463,-0.651135495119281,-0.4144556004615526,0.1874346607112298,-0.23996198121349133,-0.24717387373364158,0.0,0.6882113771853678,-0.5664572772702333,-1.176813837095037
2669,-0.6901638775236811,0.10017717119271007,0.4195102406884698,1.0702797738831167,-0.41702107268800304,0.14257789727191675,0.04173661758963865,-1.301769485146565,0.40683742795524463,-0.651135495119281,-0.4144556004615526,-1.0381407294146487,-0.9677808942223742,-1.0224045134400246,0.0,-0.8930772127243898,-0.5664572772702333,1.4848960616177729
2670,0.13222063503458328,-0.2617813338971299,-0.6111953443380057,0.15346791259651008,-0.41702107268800304,-0.6448763975077731,-0.5400692383785933,0.0540296333885314,0.40683742795524463,-0.651135495119281,-0.4144556004615526,-0.26806980382483225,-0.15387772838932842,0.915672085825933,0.0,0.6882113771853678,-0.5664572772702333,-0.03608102336097565
2671,0.14607233718679458,-1.6362870389919246,1.8624980597255354,0.5463872817193415,-0.41702107268800304,-1.0083168412522454,-1.1218750943468254,-0.6238699258790168,0.40683742795524463,-0.651135495119281,-0.4144556004615526,-0.7403826318778236,-0.6046373721030188,1.3032874056791244,0.0,-0.8930772127243898,-0.5664572772702333,1.4848960616177729
2672,0.11444364611743486,0.5828940735605205,-1.0234775783485959,0.2844410356374539,-0.41702107268800304,0.2637247118534075,0.15082521558368214,1.4098287519236279,0.40683742795524463,-0.651135495119281,-0.4144556004615526,-1.1592749229369355,-0.39300665423104353,1.690902725532316,0.0,-0.8930772127243898,1.1921382551160753,1.1046517903730857
2673,0.9950791178232105,0.24975077488123112,-0.4050542273327106,0.4154141586783977,-0.41702107268800304,0.7483119701793706,0.005373751591624148,0.957895712411929,0.40683742795524463,1.5357786628062884,2.412803684849147,0.2419081545609724,0.36708517736992996,-1.0224045134400246,0.0,0.6882113771853678,1.1921382551160753,-0.7965695658503499
2674,-1.229834526186811,-0.20394434831720615,-0.19891311032741552,-0.5013977026082089,-0.41702107268800304,-1.3111838777059723,-0.7218835683686659,0.957895712411929,0.40683742795524463,1.5357786628062884,-0.4144556004615526,0.14791141045856404,-0.16942495855584191,-0.053366213807045836,0.0,0.6882113771853678,1.1921382551160753,1.4848960616177729
2675,-1.0743181479336916,-1.8003907894530935,0.4195102406884698,0.15346791259651008,0.7505454136841763,0.2637247118534075,-0.5037063723805789,-0.6238699258790168,-1.7618165702686994,-0.651135495119281,-0.4144556004615526,-0.3717009169170249,-0.7219744880828713,0.5280567659727414,0.0,-0.8930772127243898,-0.5664572772702333,-1.176813837095037
2676,-1.1672478436364369,-0.1511283203326408,0.6256513576937649,0.8083335278012291,0.16676217049808661,0.44544493372564364,1.5326141235082333,-0.3979034061231674,0.40683742795524463,-0.651135495119281,-0.4144556004615526,0.3177138739833601,-0.6794474914197172,-0.44098153366023735,0.0,-0.8930772127243898,-0.5664572772702333,1.4848960616177729
2677,1.0957796363742096,0.8209053681905828,0.007228006677879595,-0.37042457956726516,-0.41702107268800304,-1.3111838777059723,-0.7946093003646949,1.4098287519236279,0.40683742795524463,1.5357786628062884,2.412803684849147,-0.5252286911872565,0.3922171354454082,-0.24717387373364158,0.0,-0.8930772127243898,-0.5664572772702333,-0.41632529460566275
2678,0.970780353846232,0.8775899709699759,0.4195102406884698,0.4154141586783977,0.16676217049808661,0.38487152643489825,-0.32189204239050634,-0.6238699258790168,-1.7618165702686994,-0.651135495119281,-0.4144556004615526,1.235765636271372,0.0055399574246129185,-1.4100198332932161,0.0,-0.8930772127243898,-0.5664572772702333,-0.41632529460566275
2679,-0.7242071923893274,-1.8003907894530935,-2.0541831633750713,0.8083335278012291,-0.41702107268800304,1.2328992285053335,1.0962597315320592,2.539661350702875,0.40683742795524463,-0.651135495119281,-0.4144556004615526,-0.2965250908699552,-0.9809181734228035,-1.4100198332932161,0.0,-0.8930772127243898,1.1921382551160753,1.1046517903730857
2680,-1.1596590017088302,0.14505992217285557,0.6256513576937649,1.7251453890878359,-0.41702107268800304,0.6877385628886251,0.18718808158169664,-0.6238699258790168,0.40683742795524463,-0.651135495119281,-0.4144556004615526,-0.02609019369426665,-0.5594226043857674,-0.44098153366023735,0.0,-0.8930772127243898,-0.5664572772702333,1.1046517903730857
2681,-2.6298967840655036,-1.7842912422740493,-0.19891311032741552,-1.287236440853872,-0.41702107268800304,1.5963396722498058,0.7326310715519142,-0.3979034061231674,-1.7618165702686994,-0.651135495119281,-0.4144556004615526,-0.7582904064697776,-0.8301840860683394,0.5280567659727414,0.0,-0.8930772127243898,-0.5664572772702333,1.8651403328624598
2682,0.5775744944668095,-1.8003907894530935,-2.2603242803803667,1.2012528969240606,-0.41702107268800304,0.44544493372564364,0.8417196695459577,-1.9796690444141132,0.40683742795524463,-0.651135495119281,-0.4144556004615526,-0.9672857239591969,-0.7618050649912886,-0.053366213807045836,0.0,-0.8930772127243898,-0.5664572772702333,-0.7965695658503499
2683,1.106792004662392,0.04364551183770041,0.2133691236831747,-0.5013977026082089,0.7505454136841763,1.2328992285053335,1.1326225975300737,0.2799961531443808,-1.7618165702686994,-0.651135495119281,-0.4144556004615526,1.361877742960224,1.1012642350590156,-0.6347891935868331,0.0,0.6882113771853678,-0.5664572772702333,-0.7965695658503499
2684,-0.5753391764967427,-0.13474379225241162,-0.19891311032741552,0.5463872817193415,-0.41702107268800304,0.5665917483071344,0.8780825355439722,-1.301769485146565,0.40683742795524463,-0.651135495119281,-0.4144556004615526,0.26410804024159845,0.35354973121526184,1.3032874056791244,0.0,-0.8930772127243898,-0.5664572772702333,0.34416324788371144
2685,0.34030971107436464,0.1570751781782587,0.4195102406884698,-0.10847833348537753,-0.41702107268800304,0.20315130456266212,-1.1218750943468254,0.2799961531443808,0.40683742795524463,1.5357786628062884,-0.4144556004615526,-0.6758589363465165,-0.3137664497125493,-0.8285968535134288,0.0,-0.8930772127243898,-0.5664572772702333,-0.41632529460566275
2686,0.2368025936242254,0.22429018778857637,-1.0234775783485959,0.2844410356374539,-0.41702107268800304,0.20315130456266212,0.11446234958566764,1.1838622321677783,0.40683742795524463,-0.651135495119281,-0.4144556004615526,-1.2072563603504056,0.12926798466901673,1.1094797457525287,0.0,-0.8930772127243898,-0.5664572772702333,0.34416324788371144
2687,-2.5580093191367,-1.8003907894530935,1.2440747087096502,2.2490378812516107,-0.41702107268800304,-0.09971573189106478,-0.7946093003646949,-0.8498364456348662,0.40683742795524463,-0.651135495119281,-0.4144556004615526,-0.29712031002885664,-0.2359731163525798,1.8847103854589116,0.0,-0.8930772127243898,1.1921382551160753,0.34416324788371144
2688,-1.2533147792370662,0.1711004557709364,0.4195102406884698,0.4154141586783977,-0.41702107268800304,-0.0391423246003194,-0.7582464343666804,-1.0758029653907155,0.40683742795524463,-0.651135495119281,-0.4144556004615526,0.11629208814087505,-0.6365579597951911,-0.24717387373364158,0.0,-0.8930772127243898,-0.5664572772702333,1.1046517903730857
2689,0.2458457762815619,-1.8003907894530935,-0.4050542273327106,-1.4182095638948156,3.085678386428535,1.2934726357960789,0.25991381357772564,0.0540296333885314,-1.7618165702686994,-0.651135495119281,-0.4144556004615526,-0.4662515383930925,0.4232214396770379,1.3032874056791244,0.0,-0.8930772127243898,-0.5664572772702333,-0.41632529460566275
2690,-1.2828869843192068,-0.06015180204232031,0.007228006677879595,-0.23945145652632133,-0.41702107268800304,-0.7660232120892639,-0.6855207023706513,-0.3979034061231674,0.40683742795524463,-0.651135495119281,-0.4144556004615526,-0.8492267715868919,-0.815505104949202,0.915672085825933,0.0,-0.8930772127243898,-0.5664572772702333,0.7244075191283986
2691,0.37198854206428544,0.5716523191491801,0.6256513576937649,-0.23945145652632133,-0.41702107268800304,0.2637247118534075,-0.39461777438653534,-0.6238699258790168,0.40683742795524463,-0.651135495119281,-0.4144556004615526,-0.12812178148682837,0.012974280458217339,-1.4100198332932161,0.0,-0.8930772127243898,-0.5664572772702333,-0.41632529460566275
2692,0.31807347262051616,0.06165920806397023,0.4195102406884698,0.8083335278012291,0.16676217049808661,1.1117524139238428,2.0053313814824216,-0.6238699258790168,0.40683742795524463,-0.651135495119281,-0.4144556004615526,0.2395432819523648,-0.31831585802589124,0.33424910604614566,0.0,-0.8930772127243898,-0.5664572772702333,0.34416324788371144
2693,1.0718031166720068,0.8123032714970676,-1.229618695353891,-0.10847833348537753,-0.41702107268800304,-1.3111838777059723,-0.7946093003646949,0.0540296333885314,0.40683742795524463,-0.651135495119281,-0.4144556004615526,0.30139266481469107,0.5184330771445668,0.14044144611954992,0.0,0.6882113771853678,-0.5664572772702333,-0.7965695658503499
2694,-1.4323399818900615,-1.8003907894530935,-2.0541831633750713,-0.23945145652632133,-0.41702107268800304,0.7483119701793706,2.3325971754645525,0.2799961531443808,0.40683742795524463,-0.651135495119281,-0.4144556004615526,0.5163197495458234,0.06759975848057304,1.1094797457525287,0.0,-0.8930772127243898,-0.5664572772702333,-0.41632529460566275
2695,1.074121935337488,0.7968151288805811,-1.229618695353891,1.594172266046892,-0.41702107268800304,0.8088853774701159,-1.0855122283488108,1.1838622321677783,0.40683742795524463,1.5357786628062884,-0.4144556004615526,-0.14768008104168534,0.8700545521538698,-0.053366213807045836,0.0,-0.8930772127243898,-0.5664572772702333,-0.7965695658503499
2696,0.011286621645979182,0.8145727036229445,-1.0234775783485959,0.2844410356374539,-0.41702107268800304,0.2637247118534075,0.15082521558368214,1.1838622321677783,0.40683742795524463,-0.651135495119281,-0.4144556004615526,-0.8542405977937141,-0.62542291528927,1.3032874056791244,0.0,-0.8930772127243898,1.1921382551160753,-0.03608102336097565
2697,-1.0121937082355623,-0.045401633067619025,0.007228006677879595,0.4154141586783977,-0.41702107268800304,-0.4025827683447917,-0.7218835683686659,0.2799961531443808,0.40683742795524463,-0.651135495119281,-0.4144556004615526,-0.8176273246348797,-0.6754769590940848,1.690902725532316,0.0,-0.8930772127243898,-0.5664572772702333,0.7244075191283986
2698,0.43384123578643596,1.9710051812196268,0.4195102406884698,-1.5491826869357594,3.085678386428535,1.4146194503775698,0.8780825355439722,-0.6238699258790168,-1.7618165702686994,-0.651135495119281,-0.4144556004615526,-0.011895269837965938,-0.24068504879690392,-1.6038274932198118,0.0,0.6882113771853678,-0.5664572772702333,-0.41632529460566275
2699,-1.092014052642066,-1.8003907894530935,-0.4050542273327106,-0.8943170717310404,-0.41702107268800304,-1.8563445433226808,-1.012786496352782,1.6357952716794772,0.40683742795524463,1.5357786628062884,-0.4144556004615526,-0.11255121553513225,0.47687565129360315,-1.4100198332932161,0.0,-0.8930772127243898,-0.5664572772702333,0.34416324788371144
2700,0.33873184091727276,1.9273480269791694,0.2133691236831747,-1.287236440853872,3.085678386428535,1.3540460430868244,0.9144454015419866,-0.171936886367318,-1.7618165702686994,-0.651135495119281,-0.4144556004615526,-0.024577880207169583,-0.3269897585120833,-1.6038274932198118,0.0,-0.8930772127243898,-0.5664572772702333,-0.03608102336097565
2701,-1.3956575319658813,-0.2383636997949148,1.037933591704355,-0.7633439486900966,0.16676217049808661,0.6877385628886251,-0.28552917639249187,-0.171936886367318,0.40683742795524463,-0.651135495119281,-0.4144556004615526,-0.5395632221370797,1.278626486629179,1.690902725532316,0.0,-0.8930772127243898,-0.5664572772702333,1.1046517903730857
2702,-2.6298967840655036,-1.7944768890601677,0.2133691236831747,0.022494789555566278,-0.41702107268800304,1.2934726357960789,1.3144369275201464,-0.3979034061231674,0.40683742795524463,1.5357786628062884,-0.4144556004615526,-0.035584128831992655,-0.44880709084157094,0.33424910604614566,0.0,-0.8930772127243898,1.1921382551160753,1.1046517903730857
2703,0.4044271937245633,-0.049603203672846166,0.4195102406884698,0.022494789555566278,-0.41702107268800304,0.8694587847608612,0.07809948358765315,-0.8498364456348662,0.40683742795524463,-0.651135495119281,-0.4144556004615526,-0.055887231020908916,-1.1673602793161646,-0.8285968535134288,0.0,-0.8930772127243898,-0.5664572772702333,-0.41632529460566275
2704,-1.2757332149403409,-0.38288418535801,-0.6111953443380057,1.0702797738831167,-0.41702107268800304,0.506018341016389,1.0235339995360302,0.2799961531443808,0.40683742795524463,-0.651135495119281,-0.4144556004615526,-0.7188395680375207,-1.379672691749244,1.3032874056791244,0.0,-0.8930772127243898,-0.5664572772702333,1.4848960616177729
2705,-0.866794637049072,-1.8003907894530935,-0.4050542273327106,0.15346791259651008,-0.41702107268800304,0.02143108269042598,-0.8309721663627093,-0.3979034061231674,0.40683742795524463,-0.651135495119281,-0.4144556004615526,-0.17610512981966545,-0.2468682974470485,1.4970950656057203,0.0,-0.8930772127243898,-0.5664572772702333,-0.7965695658503499
2706,1.0501740629980774,0.6899599439355072,0.6256513576937649,0.5463872817193415,-0.41702107268800304,0.32429811914415285,0.005373751591624148,-0.8498364456348662,0.40683742795524463,-0.651135495119281,-0.4144556004615526,0.3144060857536068,0.4974861804753359,-0.8285968535134288,0.0,-0.8930772127243898,-0.5664572772702333,-0.7965695658503499
2707,1.137132900776744,-1.8003907894530935,0.4195102406884698,-0.8943170717310404,0.7505454136841763,1.1117524139238428,1.2780740615221318,-0.6238699258790168,-1.7618165702686994,-0.651135495119281,-0.4144556004615526,-0.3836602166586243,1.3708536647088445,0.5280567659727414,0.0,-0.8930772127243898,1.1921382551160753,0.34416324788371144
2708,1.0746712725479521,0.6445845021554453,-1.6419009293644813,-0.37042457956726516,-0.41702107268800304,0.14257789727191675,-0.5400692383785933,-2.2056355641699628,0.40683742795524463,1.5357786628062884,-0.4144556004615526,-0.5632454763556045,0.38474099596440947,-0.053366213807045836,0.0,-0.8930772127243898,-0.5664572772702333,-0.7965695658503499
2709,0.19839961884804302,0.3615937392710335,1.2440747087096502,-0.10847833348537753,-0.41702107268800304,-2.401505208939389,-0.8309721663627093,-0.171936886367318,0.40683742795524463,-0.651135495119281,-0.4144556004615526,0.20438206352401553,0.23396848286357427,-0.6347891935868331,0.0,-0.8930772127243898,-0.5664572772702333,0.7244075191283986
2710,0.4960952702137839,0.3827460770378954,0.2133691236831747,1.3322260199650044,-0.41702107268800304,0.8088853774701159,-0.6491578363726369,-0.3979034061231674,0.40683742795524463,-0.651135495119281,-0.4144556004615526,0.16371987590630424,-0.10857156592680892,-0.8285968535134288,0.0,-0.8930772127243898,-0.5664572772702333,-1.176813837095037
2711,-1.375147450561057,-1.8003907894530935,0.007228006677879595,-0.5013977026082089,-0.41702107268800304,-1.3717572849967177,-0.8309721663627093,1.1838622321677783,0.40683742795524463,1.5357786628062884,-0.4144556004615526,-0.7137293604706471,-1.2203300106819965,-0.24717387373364158,0.0,0.6882113771853678,1.1921382551160753,1.1046517903730857
2712,0.30486590107301353,-0.3670796132390984,0.83179247469906,0.8083335278012291,-0.41702107268800304,-0.0391423246003194,-0.6855207023706513,0.0540296333885314,0.40683742795524463,-0.651135495119281,-0.4144556004615526,-1.1686484191234048,-0.3707205536146473,-0.44098153366023735,0.0,-0.8930772127243898,-0.5664572772702333,0.34416324788371144
2713,-0.7327608359686827,0.560176469599628,-1.6419009293644813,1.8561185121287795,-0.41702107268800304,0.44544493372564364,1.1689854635280883,1.6357952716794772,0.40683742795524463,-0.651135495119281,-0.4144556004615526,-0.9372207041121154,-1.3149172244792664,1.1094797457525287,0.0,-0.8930772127243898,-0.5664572772702333,-0.03608102336097565
2714,-1.071076121176757,-1.8003907894530935,-1.8480420463697762,1.7251453890878359,-0.41702107268800304,0.8088853774701159,2.5144115054546248,-1.0758029653907155,0.40683742795524463,-0.651135495119281,-0.4144556004615526,0.3224937117898896,-0.28088798053234904,0.915672085825933,0.0,-0.8930772127243898,-0.5664572772702333,0.34416324788371144
2715,0.30486590107301353,-0.8334112086212974,1.037933591704355,-0.5013977026082089,-0.41702107268800304,-2.1592115797764078,-1.1218750943468254,0.0540296333885314,0.40683742795524463,-0.651135495119281,-0.4144556004615526,-0.4669086166582812,-0.5278600213337872,1.3032874056791244,0.0,-0.8930772127243898,1.1921382551160753,0.34416324788371144
2716,-0.532383836463084,-0.05643003404161545,0.4195102406884698,-0.23945145652632133,-0.41702107268800304,-1.9169179506134262,-1.1218750943468254,0.2799961531443808,0.40683742795524463,-0.651135495119281,-0.4144556004615526,-0.39625216791614915,0.2877400603618869,1.3032874056791244,0.0,-0.8930772127243898,1.1921382551160753,-0.41632529460566275
2717,0.667884738511845,1.841540117386195,0.4195102406884698,-1.5491826869357594,3.085678386428535,1.5963396722498058,0.8780825355439722,-0.6238699258790168,-1.7618165702686994,-0.651135495119281,-0.4144556004615526,0.09093883585791251,0.08323566809625522,-1.6038274932198118,0.0,0.6882113771853678,-0.5664572772702333,-0.41632529460566275
2718,-1.2353717790643661,-1.8003907894530935,-0.4050542273327106,0.2844410356374539,-0.41702107268800304,0.6877385628886251,0.07809948358765315,-0.8498364456348662,0.40683742795524463,-0.651135495119281,-0.4144556004615526,-0.20504179658049668,-0.8631339549765091,0.33424910604614566,0.0,-0.8930772127243898,-0.5664572772702333,1.1046517903730857
2719,-1.1473436000534403,0.3742634809739443,-1.6419009293644813,-0.6323708256491528,-0.41702107268800304,-0.0391423246003194,-0.9036978983587384,1.8617617914353266,0.40683742795524463,-0.651135495119281,-0.4144556004615526,-0.05035686967980777,0.2500534315834103,1.3032874056791244,0.0,0.6882113771853678,-0.5664572772702333,0.34416324788371144
2720,-2.6298967840655036,-1.8003907894530935,0.2133691236831747,0.15346791259651008,-0.41702107268800304,-0.5237295829262825,-1.1218750943468254,0.7319291926560796,0.40683742795524463,-0.651135495119281,-0.4144556004615526,-0.24143499213536698,-0.1546865114410907,1.3032874056791244,0.0,-0.8930772127243898,-0.5664572772702333,-0.41632529460566275
2721,1.0718031166720068,1.6181059352659815,0.007228006677879595,-1.5491826869357594,5.420811359172895,1.8386333014127874,0.5508167415618417,-0.3979034061231674,-3.9304705684926433,1.5357786628062884,2.412803684849147,0.2684126161959317,0.6422664854288203,-1.6038274932198118,0.0,0.6882113771853678,-0.5664572772702333,-0.7965695658503499
2722,0.017095316722317847,-1.8003907894530935,-0.6111953443380057,1.7251453890878359,-0.41702107268800304,-0.09971573189106478,0.8780825355439722,0.0540296333885314,0.40683742795524463,-0.651135495119281,-0.4144556004615526,0.18220794238178686,0.13424142578096523,1.8847103854589116,0.0,-0.8930772127243898,-0.5664572772702333,0.7244075191283986
2723,-0.9483869701387005,0.26555204320178727,0.83179247469906,0.15346791259651008,-0.41702107268800304,0.5665917483071344,-0.32189204239050634,-0.6238699258790168,0.40683742795524463,-0.651135495119281,-0.4144556004615526,0.17066437074812252,-0.3230199909841513,1.8847103854589116,0.0,-0.8930772127243898,1.1921382551160753,0.34416324788371144
2724,-0.029869251956841557,0.3209121055657064,0.6256513576937649,1.8561185121287795,-0.41702107268800304,0.7483119701793706,0.29627667957574016,-0.6238699258790168,0.40683742795524463,1.5357786628062884,-0.4144556004615526,-0.2580373163946223,-0.2920635812104878,-0.053366213807045836,0.0,-0.8930772127243898,-0.5664572772702333,-0.41632529460566275
2725,-1.1528804824204473,-0.08149122353942981,-0.6111953443380057,-0.5013977026082089,-0.41702107268800304,-1.0688902485429908,-0.7946093003646949,0.7319291926560796,0.40683742795524463,-0.651135495119281,-0.4144556004615526,0.1317526885774173,-0.6474458207563935,0.5280567659727414,0.0,-0.8930772127243898,-0.5664572772702333,1.4848960616177729
2726,1.137132900776744,0.7443006187132136,1.2440747087096502,-0.23945145652632133,-0.41702107268800304,-2.219784987067153,-1.012786496352782,0.0540296333885314,0.40683742795524463,-0.651135495119281,-0.4144556004615526,1.8645658543639696,0.3495447479252907,0.33424910604614566,0.0,-0.8930772127243898,-0.5664572772702333,0.34416324788371144
2727,-1.0632844111424364,-0.5304262602045564,0.4195102406884698,0.15346791259651008,-0.41702107268800304,0.6271651555978798,1.7507913194963203,0.0540296333885314,0.40683742795524463,-0.651135495119281,-0.4144556004615526,0.6128277909512385,-1.1203497913569125,-0.8285968535134288,0.0,-0.8930772127243898,1.1921382551160753,1.4848960616177729
2728,1.0718031166720068,1.6181059352659815,0.6256513576937649,-1.5491826869357594,1.334328656870266,0.9300321920516067,0.29627667957574016,-0.3979034061231674,-1.7618165702686994,-0.651135495119281,-0.4144556004615526,0.2684126161959317,0.5503258091630262,-1.6038274932198118,0.0,-0.8930772127243898,-0.5664572772702333,-0.7965695658503499
2729,0.32573512894277645,0.6638123856529901,0.83179247469906,0.9393066508421729,-0.41702107268800304,0.32429811914415285,0.6599053395558852,-1.0758029653907155,0.40683742795524463,-0.651135495119281,-0.4144556004615526,0.2752039362881775,-0.30615418306497677,-0.8285968535134288,0.0,-0.8930772127243898,-0.5664572772702333,-0.41632529460566275
2730,1.01560818997486,1.1564451184694877,-0.6111953443380057,-1.287236440853872,0.7505454136841763,1.2934726357960789,0.22355094757971114,-0.6238699258790168,-1.7618165702686994,-0.651135495119281,-0.4144556004615526,-0.2400019243815046,0.660489830016357,-1.0224045134400246,0.0,0.6882113771853678,-0.5664572772702333,-0.7965695658503499
2731,-1.141784288612879,0.4855927470731574,-1.8480420463697762,1.7251453890878359,-0.41702107268800304,0.38487152643489825,1.1326225975300737,1.6357952716794772,0.40683742795524463,-0.651135495119281,-0.4144556004615526,-0.7487474597441084,-0.9136671948089374,0.915672085825933,0.0,-0.8930772127243898,-0.5664572772702333,1.1046517903730857
2732,0.35296776217351,-0.19712500716409756,0.83179247469906,-0.23945145652632133,-0.41702107268800304,0.02143108269042598,0.6599053395558852,0.5059626729002302,0.40683742795524463,-0.651135495119281,-0.4144556004615526,-0.8286047739764688,0.59063868588558,-0.44098153366023735,0.0,-0.8930772127243898,-0.5664572772702333,-0.41632529460566275
2733,-0.8294265058152075,-0.02854209932621698,0.4195102406884698,0.15346791259651008,0.16676217049808661,0.2637247118534075,-0.5037063723805789,-0.6238699258790168,0.40683742795524463,-0.651135495119281,-0.4144556004615526,-0.44885880346760265,-1.0186921278246364,0.14044144611954992,0.0,-0.8930772127243898,-0.5664572772702333,-0.7965695658503499
2734,0.12152426317712461,-1.071592443528531,-1.8480420463697762,-0.7633439486900966,-0.41702107268800304,1.3540460430868244,-1.1218750943468254,1.1838622321677783,0.40683742795524463,1.5357786628062884,2.412803684849147,-0.7324076116294486,-0.4437903722199731,-1.0224045134400246,0.0,-0.8930772127243898,-0.5664572772702333,1.1046517903730857
2735,1.1306270912141925,0.30650874380748566,0.2133691236831747,0.5463872817193415,3.085678386428535,-0.7054498047985186,-0.24916631039447737,-1.301769485146565,-1.7618165702686994,1.5357786628062884,-0.4144556004615526,-0.6575207721816849,0.024979471194089255,-1.0224045134400246,0.0,-0.8930772127243898,-0.5664572772702333,0.7244075191283986
2736,0.5138513120822684,0.02334350050353119,0.2133691236831747,-0.37042457956726516,-0.41702107268800304,-1.6140509141596993,-1.1218750943468254,0.957895712411929,0.40683742795524463,-0.651135495119281,-0.4144556004615526,-0.13110885185750026,-0.22542623082835975,-1.2162121733666202,0.0,-0.8930772127243898,-0.5664572772702333,-1.176813837095037
2737,0.14607233718679458,0.9790552914090718,-0.19891311032741552,-0.5013977026082089,-0.41702107268800304,-1.1900370631244817,-1.1218750943468254,-0.171936886367318,0.40683742795524463,1.5357786628062884,-0.4144556004615526,0.1317165146259459,-0.32164603203444453,-1.0224045134400246,0.0,-0.8930772127243898,1.1921382551160753,1.1046517903730857
2738,0.397880078412288,0.6200433982613184,1.037933591704355,-0.23945145652632133,-0.41702107268800304,-1.9169179506134262,0.5871796075598562,0.0540296333885314,0.40683742795524463,-0.651135495119281,-0.4144556004615526,0.03483075533927119,0.7133424424712543,-1.0224045134400246,0.0,-0.8930772127243898,-0.5664572772702333,-0.03608102336097565
2739,0.9467055878045153,-1.8003907894530935,0.83179247469906,0.8083335278012291,-0.41702107268800304,0.6877385628886251,1.2417111955241174,-0.8498364456348662,0.40683742795524463,-0.651135495119281,-0.4144556004615526,0.7200813652989589,-0.22554943861513976,1.1094797457525287,0.0,-0.8930772127243898,-0.5664572772702333,0.34416324788371144
2740,-2.6298967840655036,-1.8003907894530935,0.4195102406884698,-1.287236440853872,0.16676217049808661,0.7483119701793706,1.3507997935181608,-0.171936886367318,0.40683742795524463,-0.651135495119281,-0.4144556004615526,-1.3271843345526633,-1.779722404679986,1.4970950656057203,0.0,-0.8930772127243898,-0.5664572772702333,0.34416324788371144
2741,0.09479965622357009,0.1589187944484366,-0.19891311032741552,0.2844410356374539,-0.41702107268800304,-0.0391423246003194,-0.6855207023706513,-1.5277360049024145,0.40683742795524463,-0.651135495119281,-0.4144556004615526,0.13389188832157164,-0.2963092013320488,-0.053366213807045836,0.0,0.6882113771853678,-0.5664572772702333,-0.03608102336097565
2742,-1.1604035987990005,-0.2520932691811915,-0.6111953443380057,4.99947346511143,-0.41702107268800304,-0.28143595376330094,0.9144454015419866,-0.3979034061231674,0.40683742795524463,-0.651135495119281,-0.4144556004615526,-0.859867319558257,-0.8592990891510783,0.915672085825933,0.0,-0.8930772127243898,-0.5664572772702333,0.7244075191283986
2743,-0.9071745608950752,1.4511877459312732,-0.19891311032741552,-0.7633439486900966,-0.41702107268800304,-1.9169179506134262,-0.9036978983587384,0.957895712411929,0.40683742795524463,1.5357786628062884,-0.4144556004615526,-0.10561674025499386,-0.4231686129748487,-0.6347891935868331,0.0,-0.8930772127243898,-0.5664572772702333,-0.03608102336097565
2744,0.1127641052121482,-1.8003907894530935,0.007228006677879595,-1.156263317812928,3.085678386428535,1.1117524139238428,0.15082521558368214,-0.171936886367318,-1.7618165702686994,-0.651135495119281,-0.4144556004615526,-0.15647513154361856,0.32314034773867684,0.5280567659727414,0.0,-0.8930772127243898,-0.5664572772702333,-0.7965695658503499
2745,-0.12468803895260275,0.2393900994414743,0.6256513576937649,0.4154141586783977,0.16676217049808661,0.8088853774701159,-0.24916631039447737,-0.8498364456348662,-1.7618165702686994,1.5357786628062884,-0.4144556004615526,0.022889866918046866,-0.36928878021137973,-0.053366213807045836,0.0,-0.8930772127243898,-0.5664572772702333,-1.176813837095037
2746,0.7183214175797784,-1.8003907894530935,0.007228006677879595,1.463199143005948,0.16676217049808661,0.32429811914415285,1.2780740615221318,0.0540296333885314,0.40683742795524463,-0.651135495119281,-0.4144556004615526,-0.21684591712670515,0.043651316463117956,0.14044144611954992,0.0,-0.8930772127243898,-0.5664572772702333,-0.7965695658503499
2747,0.10783127230364963,0.5092281114122986,0.83179247469906,-0.37042457956726516,1.9181119000563556,0.32429811914415285,0.6599053395558852,-1.0758029653907155,-1.7618165702686994,-0.651135495119281,-0.4144556004615526,0.03290434509437956,-0.024776419697414856,-0.8285968535134288,0.0,-0.8930772127243898,1.1921382551160753,1.1046517903730857
2748,1.0691989737860041,0.8852457753470837,0.6256513576937649,0.15346791259651008,1.9181119000563556,-0.0391423246003194,-0.43098064038454986,-1.0758029653907155,-1.7618165702686994,-0.651135495119281,-0.4144556004615526,1.1560532324412063,0.10404632094060964,-1.2162121733666202,0.0,-0.8930772127243898,-0.5664572772702333,-0.7965695658503499
2749,1.0327760215470008,-0.030830341385353285,1.037933591704355,-0.37042457956726516,-0.41702107268800304,-2.401505208939389,-0.9036978983587384,-0.6238699258790168,0.40683742795524463,-0.651135495119281,-0.4144556004615526,-0.3655812898743939,0.4947786246174682,-1.0224045134400246,0.0,-0.8930772127243898,-0.5664572772702333,-0.7965695658503499
2750,1.0552863801318864,1.087755003755096,0.6256513576937649,1.0702797738831167,-0.41702107268800304,0.5665917483071344,-0.17644057839844834,-0.8498364456348662,0.40683742795524463,-0.651135495119281,-0.4144556004615526,0.23586576584654695,-0.13983272430891988,-1.2162121733666202,0.0,-0.8930772127243898,-0.5664572772702333,-0.03608102336097565
2751,-1.0261396393533158,0.7045399977474688,-0.19891311032741552,0.15346791259651008,-0.41702107268800304,-0.4025827683447917,-1.0855122283488108,-1.7537025246582638,0.40683742795524463,-0.651135495119281,-0.4144556004615526,-0.7114150057411709,-1.036596730844934,-1.0224045134400246,0.0,-0.8930772127243898,-0.5664572772702333,0.7244075191283986
2752,0.5285650380834822,0.1459372368931686,-2.2603242803803667,0.15346791259651008,-0.41702107268800304,0.38487152643489825,1.5689769895062478,2.765627870458724,0.40683742795524463,1.5357786628062884,-0.4144556004615526,-0.0784091398695326,1.6951944858268235,-1.6038274932198118,0.0,0.6882113771853678,-0.5664572772702333,-1.176813837095037
2753,0.36506060164609094,0.607523716443747,0.6256513576937649,1.0702797738831167,-0.41702107268800304,0.6877385628886251,0.5144538755638272,-0.6238699258790168,0.40683742795524463,-0.651135495119281,-0.4144556004615526,-0.034392098306407014,-0.01844023523688972,-1.2162121733666202,0.0,-0.8930772127243898,-0.5664572772702333,-0.03608102336097565
2754,-1.3488266126956712,-1.8003907894530935,-0.19891311032741552,-1.287236440853872,0.7505454136841763,1.2328992285053335,0.7326310715519142,-0.8498364456348662,-1.7618165702686994,-0.651135495119281,-0.4144556004615526,-0.5915512341518885,-0.8138234808336982,0.7218644258993372,0.0,-0.8930772127243898,-0.5664572772702333,1.4848960616177729
2755,0.47115080138828547,-0.49454042413821486,1.037933591704355,-1.0252901947719841,-0.41702107268800304,0.02143108269042598,-0.17644057839844834,-0.3979034061231674,0.40683742795524463,-0.651135495119281,-0.4144556004615526,-0.5150356347606345,-0.2956619504786451,0.14044144611954992,0.0,-0.8930772127243898,-0.5664572772702333,-0.03608102336097565
2756,1.014776388106489,0.7284633135650944,0.6256513576937649,0.022494789555566278,-0.41702107268800304,0.8088853774701159,1.7507913194963203,-0.6238699258790168,0.40683742795524463,-0.651135495119281,-0.4144556004615526,0.8698920911886582,0.02211864917111374,-0.24717387373364158,0.0,-0.8930772127243898,-0.5664572772702333,-0.7965695658503499
2757,-0.7986357834816118,-0.648462148537219,0.2133691236831747,-1.0252901947719841,1.334328656870266,0.9300321920516067,1.0598968655340446,-1.0758029653907155,-1.7618165702686994,-0.651135495119281,-0.4144556004615526,-0.7854279687747288,-0.6376836690023882,1.1094797457525287,0.0,-0.8930772127243898,-0.5664572772702333,-0.7965695658503499
2758,-0.5715338759898717,-0.4202531956664926,1.037933591704355,-0.37042457956726516,-0.41702107268800304,-2.401505208939389,-0.9036978983587384,-0.6238699258790168,0.40683742795524463,-0.651135495119281,-0.4144556004615526,-0.07172492897387839,-1.290768904276176,-1.0224045134400246,0.0,-0.8930772127243898,-0.5664572772702333,0.34416324788371144
2759,-0.5574026051676838,-1.8003907894530935,-1.8480420463697762,2.5109841273334985,-0.41702107268800304,0.20315130456266212,-1.012786496352782,0.5059626729002302,0.40683742795524463,-0.651135495119281,-0.4144556004615526,-0.9137572742933455,-0.4322630408994815,0.5280567659727414,0.0,-0.8930772127243898,-0.5664572772702333,-0.41632529460566275
2760,-1.040047563931509,0.15109729800950725,1.037933591704355,-0.23945145652632133,-0.41702107268800304,-2.340931801648644,-0.9400607643567529,-0.171936886367318,0.40683742795524463,-0.651135495119281,-0.4144556004615526,-0.5809695409639246,-0.7404481183653111,1.4970950656057203,0.0,-0.8930772127243898,-0.5664572772702333,0.34416324788371144
2761,-1.0774051763352515,-0.054611676124518775,1.2440747087096502,0.8083335278012291,-0.41702107268800304,-2.401505208939389,-1.0491493623507964,0.5059626729002302,0.40683742795524463,-0.651135495119281,-0.4144556004615526,-0.14856498585657796,1.3093781723219262,0.915672085825933,0.0,-0.8930772127243898,-0.5664572772702333,0.7244075191283986
2762,0.30486590107301353,-0.5354925299354528,0.83179247469906,0.022494789555566278,-0.41702107268800304,-2.219784987067153,-0.9400607643567529,0.0540296333885314,0.40683742795524463,-0.651135495119281,-0.4144556004615526,-0.4669086166582812,-0.7655874896736474,0.33424910604614566,0.0,-0.8930772127243898,-0.5664572772702333,0.34416324788371144
2763,-1.004392233492542,0.016019394696881975,0.83179247469906,-0.7633439486900966,0.16676217049808661,0.5665917483071344,-0.32189204239050634,-0.6238699258790168,0.40683742795524463,-0.651135495119281,-0.4144556004615526,0.11681946191644885,-0.02569130174974446,1.4970950656057203,0.0,-0.8930772127243898,-0.5664572772702333,0.34416324788371144
2764,-1.3916303113572974,-1.8003907894530935,0.2133691236831747,-1.0252901947719841,1.9181119000563556,0.8088853774701159,0.7326310715519142,-1.301769485146565,-1.7618165702686994,-0.651135495119281,-0.4144556004615526,-0.5922788355643824,-0.8622952822827361,1.1094797457525287,0.0,-0.8930772127243898,-0.5664572772702333,0.7244075191283986
2765,-0.6084563710908617,0.0031737612905368196,-0.6111953443380057,-0.5013977026082089,-0.41702107268800304,0.9300321920516067,-0.10371484640241935,-0.6238699258790168,0.40683742795524463,-0.651135495119281,-0.4144556004615526,-0.16904966963735915,-0.08868476445128494,1.3032874056791244,0.0,-0.8930772127243898,-0.5664572772702333,-1.176813837095037
2766,-0.2770396908099782,-1.4129581912148281,-0.8173364613433008,-0.37042457956726516,-0.41702107268800304,-0.5843029902170278,-0.10371484640241935,0.957895712411929,0.40683742795524463,-0.651135495119281,-0.4144556004615526,1.5204566114405602,-0.7321798469325512,-0.6347891935868331,0.0,-0.8930772127243898,-0.5664572772702333,0.7244075191283986
2767,1.0779055334273246,0.1458298865828416,0.007228006677879595,0.5463872817193415,-0.41702107268800304,0.506018341016389,0.33263954557375464,-0.8498364456348662,0.40683742795524463,-0.651135495119281,-0.4144556004615526,-0.6285367112772576,0.19762916912811918,-0.6347891935868331,0.0,-0.8930772127243898,-0.5664572772702333,-0.7965695658503499
2768,-0.7483418475605885,0.029515916754857596,1.2440747087096502,0.15346791259651008,-0.41702107268800304,-0.4025827683447917,-1.1218750943468254,-0.8498364456348662,0.40683742795524463,-0.651135495119281,-0.4144556004615526,-1.0032606855728008,-0.8945403983040079,-1.4100198332932161,0.0,-0.8930772127243898,-0.5664572772702333,0.7244075191283986
2769,0.6652459078922258,0.17776760442861078,-1.0234775783485959,0.2844410356374539,-0.41702107268800304,0.38487152643489825,2.078057113478451,1.4098287519236279,0.40683742795524463,-0.651135495119281,-0.4144556004615526,-0.1244601139493774,-0.026649116524111532,-0.44098153366023735,0.0,-0.8930772127243898,-0.5664572772702333,0.34416324788371144
2770,0.4267357357268452,0.022038791463515003,0.2133691236831747,0.6773604047602854,-0.41702107268800304,0.5665917483071344,-0.9764236303547674,-0.171936886367318,0.40683742795524463,-0.651135495119281,-0.4144556004615526,-0.6489798905615265,-0.2960841750841697,0.5280567659727414,0.0,-0.8930772127243898,-0.5664572772702333,-0.7965695658503499
2771,-1.023231057677378,-0.06008134107755636,1.2440747087096502,-0.8943170717310404,-0.41702107268800304,-0.22086254647255554,-0.43098064038454986,-0.3979034061231674,0.40683742795524463,-0.651135495119281,-0.4144556004615526,-0.2164567424593355,-0.7542797015607617,0.14044144611954992,0.0,-0.8930772127243898,1.1921382551160753,0.34416324788371144
2772,-0.633970758282836,0.09517186575851996,0.4195102406884698,-0.23945145652632133,-0.41702107268800304,1.1117524139238428,-0.28552917639249187,-0.3979034061231674,0.40683742795524463,-0.651135495119281,-0.4144556004615526,0.23357421089084615,0.3082006717193866,0.915672085825933,0.0,-0.8930772127243898,-0.5664572772702333,-0.03608102336097565
2773,1.0718031166720068,2.2017746047074485,-1.8480420463697762,0.2844410356374539,-0.41702107268800304,0.02143108269042598,1.7507913194963203,0.0540296333885314,0.40683742795524463,-0.651135495119281,-0.4144556004615526,-0.5315772150604996,0.401497540707172,-0.44098153366023735,0.0,-0.8930772127243898,-0.5664572772702333,-0.7965695658503499
2774,-0.8178765257641528,0.07073793993614312,0.83179247469906,0.15346791259651008,0.7505454136841763,-0.22086254647255554,-0.7582464343666804,-1.0758029653907155,-1.7618165702686994,-0.651135495119281,-0.4144556004615526,-1.065774630126344,-0.18547878202422027,-1.4100198332932161,0.0,-0.8930772127243898,1.1921382551160753,1.1046517903730857
2775,1.0071194168815887,0.16013385104216918,1.037933591704355,-0.37042457956726516,-0.41702107268800304,-2.401505208939389,-0.9036978983587384,-0.6238699258790168,0.40683742795524463,-0.651135495119281,-0.4144556004615526,-0.2531474523604374,0.6452882263842736,-1.0224045134400246,0.0,-0.8930772127243898,-0.5664572772702333,-0.7965695658503499
2776,0.16570330833322175,0.03445851796305552,0.4195102406884698,0.5463872817193415,-0.41702107268800304,0.38487152643489825,-0.10371484640241935,-1.301769485146565,0.40683742795524463,-0.651135495119281,-0.4144556004615526,-0.10508231613971612,-0.5624784854463908,-0.8285968535134288,0.0,-0.8930772127243898,1.1921382551160753,0.7244075191283986
2777,-0.5857510555915164,0.816417772187214,0.6256513576937649,0.8083335278012291,-0.41702107268800304,0.7483119701793706,1.3144369275201464,-0.8498364456348662,0.40683742795524463,-0.651135495119281,-0.4144556004615526,-0.7156690381810361,0.03171451744699186,1.1094797457525287,0.0,0.6882113771853678,-0.5664572772702333,-1.176813837095037
2778,-1.166731895886239,-0.03552156824074361,1.037933591704355,-0.7633439486900966,0.16676217049808661,0.6877385628886251,-0.28552917639249187,-0.171936886367318,0.40683742795524463,-0.651135495119281,-0.4144556004615526,-0.640706402912516,0.053230973697013725,1.690902725532316,0.0,-0.8930772127243898,1.1921382551160753,1.1046517903730857
2779,-0.6955217848588924,-1.8003907894530935,-0.6111953443380057,1.8561185121287795,-0.41702107268800304,-0.3420093610540463,-1.012786496352782,0.2799961531443808,0.40683742795524463,-0.651135495119281,-0.4144556004615526,-0.29383045632185284,-0.561011014051898,0.5280567659727414,0.0,-0.8930772127243898,-0.5664572772702333,1.1046517903730857
2780,-2.6298967840655036,-1.8003907894530935,-0.8173364613433008,-0.6323708256491528,-0.41702107268800304,-0.22086254647255554,-1.1218750943468254,-0.3979034061231674,0.40683742795524463,-0.651135495119281,-0.4144556004615526,-1.105609720930311,-1.0686231336388023,-0.44098153366023735,0.0,-0.8930772127243898,-0.5664572772702333,0.7244075191283986
2781,-0.3314291376764668,0.28902593518804276,1.037933591704355,0.2844410356374539,-0.41702107268800304,0.5665917483071344,-0.32189204239050634,-0.6238699258790168,0.40683742795524463,-0.651135495119281,-0.4144556004615526,0.05672813516168547,0.02092724250281567,1.8847103854589116,0.0,-0.8930772127243898,-0.5664572772702333,-0.41632529460566275
2782,1.0718031166720068,0.8123032714970676,-0.4050542273327106,-0.7633439486900966,-0.41702107268800304,-1.73519772874119,-0.9036978983587384,-0.171936886367318,0.40683742795524463,-0.651135495119281,-0.4144556004615526,0.12833709952814562,0.6422664854288203,0.14044144611954992,0.0,0.6882113771853678,-0.5664572772702333,-0.7965695658503499
2783,-1.2738435653149245,-0.06257584130749719,0.007228006677879595,-0.23945145652632133,-0.41702107268800304,-0.7660232120892639,-0.6855207023706513,-0.3979034061231674,0.40683742795524463,-0.651135495119281,-0.4144556004615526,-0.9345605409690881,-0.839314592222282,0.7218644258993372,0.0,-0.8930772127243898,-0.5664572772702333,1.1046517903730857
2784,0.06381165741693702,-0.06134251691113714,0.007228006677879595,-0.37042457956726516,-0.41702107268800304,-1.9774913579041715,-0.7946093003646949,0.2799961531443808,0.40683742795524463,-0.651135495119281,-0.4144556004615526,1.1094283767987159,-0.20868566216424578,-0.053366213807045836,0.0,-0.8930772127243898,-0.5664572772702333,0.7244075191283986
2785,-0.9691017877290661,-0.08565468221849727,1.037933591704355,-0.23945145652632133,-0.41702107268800304,-2.401505208939389,-0.9400607643567529,-0.171936886367318,0.40683742795524463,-0.651135495119281,-0.4144556004615526,-0.4629080892435057,-0.8777283504142046,0.915672085825933,0.0,-0.8930772127243898,-0.5664572772702333,0.7244075191283986
2786,-2.6298967840655036,-1.8003907894530935,1.4502158257149453,-0.37042457956726516,-0.41702107268800304,-0.8265966193800093,-1.1218750943468254,-1.301769485146565,0.40683742795524463,-0.651135495119281,-0.4144556004615526,-0.6102639576648591,-0.8003817652959723,1.4970950656057203,0.0,-0.8930772127243898,1.1921382551160753,1.1046517903730857
2787,0.011076676241523425,0.6478602386145146,0.6256513576937649,-0.37042457956726516,-0.41702107268800304,0.02143108269042598,-0.9764236303547674,-0.8498364456348662,0.40683742795524463,1.5357786628062884,-0.4144556004615526,0.03729316856403421,-0.11202919628830844,1.3032874056791244,0.0,-0.8930772127243898,-0.5664572772702333,-0.7965695658503499
2788,0.3668701972100183,0.052034636867736926,0.6256513576937649,0.022494789555566278,-0.41702107268800304,1.1117524139238428,-0.06735198040440485,-0.8498364456348662,-1.7618165702686994,-0.651135495119281,-0.4144556004615526,-0.10210452896184577,0.05501323093889446,0.14044144611954992,0.0,-0.8930772127243898,-0.5664572772702333,-0.03608102336097565
2789,0.5138513120822684,1.399092407080728,0.6256513576937649,-0.5013977026082089,-0.41702107268800304,-2.1592115797764078,-0.7582464343666804,-0.6238699258790168,0.40683742795524463,1.5357786628062884,-0.4144556004615526,-0.020517854505867034,0.8919020892990498,1.3032874056791244,0.0,-0.8930772127243898,1.1921382551160753,-0.7965695658503499
2790,1.0580253689952495,1.3914473931815576,0.6256513576937649,0.15346791259651008,0.7505454136841763,0.44544493372564364,-0.28552917639249187,-0.8498364456348662,-1.7618165702686994,-0.651135495119281,-0.4144556004615526,0.86969473199168,0.08845558758606979,-1.2162121733666202,0.0,-0.8930772127243898,-0.5664572772702333,-0.03608102336097565
2791,-0.6458693471209218,0.06752590354958483,0.4195102406884698,-0.6323708256491528,0.16676217049808661,1.0511790066330975,1.3871626595161752,-0.6238699258790168,0.40683742795524463,-0.651135495119281,-0.4144556004615526,-0.7718590940254082,-0.8863105786612837,1.1094797457525287,0.0,0.6882113771853678,-0.5664572772702333,-0.7965695658503499
2792,0.09199448053658821,0.5626814386665354,1.037933591704355,-0.23945145652632133,-0.41702107268800304,-1.1900370631244817,-1.0855122283488108,-0.171936886367318,0.40683742795524463,-0.651135495119281,-0.4144556004615526,-0.6331653339637009,-0.13595002695498826,0.5280567659727414,0.0,-0.8930772127243898,1.1921382551160753,0.7244075191283986
2793,0.2618513049871168,1.161190506038011,-0.19891311032741552,0.15346791259651008,-0.41702107268800304,0.7483119701793706,-1.0491493623507964,-0.171936886367318,0.40683742795524463,1.5357786628062884,-0.4144556004615526,-0.3519278907785565,-0.2721803511092726,0.915672085825933,0.0,-0.8930772127243898,-0.5664572772702333,-0.41632529460566275
2794,0.03064026218961831,0.8423968152260386,1.037933591704355,-1.156263317812928,-0.41702107268800304,0.02143108269042598,-0.14007771240043385,-0.3979034061231674,0.40683742795524463,-0.651135495119281,-0.4144556004615526,-0.546987253679508,0.0608042751064439,0.33424910604614566,0.0,-0.8930772127243898,1.1921382551160753,-0.41632529460566275
2795,0.07108220036743025,-0.2945903047076424,-0.19891311032741552,-1.0252901947719841,-0.41702107268800304,-1.4929040995782086,-0.9764236303547674,0.0540296333885314,0.40683742795524463,-0.651135495119281,-0.4144556004615526,-0.3263119050977868,0.11297146019454504,-0.24717387373364158,0.0,-0.8930772127243898,-0.5664572772702333,-0.7965695658503499
2796,-0.7986357834816118,0.12787627490237463,1.4502158257149453,-0.5013977026082089,0.16676217049808661,-0.5237295829262825,-0.39461777438653534,-0.171936886367318,0.40683742795524463,-0.651135495119281,-0.4144556004615526,-0.3493531243481462,-1.016765609370879,0.7218644258993372,0.0,-0.8930772127243898,1.1921382551160753,-1.176813837095037
2797,0.26808175682529206,1.0242478991674673,1.6563569427202405,-1.287236440853872,-0.41702107268800304,-1.8563445433226808,-0.43098064038454986,-0.3979034061231674,0.40683742795524463,-0.651135495119281,-0.4144556004615526,-0.08055970755739739,-0.387165243714969,0.915672085825933,0.0,-0.8930772127243898,-0.5664572772702333,-0.03608102336097565
2798,-0.5516304473765584,0.09296989791006555,0.6256513576937649,-0.37042457956726516,-0.41702107268800304,-0.0391423246003194,-1.012786496352782,-1.0758029653907155,0.40683742795524463,1.5357786628062884,-0.4144556004615526,-0.7305331807086584,-0.5293221592754971,1.3032874056791244,0.0,-0.8930772127243898,-0.5664572772702333,-0.7965695658503499
2799,-0.12468803895260275,0.5447324785472077,0.007228006677879595,1.463199143005948,-0.41702107268800304,0.6877385628886251,0.36900241157176916,-0.3979034061231674,0.40683742795524463,-0.651135495119281,-0.4144556004615526,0.5344679824480371,-0.006957358252125803,-0.053366213807045836,0.0,0.6882113771853678,1.1921382551160753,-1.176813837095037
2800,0.30486590107301353,-0.5280648212911996,1.2440747087096502,0.5463872817193415,-0.41702107268800304,-0.7054498047985186,-0.9400607643567529,-0.3979034061231674,0.40683742795524463,-0.651135495119281,-0.4144556004615526,-0.9334612994266138,-0.3210180522806423,0.14044144611954992,0.0,-0.8930772127243898,-0.5664572772702333,0.7244075191283986
2801,-1.3483185523935193,-1.8003907894530935,0.2133691236831747,-0.8943170717310404,-0.41702107268800304,-1.250610470415227,-1.012786496352782,0.0540296333885314,0.40683742795524463,-0.651135495119281,-0.4144556004615526,-0.30276349040610007,-0.135792468827108,0.33424910604614566,0.0,-0.8930772127243898,-0.5664572772702333,1.1046517903730857
2802,0.014505429074622914,-0.34256985933983547,0.2133691236831747,-1.0252901947719841,-0.41702107268800304,-1.9169179506134262,0.07809948358765315,-0.3979034061231674,0.40683742795524463,-0.651135495119281,-0.4144556004615526,-0.888760932950548,-0.5856084994434806,0.14044144611954992,0.0,-0.8930772127243898,-0.5664572772702333,0.34416324788371144
2803,-1.3975943138677944,-1.8003907894530935,-0.19891311032741552,-0.6323708256491528,-0.41702107268800304,-1.553477506868954,-0.9036978983587384,1.6357952716794772,0.40683742795524463,1.5357786628062884,-0.4144556004615526,-0.6830734333229018,-1.1499713615676765,-1.0224045134400246,0.0,-0.8930772127243898,1.1921382551160753,0.7244075191283986
2804,-1.1426493955694013,-1.8003907894530935,-1.0234775783485959,0.8083335278012291,-0.41702107268800304,0.8694587847608612,-1.012786496352782,0.2799961531443808,0.40683742795524463,1.5357786628062884,-0.4144556004615526,-0.13310156839365286,-0.19699660148259568,0.915672085825933,0.0,-0.8930772127243898,-0.5664572772702333,0.7244075191283986
2805,-0.07884577814915045,-0.7319585506557158,0.6256513576937649,-1.156263317812928,-0.41702107268800304,-2.0986381724856624,-1.012786496352782,-0.171936886367318,0.40683742795524463,1.5357786628062884,2.412803684849147,-0.14536609133849734,0.1321374141167196,-0.24717387373364158,0.0,-0.8930772127243898,-0.5664572772702333,-1.176813837095037
2806,-0.0936786665936178,0.9812178840491146,-1.4357598123591861,-0.10847833348537753,0.16676217049808661,0.5665917483071344,0.7326310715519142,0.5059626729002302,-1.7618165702686994,-0.651135495119281,-0.4144556004615526,0.9301716921910398,0.22421468067976277,0.33424910604614566,0.0,-0.8930772127243898,-0.5664572772702333,-0.7965695658503499
2807,-1.1410342944491143,0.47735341447912183,-1.6419009293644813,1.8561185121287795,-0.41702107268800304,0.8694587847608612,2.3689600414625667,-0.6238699258790168,0.40683742795524463,1.5357786628062884,-0.4144556004615526,-0.1458393198562103,0.30619481149622835,0.915672085825933,0.0,-0.8930772127243898,1.1921382551160753,0.7244075191283986
2808,0.9783141006048097,0.44681832944724126,0.007228006677879595,-1.5491826869357594,-0.41702107268800304,0.5665917483071344,-1.1218750943468254,-0.171936886367318,0.40683742795524463,1.5357786628062884,-0.4144556004615526,-0.7137984177914912,0.4914671721675431,-1.0224045134400246,0.0,-0.8930772127243898,-0.5664572772702333,-0.41632529460566275
2809,0.2728561975107272,0.5490334489611984,0.6256513576937649,0.5463872817193415,-0.41702107268800304,0.32429811914415285,0.005373751591624148,-0.8498364456348662,0.40683742795524463,-0.651135495119281,-0.4144556004615526,0.18513750435379353,-0.4383644198711862,-0.8285968535134288,0.0,-0.8930772127243898,-0.5664572772702333,-0.03608102336097565
2810,-0.13614178837719831,0.08798086731492803,0.6256513576937649,-0.8943170717310404,-0.41702107268800304,-2.038064765194917,-0.39461777438653534,0.0540296333885314,0.40683742795524463,1.5357786628062884,-0.4144556004615526,-1.1439456754960613,0.116080158686209,0.915672085825933,0.0,-0.8930772127243898,-0.5664572772702333,-0.7965695658503499
2811,-1.4046265042395651,-1.0298759099161732,2.0686391767308305,0.022494789555566278,-0.41702107268800304,-1.73519772874119,-1.1218750943468254,-0.8498364456348662,0.40683742795524463,-0.651135495119281,-0.4144556004615526,-0.6142107446238393,-1.432195314189372,1.3032874056791244,0.0,-0.8930772127243898,-0.5664572772702333,1.8651403328624598
2812,-0.8949450102480218,-1.8003907894530935,-1.6419009293644813,2.118064758210667,-0.41702107268800304,0.5665917483071344,-1.012786496352782,0.957895712411929,0.40683742795524463,1.5357786628062884,-0.4144556004615526,-0.8829673207625558,-0.7703161830728527,0.33424910604614566,0.0,-0.8930772127243898,-0.5664572772702333,-0.41632529460566275
2813,-0.2660716043328269,-0.06645779675303508,-1.229618695353891,-0.37042457956726516,-0.41702107268800304,-0.8265966193800093,-0.7582464343666804,-0.171936886367318,0.40683742795524463,-0.651135495119281,-0.4144556004615526,-0.9291794883999749,-1.3743891991779982,1.690902725532316,0.0,-0.8930772127243898,-0.5664572772702333,-0.7965695658503499
2814,-1.315947373514216,-1.6305566896981833,0.6256513576937649,-0.37042457956726516,-0.41702107268800304,-1.0083168412522454,-0.21280344439646284,-0.171936886367318,0.40683742795524463,-0.651135495119281,-0.4144556004615526,-0.4345849240661923,-1.150583970959686,0.33424910604614566,0.0,-0.8930772127243898,-0.5664572772702333,1.4848960616177729
2815,-1.38545646471336,-0.2561756030704673,0.2133691236831747,-0.23945145652632133,-0.41702107268800304,-0.3420093610540463,-0.7946093003646949,-0.6238699258790168,0.40683742795524463,-0.651135495119281,-0.4144556004615526,-0.7218222964377391,-1.0156742124617397,1.1094797457525287,0.0,-0.8930772127243898,-0.5664572772702333,1.1046517903730857
2816,-1.0813233326139708,0.24121788454990004,0.83179247469906,0.8083335278012291,-0.41702107268800304,0.6271651555978798,-0.10371484640241935,-0.6238699258790168,0.40683742795524463,-0.651135495119281,-0.4144556004615526,0.1256189201856158,-0.46227784464670263,1.1094797457525287,0.0,-0.8930772127243898,1.1921382551160753,0.7244075191283986
2817,-1.1350238443888643,-0.0870912200242585,1.037933591704355,-0.8943170717310404,-0.41702107268800304,0.44544493372564364,-0.35825490838852087,-0.3979034061231674,0.40683742795524463,-0.651135495119281,-0.4144556004615526,-0.40499452531725166,-0.46362179655367775,0.7218644258993372,0.0,-0.8930772127243898,1.1921382551160753,1.1046517903730857
2818,0.3342673969228552,0.7410656035908888,0.007228006677879595,1.0702797738831167,-0.41702107268800304,0.8088853774701159,0.6599053395558852,0.0540296333885314,0.40683742795524463,-0.651135495119281,-0.4144556004615526,-0.04276751670197694,-0.03739401961083207,-1.4100198332932161,0.0,-0.8930772127243898,1.1921382551160753,0.34416324788371144
2819,-0.9046881072439343,0.11228443361528376,1.037933591704355,0.022494789555566278,-0.41702107268800304,-0.3420093610540463,-1.1218750943468254,-0.8498364456348662,0.40683742795524463,-0.651135495119281,-0.4144556004615526,-1.0757030070310734,-0.16686314306641,-1.0224045134400246,0.0,-0.8930772127243898,-0.5664572772702333,-0.03608102336097565
2820,-1.6976570708628866,-1.8003907894530935,-1.0234775783485959,1.2012528969240606,0.16676217049808661,0.32429811914415285,0.005373751591624148,0.2799961531443808,0.40683742795524463,-0.651135495119281,-0.4144556004615526,-0.5650193965080961,-1.031949209729967,0.7218644258993372,0.0,-0.8930772127243898,-0.5664572772702333,1.4848960616177729
2821,-0.9797950716422575,-1.8003907894530935,-0.19891311032741552,0.15346791259651008,-0.41702107268800304,0.7483119701793706,-1.0491493623507964,-0.171936886367318,0.40683742795524463,1.5357786628062884,-0.4144556004615526,-0.9032044782520328,-0.15567477554805037,0.915672085825933,0.0,-0.8930772127243898,-0.5664572772702333,-0.03608102336097565
2822,0.06607677509663482,-1.4585544781998374,-1.8480420463697762,-0.7633439486900966,-0.41702107268800304,1.3540460430868244,-1.1218750943468254,1.1838622321677783,0.40683742795524463,1.5357786628062884,2.412803684849147,-1.0867335427961664,-0.6302377735617192,-1.0224045134400246,0.0,-0.8930772127243898,-0.5664572772702333,0.7244075191283986
2823,0.30486590107301353,-0.1614123739603444,1.2440747087096502,-0.10847833348537753,-0.41702107268800304,-2.401505208939389,-0.8673350323607238,-0.3979034061231674,0.40683742795524463,-0.651135495119281,-0.4144556004615526,-0.46544653783293194,-0.6903767205891431,-0.6347891935868331,0.0,-0.8930772127243898,-0.5664572772702333,-0.03608102336097565
2824,-0.6199598324762801,0.6043194281493866,1.8624980597255354,0.022494789555566278,-0.41702107268800304,-1.7957711360319355,-1.1218750943468254,-0.6238699258790168,0.40683742795524463,-0.651135495119281,-0.4144556004615526,-1.0428158559850578,-0.7049702849166558,1.3032874056791244,0.0,-0.8930772127243898,-0.5664572772702333,-1.176813837095037
2825,-1.3151898254182648,-1.6312990959306315,0.6256513576937649,-0.37042457956726516,-0.41702107268800304,-1.0083168412522454,-0.21280344439646284,-0.171936886367318,0.40683742795524463,-0.651135495119281,-0.4144556004615526,-0.4345347476844583,-1.148488941660682,0.33424910604614566,0.0,-0.8930772127243898,-0.5664572772702333,1.4848960616177729
2826,-1.0119747985055236,0.036172955363730754,-0.6111953443380057,-0.10847833348537753,0.16676217049808661,1.475192857668315,2.47804863945661,0.0540296333885314,0.40683742795524463,1.5357786628062884,-0.4144556004615526,-0.002584024480780084,-0.45756189098945915,0.7218644258993372,0.0,-0.8930772127243898,1.1921382551160753,1.1046517903730857
2827,-0.7199891915428601,0.007574271795656632,0.6256513576937649,0.15346791259651008,1.9181119000563556,-0.09971573189106478,-0.5400692383785933,-1.0758029653907155,-1.7618165702686994,-0.651135495119281,-0.4144556004615526,-1.0530758159319065,-0.22597656913177144,-1.4100198332932161,0.0,-0.8930772127243898,1.1921382551160753,1.4848960616177729
2828,0.30486590107301353,-0.8334112086212974,1.037933591704355,-0.5013977026082089,-0.41702107268800304,-2.1592115797764078,-1.1218750943468254,0.0540296333885314,0.40683742795524463,1.5357786628062884,-0.4144556004615526,-0.4669086166582812,-0.35724989758674486,1.3032874056791244,0.0,-0.8930772127243898,1.1921382551160753,0.34416324788371144
2829,0.11329133425768875,-0.7606766706112492,0.4195102406884698,0.9393066508421729,-0.41702107268800304,-0.4025827683447917,-0.5037063723805789,0.2799961531443808,0.40683742795524463,-0.651135495119281,-0.4144556004615526,-0.44303570174138085,-0.5531301465382593,-0.8285968535134288,0.0,-0.8930772127243898,-0.5664572772702333,0.7244075191283986
2830,1.137132900776744,0.37503757804746635,0.4195102406884698,-0.23945145652632133,-0.41702107268800304,0.08200448998117135,-1.1218750943468254,0.5059626729002302,0.40683742795524463,1.5357786628062884,2.412803684849147,-0.5929815359734746,0.6802365076442346,-1.0224045134400246,0.0,-0.8930772127243898,1.1921382551160753,0.7244075191283986
2831,0.45597929361348166,0.2493467555389071,-0.19891311032741552,-0.6323708256491528,-0.41702107268800304,0.6877385628886251,-0.9400607643567529,-0.3979034061231674,0.40683742795524463,1.5357786628062884,-0.4144556004615526,-0.020243541831445055,0.19931159895728306,-0.44098153366023735,0.0,0.6882113771853678,-0.5664572772702333,-0.7965695658503499
2832,-1.2573721910725466,0.17767940075515526,-1.6419009293644813,-0.10847833348537753,0.16676217049808661,0.32429811914415285,1.6053398555042624,0.2799961531443808,0.40683742795524463,-0.651135495119281,-0.4144556004615526,0.23521513984992054,-0.6671746580868511,-0.053366213807045836,0.0,-0.8930772127243898,1.1921382551160753,0.7244075191283986
2833,1.0556132360042454,0.9587243579759278,-1.229618695353891,1.594172266046892,-0.41702107268800304,0.6877385628886251,-1.0491493623507964,1.4098287519236279,0.40683742795524463,1.5357786628062884,-0.4144556004615526,-0.11412415263037637,0.7310435448439209,-0.053366213807045836,0.0,-0.8930772127243898,-0.5664572772702333,-0.7965695658503499
2834,1.1171105150663794,0.2706256493304227,0.007228006677879595,-1.287236440853872,4.837028115986804,1.5357662649590604,1.4235255255141899,-0.3979034061231674,-1.7618165702686994,1.5357786628062884,-0.4144556004615526,-0.6403850916650443,1.1062567353854205,0.33424910604614566,0.0,-0.8930772127243898,-0.5664572772702333,-0.03608102336097565
2835,-0.8985508809174866,0.02539650029996054,-1.229618695353891,0.15346791259651008,0.16676217049808661,1.475192857668315,2.441685773458596,0.5059626729002302,0.40683742795524463,1.5357786628062884,-0.4144556004615526,-0.5473506787972766,-0.5765684086551384,-0.6347891935868331,0.0,-0.8930772127243898,1.1921382551160753,1.8651403328624598
2836,0.8532751907134067,1.8001665882499385,0.83179247469906,-0.37042457956726516,-0.41702107268800304,-0.09971573189106478,-1.012786496352782,-1.0758029653907155,0.40683742795524463,1.5357786628062884,-0.4144556004615526,-0.3752608637122001,-0.12256491764316131,1.3032874056791244,0.0,-0.8930772127243898,-0.5664572772702333,-0.03608102336097565
2837,0.3421931289267997,-0.6064613904463787,0.83179247469906,-0.6323708256491528,-0.41702107268800304,-0.7660232120892639,-0.21280344439646284,0.2799961531443808,0.40683742795524463,-0.651135495119281,-0.4144556004615526,1.4242184595393705,0.30899883860312094,0.14044144611954992,0.0,-0.8930772127243898,-0.5664572772702333,-0.41632529460566275
2838,1.124581791159176,0.23630199042665867,1.6563569427202405,-0.10847833348537753,-0.41702107268800304,-1.3717572849967177,-1.1218750943468254,-1.301769485146565,0.40683742795524463,-0.651135495119281,-0.4144556004615526,0.08095333833379965,-0.06555093225583315,-1.2162121733666202,0.0,0.6882113771853678,-0.5664572772702333,-0.03608102336097565
2839,0.27288814068620426,0.14863260352491972,-0.19891311032741552,-1.5491826869357594,2.501895143242445,1.5357662649590604,1.0962597315320592,-0.3979034061231674,-1.7618165702686994,1.5357786628062884,2.412803684849147,-0.4513816672662159,0.02050248739893765,-0.44098153366023735,0.0,-0.8930772127243898,-0.5664572772702333,-0.41632529460566275
2840,1.0718031166720068,0.9514597444436801,-0.4050542273327106,-0.5013977026082089,-0.41702107268800304,-1.553477506868954,-0.7946093003646949,0.7319291926560796,0.40683742795524463,-0.651135495119281,-0.4144556004615526,0.16086777468624897,0.5819483830341259,-0.053366213807045836,0.0,-0.8930772127243898,-0.5664572772702333,-0.7965695658503499
2841,-1.1890407320428986,-0.09162511026626961,0.007228006677879595,0.022494789555566278,-0.41702107268800304,0.44544493372564364,-1.0855122283488108,0.0540296333885314,0.40683742795524463,1.5357786628062884,-0.4144556004615526,-0.40226757124060597,-0.9561691599748309,-0.053366213807045836,0.0,-0.8930772127243898,-0.5664572772702333,1.4848960616177729
2842,0.30486590107301353,-1.8003907894530935,0.4195102406884698,-1.287236440853872,0.7505454136841763,0.38487152643489825,0.11446234958566764,0.0540296333885314,-1.7618165702686994,-0.651135495119281,-0.4144556004615526,-0.6036336590321345,0.467606203469085,1.690902725532316,0.0,-0.8930772127243898,-0.5664572772702333,-0.41632529460566275
2843,-2.6298967840655036,-1.8003907894530935,0.6256513576937649,-0.6323708256491528,-0.41702107268800304,-0.9477434339615001,-1.0491493623507964,-0.171936886367318,0.40683742795524463,-0.651135495119281,-0.4144556004615526,-1.0023070283979274,-0.965652803559067,1.4970950656057203,0.0,-0.8930772127243898,-0.5664572772702333,-0.41632529460566275
2844,-0.5179565061904879,0.7608338262151286,0.83179247469906,-0.37042457956726516,-0.41702107268800304,-2.219784987067153,-0.7946093003646949,-0.3979034061231674,0.40683742795524463,-0.651135495119281,-0.4144556004615526,-0.2708780073783021,-0.6108313136529476,1.3032874056791244,0.0,-0.8930772127243898,1.1921382551160753,-1.176813837095037
2845,-1.3342734530282783,-0.33670366018145736,-1.6419009293644813,1.8561185121287795,-0.41702107268800304,0.44544493372564364,1.1689854635280883,1.6357952716794772,0.40683742795524463,-0.651135495119281,-0.4144556004615526,-0.7804857066262042,-1.191149161518392,1.1094797457525287,0.0,-0.8930772127243898,-0.5664572772702333,1.4848960616177729
2846,-0.9939475619796009,-0.05489011625649829,0.83179247469906,0.6773604047602854,-0.41702107268800304,-2.219784987067153,-1.0491493623507964,0.5059626729002302,0.40683742795524463,-0.651135495119281,-0.4144556004615526,-0.18649264081044428,1.152937546384244,0.915672085825933,0.0,-0.8930772127243898,-0.5664572772702333,0.7244075191283986
2847,-1.2548273019722538,-1.8003907894530935,0.2133691236831747,0.2844410356374539,0.16676217049808661,-0.09971573189106478,-0.6127949703746224,-0.171936886367318,0.40683742795524463,-0.651135495119281,-0.4144556004615526,-0.263493628544058,-0.6592686649756392,1.1094797457525287,0.0,0.6882113771853678,-0.5664572772702333,-0.03608102336097565
2848,-1.2374486940335272,0.23016805624223247,-2.2603242803803667,1.2012528969240606,-0.41702107268800304,0.44544493372564364,0.8780825355439722,-1.7537025246582638,0.40683742795524463,-0.651135495119281,-0.4144556004615526,-0.5950220677092043,-0.6753115821301121,0.14044144611954992,0.0,-0.8930772127243898,-0.5664572772702333,1.1046517903730857
2849,0.385238088191917,-0.8527332187912657,0.4195102406884698,-0.10847833348537753,0.7505454136841763,0.20315130456266212,0.44172814356779816,0.2799961531443808,-1.7618165702686994,-0.651135495119281,-0.4144556004615526,3.490216249798905,-0.2713901646644293,-0.6347891935868331,0.0,-0.8930772127243898,-0.5664572772702333,-0.7965695658503499
2850,-0.532383836463084,0.5994115169845663,0.2133691236831747,-1.156263317812928,1.9181119000563556,0.9300321920516067,0.9508082675400011,-1.0758029653907155,-1.7618165702686994,-0.651135495119281,-0.4144556004615526,-0.8521342985021243,-1.0710079014377443,1.1094797457525287,0.0,-0.8930772127243898,-0.5664572772702333,-0.41632529460566275
2851,-0.7986357834816118,-0.648462148537219,0.2133691236831747,-0.8943170717310404,0.7505454136841763,0.990605599342352,1.2417111955241174,-0.8498364456348662,-1.7618165702686994,-0.651135495119281,-0.4144556004615526,-0.9208708883006941,-0.6376836690023882,1.1094797457525287,0.0,-0.8930772127243898,-0.5664572772702333,-0.7965695658503499
2852,1.0718031166720068,0.8123032714970676,1.037933591704355,-0.8943170717310404,-0.41702107268800304,-1.6140509141596993,-1.012786496352782,0.0540296333885314,0.40683742795524463,-0.651135495119281,-0.4144556004615526,-0.10128692327921165,0.6422664854288203,0.14044144611954992,0.0,0.6882113771853678,-0.5664572772702333,-0.7965695658503499
2853,-0.10745923529272255,-0.1617015984471318,-0.4050542273327106,1.463199143005948,-0.41702107268800304,0.6877385628886251,-1.0491493623507964,0.5059626729002302,0.40683742795524463,1.5357786628062884,-0.4144556004615526,0.4634771136008603,-0.14471651879779196,-0.053366213807045836,0.0,-0.8930772127243898,-0.5664572772702333,-0.7965695658503499
2854,0.8714469285252662,0.2867747492215709,0.4195102406884698,-0.37042457956726516,-0.41702107268800304,0.14257789727191675,-1.1218750943468254,0.2799961531443808,0.40683742795524463,1.5357786628062884,-0.4144556004615526,-0.7052597163340987,-0.0478280087678016,-0.8285968535134288,0.0,-0.8930772127243898,-0.5664572772702333,-0.7965695658503499
2855,-1.5271707082690322,-1.7671700439161222,-0.6111953443380057,0.022494789555566278,-0.41702107268800304,0.14257789727191675,0.15082521558368214,0.7319291926560796,0.40683742795524463,-0.651135495119281,-0.4144556004615526,-0.23823275761213358,-0.8064052046222726,0.5280567659727414,0.0,-0.8930772127243898,1.1921382551160753,1.4848960616177729
2856,-0.3330288381895191,0.34202182105728335,-0.6111953443380057,-0.10847833348537753,0.16676217049808661,1.475192857668315,2.47804863945661,0.0540296333885314,0.40683742795524463,1.5357786628062884,-0.4144556004615526,-0.5626143774242641,-0.8437140591522043,0.7218644258993372,0.0,0.6882113771853678,-0.5664572772702333,0.34416324788371144
2857,1.08891776180808,0.8290127616373257,-1.6419009293644813,-0.37042457956726516,-0.41702107268800304,0.14257789727191675,-0.5400692383785933,-2.2056355641699628,0.40683742795524463,1.5357786628062884,-0.4144556004615526,-0.41048518271043516,0.4975806763588225,-0.053366213807045836,0.0,-0.8930772127243898,-0.5664572772702333,-0.7965695658503499
2858,-1.2117477044376346,-0.12556895314053076,-1.0234775783485959,-0.6323708256491528,-0.41702107268800304,-0.7660232120892639,-0.8309721663627093,0.2799961531443808,0.40683742795524463,-0.651135495119281,-0.4144556004615526,-0.0745840822624292,-0.7168947454270312,1.690902725532316,0.0,0.6882113771853678,-0.5664572772702333,-0.7965695658503499
2859,0.5821317066125624,-0.13215048738387966,0.4195102406884698,-0.8943170717310404,-0.41702107268800304,0.32429811914415285,-1.0855122283488108,0.2799961531443808,0.40683742795524463,1.5357786628062884,-0.4144556004615526,-0.7793954373041202,-0.08822389044190229,-0.053366213807045836,0.0,-0.8930772127243898,-0.5664572772702333,-1.176813837095037
2860,-0.08858606877081007,0.43251223902483776,-0.19891311032741552,-0.23945145652632133,0.16676217049808661,1.4146194503775698,2.441685773458596,-0.3979034061231674,0.40683742795524463,1.5357786628062884,-0.4144556004615526,-0.41911696044557584,-0.8804469087749403,1.4970950656057203,0.0,-0.8930772127243898,-0.5664572772702333,-0.03608102336097565
2861,0.02853273894653984,0.487187950043036,-0.19891311032741552,-1.5491826869357594,5.420811359172895,1.5357662649590604,1.3871626595161752,-0.3979034061231674,-1.7618165702686994,1.5357786628062884,2.412803684849147,0.06363434652403979,0.17702467346591505,0.33424910604614566,0.0,-0.8930772127243898,-0.5664572772702333,-0.41632529460566275
2862,1.0422014373087116,1.297329989036375,-0.4050542273327106,2.118064758210667,-0.41702107268800304,-0.4025827683447917,-1.1218750943468254,1.1838622321677783,0.40683742795524463,1.5357786628062884,2.412803684849147,-0.2685926650867855,0.1492785284604967,-0.24717387373364158,0.0,-0.8930772127243898,-0.5664572772702333,-0.7965695658503499
2863,0.017095316722317847,-0.15522514493077447,-0.4050542273327106,-0.6323708256491528,-0.41702107268800304,-1.1900370631244817,-1.0855122283488108,-0.3979034061231674,0.40683742795524463,1.5357786628062884,-0.4144556004615526,-0.33036337644425456,-0.034078872459943184,-1.4100198332932161,0.0,-0.8930772127243898,-0.5664572772702333,-0.7965695658503499
2864,1.0181129046558466,0.20689446083993107,0.2133691236831747,-1.287236440853872,0.16676217049808661,1.0511790066330975,0.5508167415618417,-0.6238699258790168,-1.7618165702686994,-0.651135495119281,-0.4144556004615526,1.197429481926221,1.1319766761201973,-0.24717387373364158,0.0,-0.8930772127243898,-0.5664572772702333,-0.7965695658503499
2865,-1.006085805848758,-1.0380339562672014,0.2133691236831747,-1.287236440853872,3.085678386428535,0.8694587847608612,0.7326310715519142,-1.301769485146565,-1.7618165702686994,-0.651135495119281,-0.4144556004615526,-0.5743657615143212,-0.7428872575344626,1.1094797457525287,0.0,-0.8930772127243898,-0.5664572772702333,-0.41632529460566275
2866,-2.6298967840655036,-1.8003907894530935,0.83179247469906,-0.5013977026082089,-0.41702107268800304,-2.401505208939389,-0.9036978983587384,-0.6238699258790168,0.40683742795524463,-0.651135495119281,-0.4144556004615526,-0.6656985102121573,-1.0983449351905064,-1.0224045134400246,0.0,-0.8930772127243898,-0.5664572772702333,1.1046517903730857
2867,-0.8804017871770521,0.6913838349890737,0.6256513576937649,-0.5013977026082089,-0.41702107268800304,-2.219784987067153,-0.7946093003646949,-0.6238699258790168,0.40683742795524463,-0.651135495119281,-0.4144556004615526,-0.35101655595879827,-0.9099237122885654,1.3032874056791244,0.0,-0.8930772127243898,1.1921382551160753,-0.7965695658503499
2868,0.1559956576771422,0.09726622712066951,0.2133691236831747,0.5463872817193415,-0.41702107268800304,0.38487152643489825,-0.14007771240043385,-1.301769485146565,0.40683742795524463,-0.651135495119281,-0.4144556004615526,-0.16436108810730873,-0.6042029674141544,-1.0224045134400246,0.0,-0.8930772127243898,1.1921382551160753,0.34416324788371144
2869,0.4717436400005537,0.11665692299338097,-2.0541831633750713,0.15346791259651008,-0.41702107268800304,0.38487152643489825,1.7144284534983059,2.3136948309470253,0.40683742795524463,1.5357786628062884,-0.4144556004615526,-0.021415697443502645,1.2023333848670232,-1.2162121733666202,0.0,-0.8930772127243898,-0.5664572772702333,-1.176813837095037
2870,-0.5770063895488683,0.5316129603397938,0.2133691236831747,-0.10847833348537753,-0.41702107268800304,-1.9169179506134262,-1.1218750943468254,0.2799961531443808,0.40683742795524463,-0.651135495119281,-0.4144556004615526,-0.7439548004355403,-0.6296104601998229,1.3032874056791244,0.0,0.6882113771853678,-0.5664572772702333,-0.41632529460566275
2871,-0.42751682779502204,-0.007335390188901389,0.6256513576937649,-0.10847833348537753,-0.41702107268800304,1.1117524139238428,-0.24916631039447737,-0.6238699258790168,0.40683742795524463,1.5357786628062884,-0.4144556004615526,0.2745112692006776,0.4482191970932809,1.4970950656057203,0.0,-0.8930772127243898,-0.5664572772702333,-0.03608102336097565
2872,0.44934674121679846,0.1027775726161675,-1.8480420463697762,0.2844410356374539,-0.41702107268800304,0.38487152643489825,1.787154185494335,2.087728311191176,0.40683742795524463,1.5357786628062884,-0.4144556004615526,-0.004194420008183215,0.926084417489225,-0.8285968535134288,0.0,-0.8930772127243898,-0.5664572772702333,-0.7965695658503499
2873,0.37083974648073253,0.0005719017283333569,-2.2603242803803667,-0.10847833348537753,-0.41702107268800304,0.2637247118534075,0.7326310715519142,2.087728311191176,0.40683742795524463,-0.651135495119281,-0.4144556004615526,-0.2785254984180615,0.06610319923944034,-0.6347891935868331,0.0,-0.8930772127243898,-0.5664572772702333,-1.176813837095037
2874,0.04239319195402165,0.1640325360538418,0.4195102406884698,0.9393066508421729,-0.41702107268800304,0.14257789727191675,0.04173661758963865,-1.301769485146565,0.40683742795524463,-0.651135495119281,-0.4144556004615526,0.03949085122409288,-0.0211325767098294,-0.8285968535134288,0.0,-0.8930772127243898,-0.5664572772702333,0.7244075191283986
2875,0.507347277116517,0.24297548707692554,0.4195102406884698,-1.0252901947719841,0.16676217049808661,1.0511790066330975,-0.6127949703746224,-0.171936886367318,-1.7618165702686994,1.5357786628062884,2.412803684849147,-0.25601814761881264,-0.6479628461537078,-1.4100198332932161,0.0,0.6882113771853678,-0.5664572772702333,-1.176813837095037
2876,-1.0850568612947018,-1.8003907894530935,-0.4050542273327106,0.15346791259651008,-0.41702107268800304,0.5665917483071344,-1.0491493623507964,-0.3979034061231674,0.40683742795524463,1.5357786628062884,-0.4144556004615526,-0.7512539889809099,-0.19347085997694205,0.915672085825933,0.0,-0.8930772127243898,-0.5664572772702333,0.34416324788371144
2877,0.30486590107301353,-0.1795970188756797,0.83179247469906,1.2012528969240606,-0.41702107268800304,0.2637247118534075,-0.7218835683686659,0.0540296333885314,0.40683742795524463,-0.651135495119281,-0.4144556004615526,-1.0071018554291653,-0.35872146265148813,-0.24717387373364158,0.0,-0.8930772127243898,1.1921382551160753,-0.03608102336097565
2878,-0.028531732073647422,0.46272585829045276,1.2440747087096502,-0.10847833348537753,-0.41702107268800304,-2.401505208939389,-0.9036978983587384,0.0540296333885314,0.40683742795524463,-0.651135495119281,-0.4144556004615526,-0.01966743156490398,0.12470767621077437,0.915672085825933,0.0,-0.8930772127243898,-0.5664572772702333,-0.03608102336097565
2879,0.32388536448305866,0.5371728407460047,0.6256513576937649,0.9393066508421729,-0.41702107268800304,0.32429811914415285,0.5871796075598562,-1.0758029653907155,0.40683742795524463,-0.651135495119281,-0.4144556004615526,-0.1865802952491855,-0.184163644454766,-0.8285968535134288,0.0,-0.8930772127243898,-0.5664572772702333,0.34416324788371144
2880,-1.254876770075187,-1.8003907894530935,0.007228006677879595,0.2844410356374539,-0.41702107268800304,0.8088853774701159,0.07809948358765315,-1.301769485146565,0.40683742795524463,-0.651135495119281,-0.4144556004615526,-0.11042568870778588,-0.5430098977632375,0.14044144611954992,0.0,-0.8930772127243898,1.1921382551160753,1.4848960616177729
2881,-0.5520094684462189,-0.8738330642092672,-0.19891311032741552,0.5463872817193415,-0.41702107268800304,-0.4025827683447917,-0.7582464343666804,0.2799961531443808,0.40683742795524463,-0.651135495119281,-0.4144556004615526,-0.3309473498218861,-0.44904361979806146,1.4970950656057203,0.0,-0.8930772127243898,-0.5664572772702333,-0.03608102336097565
2882,0.37083974648073253,-0.14392489153700608,0.6256513576937649,-1.5491826869357594,2.501895143242445,0.5665917483071344,-0.06735198040440485,-0.3979034061231674,-1.7618165702686994,-0.651135495119281,-0.4144556004615526,-0.04902376727467511,-0.10846484501201177,-0.44098153366023735,0.0,-0.8930772127243898,-0.5664572772702333,-0.03608102336097565
2883,1.084846752625515,0.5073275375640265,0.007228006677879595,-1.287236440853872,2.501895143242445,1.1723258212145882,1.9689685154844072,0.0540296333885314,-1.7618165702686994,-0.651135495119281,-0.4144556004615526,0.21363884849518888,0.0508612051050531,0.7218644258993372,0.0,-0.8930772127243898,-0.5664572772702333,-0.7965695658503499
2884,-0.13119331508815532,0.29729763340713466,-1.229618695353891,-0.10847833348537753,-0.41702107268800304,-0.0391423246003194,-1.0491493623507964,2.9915943902145736,0.40683742795524463,-0.651135495119281,-0.4144556004615526,0.2229112356951033,-0.07535419434068806,1.690902725532316,0.0,0.6882113771853678,-0.5664572772702333,-0.7965695658503499
2885,0.13326795026878113,0.604003610608855,1.037933591704355,-0.8943170717310404,-0.41702107268800304,0.20315130456266212,-0.28552917639249187,-0.8498364456348662,0.40683742795524463,-0.651135495119281,-0.4144556004615526,-0.6393753518686655,-0.0877223729182655,-0.24717387373364158,0.0,-0.8930772127243898,-0.5664572772702333,-0.41632529460566275
2886,0.8691583461848398,0.35320865240549354,0.83179247469906,0.2844410356374539,0.16676217049808661,0.2637247118534075,-0.14007771240043385,-1.0758029653907155,0.40683742795524463,-0.651135495119281,-0.4144556004615526,1.231428096892844,0.7857310241671898,-0.6347891935868331,0.0,-0.8930772127243898,-0.5664572772702333,-0.41632529460566275
2887,1.085236687032288,0.6179431212616442,0.6256513576937649,-0.8943170717310404,-0.41702107268800304,0.6877385628886251,0.18718808158169664,-0.6238699258790168,0.40683742795524463,-0.651135495119281,-0.4144556004615526,0.755518904485122,1.0283570450155703,0.14044144611954992,0.0,-0.8930772127243898,-0.5664572772702333,-0.41632529460566275
2888,0.5750141160063795,0.006177659514668459,1.2440747087096502,-0.37042457956726516,-0.41702107268800304,-2.52265202352088,-0.9400607643567529,-0.6238699258790168,0.40683742795524463,-0.651135495119281,-0.4144556004615526,-0.359101663452093,-0.0914261745422907,-1.0224045134400246,0.0,-0.8930772127243898,-0.5664572772702333,-0.41632529460566275
2889,0.10581332641178848,0.008864213857651508,0.4195102406884698,0.8083335278012291,0.16676217049808661,0.20315130456266212,0.005373751591624148,-1.301769485146565,0.40683742795524463,-0.651135495119281,-0.4144556004615526,0.14449562840600924,0.002593221173918387,-0.8285968535134288,0.0,-0.8930772127243898,-0.5664572772702333,0.7244075191283986
2890,0.30568772259990906,0.5286522644914825,2.0686391767308305,-0.5013977026082089,-0.41702107268800304,-1.1900370631244817,-1.1218750943468254,-1.9796690444141132,0.40683742795524463,1.5357786628062884,2.412803684849147,-0.21287966784270704,0.6579313477778471,1.4970950656057203,0.0,-0.8930772127243898,-0.5664572772702333,-0.03608102336097565
2891,-2.6298967840655036,-1.8003907894530935,1.2440747087096502,2.2490378812516107,-0.41702107268800304,-0.0391423246003194,-0.7582464343666804,-0.8498364456348662,0.40683742795524463,-0.651135495119281,-0.4144556004615526,-0.31947231148517125,-0.2513454700486833,1.8847103854589116,0.0,-0.8930772127243898,1.1921382551160753,0.34416324788371144
2892,-1.3656060681888595,-0.12698630795261298,0.4195102406884698,0.15346791259651008,-0.41702107268800304,0.02143108269042598,-0.8309721663627093,-1.0758029653907155,0.40683742795524463,-0.651135495119281,-0.4144556004615526,-0.17636282934844072,-0.9043400779120219,0.5280567659727414,0.0,-0.8930772127243898,-0.5664572772702333,1.1046517903730857
2893,-1.1393512265432746,0.15438766494165612,-0.4050542273327106,0.6773604047602854,-0.41702107268800304,0.506018341016389,0.8780825355439722,-1.5277360049024145,0.40683742795524463,-0.651135495119281,-0.4144556004615526,-0.6023960630360524,-1.118031766836281,1.1094797457525287,0.0,-0.8930772127243898,-0.5664572772702333,1.1046517903730857
2894,-2.6298967840655036,-1.8003907894530935,0.4195102406884698,-0.6323708256491528,-0.41702107268800304,-0.9477434339615001,-1.0491493623507964,0.0540296333885314,0.40683742795524463,-0.651135495119281,-0.4144556004615526,-0.9332780771002546,-0.8916587766461418,1.4970950656057203,0.0,0.6882113771853678,-0.5664572772702333,-0.41632529460566275
2895,1.0620760759128693,1.0533326320625205,-0.8173364613433008,0.8083335278012291,-0.41702107268800304,0.02143108269042598,-1.0855122283488108,2.087728311191176,0.40683742795524463,1.5357786628062884,2.412803684849147,-0.5893935071931569,0.2002686486670358,-0.44098153366023735,0.0,-0.8930772127243898,-0.5664572772702333,-0.7965695658503499
2896,0.140098977836982,0.4149350250712194,0.4195102406884698,-0.6323708256491528,-0.41702107268800304,-1.3111838777059723,-1.0855122283488108,0.2799961531443808,0.40683742795524463,-0.651135495119281,-0.4144556004615526,-0.3660926310015433,-0.30113432841166415,0.14044144611954992,0.0,-0.8930772127243898,1.1921382551160753,0.7244075191283986
2897,-0.532383836463084,-0.24829578674934114,0.2133691236831747,-0.23945145652632133,-0.41702107268800304,0.08200448998117135,-0.9036978983587384,-0.6238699258790168,0.40683742795524463,-0.651135495119281,-0.4144556004615526,-0.9812587597829429,-0.4302956305981107,1.4970950656057203,0.0,-0.8930772127243898,-0.5664572772702333,-0.03608102336097565
2898,0.970780353846232,1.594385924137376,0.4195102406884698,-1.4182095638948156,1.9181119000563556,1.3540460430868244,0.29627667957574016,-0.3979034061231674,-1.7618165702686994,-0.651135495119281,-0.4144556004615526,-0.2771999378323368,0.6887208551655039,-1.6038274932198118,0.0,0.6882113771853678,-0.5664572772702333,-0.41632529460566275
2899,0.9866886311686253,1.598121166617082,0.2133691236831747,-1.4182095638948156,2.501895143242445,1.475192857668315,0.22355094757971114,-0.3979034061231674,-3.9304705684926433,-0.651135495119281,-0.4144556004615526,-0.1912811253065887,0.8582197149953554,-1.6038274932198118,0.0,0.6882113771853678,-0.5664572772702333,-0.7965695658503499
2900,0.39603191241391916,0.21831029569599328,0.007228006677879595,-1.5491826869357594,-0.41702107268800304,0.6877385628886251,-0.9400607643567529,-0.171936886367318,0.40683742795524463,1.5357786628062884,-0.4144556004615526,-0.07428772245761107,0.08804534993447222,-1.2162121733666202,0.0,0.6882113771853678,-0.5664572772702333,-0.7965695658503499
2901,0.0485795033389861,0.4793228209879508,0.007228006677879595,-1.4182095638948156,4.253244872800714,1.3540460430868244,1.3871626595161752,-0.3979034061231674,-1.7618165702686994,-0.651135495119281,-0.4144556004615526,-0.04519818117869289,0.15875746009370914,0.7218644258993372,0.0,-0.8930772127243898,-0.5664572772702333,-0.41632529460566275
2902,0.34949818896395207,-0.20012821842722686,-1.0234775783485959,-0.37042457956726516,-0.41702107268800304,0.14257789727191675,-0.5400692383785933,-2.2056355641699628,0.40683742795524463,-0.651135495119281,-0.4144556004615526,0.006228150091203682,-0.07472105541772953,0.14044144611954992,0.0,0.6882113771853678,-0.5664572772702333,-0.41632529460566275
2903,0.5138513120822684,0.2623118046689615,0.4195102406884698,-1.0252901947719841,0.16676217049808661,1.1117524139238428,-0.5037063723805789,-0.171936886367318,0.40683742795524463,-0.651135495119281,-0.4144556004615526,-0.10319495841664397,-0.8212583313014852,-1.4100198332932161,0.0,-0.8930772127243898,-0.5664572772702333,-1.176813837095037
2904,0.19325708775862638,0.773454736919242,1.037933591704355,-0.8943170717310404,-0.41702107268800304,0.20315130456266212,-0.28552917639249187,-0.8498364456348662,0.40683742795524463,-0.651135495119281,-0.4144556004615526,-0.8263879092695776,0.3777626073073937,-0.44098153366023735,0.0,-0.8930772127243898,-0.5664572772702333,-0.7965695658503499
2905,1.1363289347458194,-1.8003907894530935,-1.8480420463697762,1.7251453890878359,-0.41702107268800304,0.44544493372564364,1.1326225975300737,1.4098287519236279,0.40683742795524463,-0.651135495119281,-0.4144556004615526,-1.0146280780804693,0.6781646016081413,0.915672085825933,0.0,-0.8930772127243898,-0.5664572772702333,-0.03608102336097565
2906,0.2826858580027714,0.2510294229794975,0.6256513576937649,0.022494789555566278,0.7505454136841763,0.9300321920516067,1.7144284534983059,-1.0758029653907155,0.40683742795524463,-0.651135495119281,-0.4144556004615526,-0.32751523587922976,-0.33042017248443023,0.915672085825933,0.0,-0.8930772127243898,-0.5664572772702333,0.34416324788371144
2907,-1.2487383408872579,-0.9423447486343289,-0.19891311032741552,-0.23945145652632133,0.16676217049808661,0.506018341016389,0.8417196695459577,-1.301769485146565,0.40683742795524463,-0.651135495119281,-0.4144556004615526,0.5130853035301034,0.08861132796936214,-1.4100198332932161,0.0,-0.8930772127243898,-0.5664572772702333,1.1046517903730857
2908,0.11930467303072519,0.24010824167801859,-0.8173364613433008,1.463199143005948,-0.41702107268800304,0.9300321920516067,-1.012786496352782,0.2799961531443808,0.40683742795524463,-0.651135495119281,-0.4144556004615526,0.12420221532864077,-0.2676328280179163,-0.053366213807045836,0.0,-0.8930772127243898,1.1921382551160753,0.34416324788371144
2909,0.3352443109357038,-0.27105304995181995,-0.4050542273327106,-0.23945145652632133,-0.41702107268800304,0.5665917483071344,-0.43098064038454986,-0.6238699258790168,0.40683742795524463,1.5357786628062884,2.412803684849147,-0.6285887569921034,-0.6725946966126997,-0.44098153366023735,0.0,-0.8930772127243898,-0.5664572772702333,-0.03608102336097565
2910,-1.159748426285438,-0.22270519229384247,0.83179247469906,-1.156263317812928,-0.41702107268800304,0.2637247118534075,-0.4673435063825644,-0.3979034061231674,0.40683742795524463,-0.651135495119281,-0.4144556004615526,-0.2043870863480417,-0.5934978531614822,-0.44098153366023735,0.0,-0.8930772127243898,1.1921382551160753,1.8651403328624598
2911,1.045406203659504,1.6119079749954113,0.6256513576937649,-1.4182095638948156,2.501895143242445,1.2328992285053335,0.6235424735578706,-0.3979034061231674,-1.7618165702686994,-0.651135495119281,-0.4144556004615526,0.1258458646604135,0.15750063627918068,-1.6038274932198118,0.0,-0.8930772127243898,-0.5664572772702333,-0.7965695658503499
2912,0.14607233718679458,0.2621331022061226,0.007228006677879595,-0.7633439486900966,-0.41702107268800304,0.6271651555978798,-0.9764236303547674,-0.171936886367318,0.40683742795524463,1.5357786628062884,-0.4144556004615526,-0.2329652910097336,-0.32164603203444453,-0.44098153366023735,0.0,-0.8930772127243898,-0.5664572772702333,1.4848960616177729
2913,-1.2323563057296143,-1.7124769400848918,-0.19891311032741552,-0.6323708256491528,-0.41702107268800304,-1.1900370631244817,-0.28552917639249187,-0.171936886367318,0.40683742795524463,-0.651135495119281,-0.4144556004615526,-0.7270005294912721,-1.2687163510439363,0.5280567659727414,0.0,-0.8930772127243898,-0.5664572772702333,1.1046517903730857
2914,1.0336677940451913,1.9237047967953904,0.83179247469906,0.4154141586783977,0.7505454136841763,0.32429811914415285,-0.17644057839844834,-1.0758029653907155,-1.7618165702686994,-0.651135495119281,-0.4144556004615526,0.7127900755500972,0.33660728706952897,-0.8285968535134288,0.0,-0.8930772127243898,-0.5664572772702333,-0.7965695658503499
2915,-0.5714785743364017,-1.8003907894530935,-1.8480420463697762,2.5109841273334985,-0.41702107268800304,0.32429811914415285,-1.012786496352782,0.7319291926560796,0.40683742795524463,1.5357786628062884,-0.4144556004615526,-1.0135476036743936,-0.44370476619280125,0.5280567659727414,0.0,-0.8930772127243898,-0.5664572772702333,-0.41632529460566275
2916,-0.018485638813487835,0.4528342043056915,0.4195102406884698,-1.287236440853872,0.16676217049808661,0.7483119701793706,1.3871626595161752,-0.6238699258790168,0.40683742795524463,-0.651135495119281,-0.4144556004615526,-0.48878410119370025,-0.19954877827529374,1.3032874056791244,0.0,-0.8930772127243898,-0.5664572772702333,0.7244075191283986
2917,1.0819269117951074,0.7446831574187993,0.2133691236831747,-0.7633439486900966,-0.41702107268800304,-1.73519772874119,0.04173661758963865,-0.6238699258790168,-1.7618165702686994,-0.651135495119281,-0.4144556004615526,-0.943649676463117,0.7408728739948885,-0.053366213807045836,0.0,-0.8930772127243898,-0.5664572772702333,-0.7965695658503499
2918,0.37083974648073253,0.054126815316044956,0.6256513576937649,0.022494789555566278,-0.41702107268800304,1.0511790066330975,-0.030989114406390354,-0.6238699258790168,0.40683742795524463,-0.651135495119281,-0.4144556004615526,-0.12604432211499134,0.0790869612941522,0.14044144611954992,0.0,0.6882113771853678,-0.5664572772702333,-0.41632529460566275
2919,0.9087219263755155,0.4541108208616225,1.037933591704355,-0.10847833348537753,-0.41702107268800304,-1.9169179506134262,0.5871796075598562,0.2799961531443808,0.40683742795524463,-0.651135495119281,-0.4144556004615526,0.37426039376944387,0.7122280041421397,-1.0224045134400246,0.0,-0.8930772127243898,-0.5664572772702333,-0.41632529460566275
2920,0.35639721427065035,0.5541476153483555,0.83179247469906,-0.7633439486900966,0.7505454136841763,0.32429811914415285,-0.43098064038454986,-1.301769485146565,-1.7618165702686994,-0.651135495119281,-0.4144556004615526,-1.1097930673144722,0.4393360867615801,-1.0224045134400246,0.0,-0.8930772127243898,-0.5664572772702333,-1.176813837095037
2921,-0.061576887357204305,0.46909466223757584,0.4195102406884698,-0.23945145652632133,-0.41702107268800304,0.14257789727191675,-0.9036978983587384,-0.6238699258790168,0.40683742795524463,1.5357786628062884,-0.4144556004615526,0.058409943270076176,-0.09071421236250794,1.4970950656057203,0.0,-0.8930772127243898,-0.5664572772702333,-0.7965695658503499
2922,1.0750069108627673,1.3829401063514843,0.4195102406884698,-1.4182095638948156,-0.41702107268800304,0.8088853774701159,-0.6855207023706513,-0.3979034061231674,0.40683742795524463,1.5357786628062884,2.412803684849147,0.4026238281761603,0.20229300231544445,-1.4100198332932161,0.0,-0.8930772127243898,-0.5664572772702333,-0.7965695658503499
2923,0.07113121641937324,-1.8003907894530935,0.83179247469906,0.4154141586783977,-0.41702107268800304,0.5665917483071344,0.9508082675400011,-0.8498364456348662,0.40683742795524463,-0.651135495119281,-0.4144556004615526,0.205082082012106,-0.01238407147896754,1.4970950656057203,0.0,-0.8930772127243898,-0.5664572772702333,0.34416324788371144
2924,0.6518791236825264,0.5513806899537168,-0.8173364613433008,1.2012528969240606,0.7505454136841763,-0.6448763975077731,0.005373751591624148,0.0540296333885314,-1.7618165702686994,-0.651135495119281,-0.4144556004615526,-0.23618719225858703,0.7403988641547785,-1.0224045134400246,0.0,-0.8930772127243898,1.1921382551160753,-1.176813837095037
2925,-1.1302198536622137,-0.11387984584135268,0.4195102406884698,-1.0252901947719841,1.334328656870266,1.2934726357960789,1.4235255255141899,-0.6238699258790168,-1.7618165702686994,-0.651135495119281,-0.4144556004615526,-0.5429059204732152,0.19467597416129737,0.915672085825933,0.0,-0.8930772127243898,-0.5664572772702333,0.7244075191283986
2926,-2.6298967840655036,-1.8003907894530935,0.6256513576937649,-0.37042457956726516,-0.41702107268800304,-0.5237295829262825,-1.1218750943468254,-1.301769485146565,0.40683742795524463,1.5357786628062884,2.412803684849147,-0.8319076690764527,-0.797852879718565,0.5280567659727414,0.0,-0.8930772127243898,1.1921382551160753,1.1046517903730857
2927,0.42011503496754066,-0.0870109072873724,0.6256513576937649,-0.5013977026082089,-0.41702107268800304,-0.0391423246003194,0.7689939375499286,0.2799961531443808,0.40683742795524463,-0.651135495119281,-0.4144556004615526,-0.772836311749876,0.7244021214125886,-0.053366213807045836,0.0,-0.8930772127243898,-0.5664572772702333,-0.7965695658503499
2928,-1.057742295517823,-1.8003907894530935,-0.19891311032741552,0.2844410356374539,-0.41702107268800304,-0.28143595376330094,-0.7946093003646949,-0.171936886367318,0.40683742795524463,-0.651135495119281,-0.4144556004615526,-0.24464759649647191,-0.4572275102095968,1.690902725532316,0.0,-0.8930772127243898,-0.5664572772702333,-1.176813837095037
2929,0.4761335542957135,-0.042682367784698666,0.007228006677879595,-0.23945145652632133,-0.41702107268800304,-0.7660232120892639,-0.6855207023706513,-0.171936886367318,0.40683742795524463,-0.651135495119281,-0.4144556004615526,-0.47165631568392663,-0.2859776614791555,0.5280567659727414,0.0,-0.8930772127243898,-0.5664572772702333,-0.7965695658503499
2930,1.0805980311756416,1.3813262973288718,1.2440747087096502,-1.0252901947719841,-0.41702107268800304,0.02143108269042598,-0.14007771240043385,-0.3979034061231674,0.40683742795524463,-0.651135495119281,-0.4144556004615526,0.1806283858683921,0.28647949994222555,0.33424910604614566,0.0,-0.8930772127243898,-0.5664572772702333,-0.7965695658503499
2931,-0.5671282027045458,-1.4311314946407157,0.6256513576937649,-0.8943170717310404,-0.41702107268800304,-1.9169179506134262,-0.43098064038454986,0.2799961531443808,0.40683742795524463,1.5357786628062884,-0.4144556004615526,-0.6352313718306422,-0.12657345503005768,1.1094797457525287,0.0,-0.8930772127243898,-0.5664572772702333,-0.41632529460566275
2932,-0.12468803895260275,0.47042231988960603,0.4195102406884698,-0.23945145652632133,-0.41702107268800304,-1.8563445433226808,-1.0491493623507964,0.7319291926560796,0.40683742795524463,-0.651135495119281,-0.4144556004615526,-0.14758293061951216,-0.29899826730709006,1.690902725532316,0.0,0.6882113771853678,-0.5664572772702333,-0.41632529460566275
2933,-1.4402126592728588,-1.8003907894530935,0.2133691236831747,-0.6323708256491528,-0.41702107268800304,-1.1294636558337363,-0.9400607643567529,0.5059626729002302,0.40683742795524463,-0.651135495119281,-0.4144556004615526,-0.46023499984269306,-0.6705694206771762,0.7218644258993372,0.0,-0.8930772127243898,1.1921382551160753,1.4848960616177729
2934,0.14607233718679458,0.4010027920448194,1.2440747087096502,-0.6323708256491528,-0.41702107268800304,-1.3717572849967177,-1.0855122283488108,-0.8498364456348662,0.40683742795524463,1.5357786628062884,-0.4144556004615526,-0.31896722269104333,0.05776816677902643,0.7218644258993372,0.0,-0.8930772127243898,1.1921382551160753,1.1046517903730857
2935,0.47480000159085345,-0.43557181811528023,1.037933591704355,-1.287236440853872,0.16676217049808661,0.08200448998117135,-0.17644057839844834,-0.6238699258790168,-1.7618165702686994,-0.651135495119281,-0.4144556004615526,-0.3799023104478057,-0.23537837864101818,0.14044144611954992,0.0,-0.8930772127243898,-0.5664572772702333,-0.03608102336097565
2936,0.5138513120822684,0.37914573748139085,0.2133691236831747,-0.5013977026082089,0.7505454136841763,1.2934726357960789,1.4598883915122043,-0.3979034061231674,-1.7618165702686994,-0.651135495119281,-0.4144556004615526,-0.28883644667544656,-0.26541111949839336,0.33424910604614566,0.0,-0.8930772127243898,-0.5664572772702333,-0.41632529460566275
2937,0.5138513120822684,-0.015670341449195345,1.2440747087096502,-0.37042457956726516,-0.41702107268800304,-2.52265202352088,-0.9400607643567529,-0.6238699258790168,0.40683742795524463,-0.651135495119281,-0.4144556004615526,0.1824902135536454,-0.2736965041310934,-1.0224045134400246,0.0,0.6882113771853678,1.1921382551160753,-0.41632529460566275
2938,1.1355795078618254,1.1531654591422689,0.6256513576937649,1.463199143005948,-0.41702107268800304,0.44544493372564364,-0.8673350323607238,0.0540296333885314,0.40683742795524463,-0.651135495119281,-0.4144556004615526,0.4480742728142884,0.6849160424428109,0.14044144611954992,0.0,0.6882113771853678,1.1921382551160753,-0.03608102336097565
2939,-1.084090313088108,-0.1853274429061254,1.037933591704355,1.3322260199650044,-0.41702107268800304,-2.4620786162301345,-1.012786496352782,0.7319291926560796,0.40683742795524463,-0.651135495119281,-0.4144556004615526,-0.7211660072693181,0.02800439424469898,0.7218644258993372,0.0,0.6882113771853678,-0.5664572772702333,-1.176813837095037
2940,0.24008875225171003,0.7146533901555029,0.4195102406884698,0.2844410356374539,-0.41702107268800304,0.7483119701793706,1.8235170514923493,-0.171936886367318,0.40683742795524463,1.5357786628062884,2.412803684849147,0.25769897496132527,-0.22146498837253178,-0.6347891935868331,0.0,0.6882113771853678,-0.5664572772702333,-0.41632529460566275
2941,0.970780353846232,1.7061937964979874,0.6256513576937649,-1.0252901947719841,3.6694616296146245,0.6271651555978798,1.1326225975300737,-0.8498364456348662,-3.9304705684926433,-0.651135495119281,-0.4144556004615526,0.851633017607173,0.9039212729828718,-0.44098153366023735,0.0,0.6882113771853678,-0.5664572772702333,-0.41632529460566275
2942,0.44710309012934696,-0.007930238589815968,-0.6111953443380057,0.2844410356374539,-0.41702107268800304,0.506018341016389,2.1871457114724944,1.6357952716794772,0.40683742795524463,-0.651135495119281,-0.4144556004615526,0.4093729328088545,-0.04003702680502698,-0.6347891935868331,0.0,0.6882113771853678,-0.5664572772702333,-1.176813837095037
2943,0.4505888460050969,0.47937782927629735,0.83179247469906,0.4154141586783977,0.16676217049808661,0.2637247118534075,-0.06735198040440485,-0.8498364456348662,-1.7618165702686994,-0.651135495119281,-0.4144556004615526,-0.18909809482055745,-0.046619612501739315,-1.0224045134400246,0.0,0.6882113771853678,-0.5664572772702333,-0.7965695658503499
2944,0.970780353846232,0.6027032736309847,0.4195102406884698,-1.4182095638948156,-0.41702107268800304,0.8694587847608612,-0.6855207023706513,-0.171936886367318,0.40683742795524463,1.5357786628062884,2.412803684849147,1.235765636271372,0.16302122977836253,-1.4100198332932161,0.0,-0.8930772127243898,1.1921382551160753,-0.41632529460566275
2945,0.970780353846232,1.725951926208944,0.4195102406884698,-1.287236440853872,1.9181119000563556,0.8694587847608612,0.6599053395558852,-0.6238699258790168,-3.9304705684926433,-0.651135495119281,-0.4144556004615526,0.8758423127864758,0.8985823376945709,-0.24717387373364158,0.0,0.6882113771853678,1.1921382551160753,-0.41632529460566275
2946,0.017095316722317847,-0.06568716868301484,0.6256513576937649,0.15346791259651008,-0.41702107268800304,0.08200448998117135,0.6962682055538997,0.5059626729002302,0.40683742795524463,-0.651135495119281,-0.4144556004615526,-1.038852648601709,-0.06976287076196307,-0.44098153366023735,0.0,0.6882113771853678,-0.5664572772702333,-0.03608102336097565
2947,0.26630843832237666,0.11095288189430458,0.007228006677879595,-0.10847833348537753,-0.41702107268800304,0.7483119701793706,0.11446234958566764,-1.301769485146565,0.40683742795524463,-0.651135495119281,-0.4144556004615526,-0.5492729871811132,-0.35337315954150667,0.14044144611954992,0.0,-0.8930772127243898,-0.5664572772702333,0.7244075191283986
2948,1.1013602925520432,0.6148812987549517,0.2133691236831747,0.4154141586783977,-0.41702107268800304,-0.8265966193800093,-0.35825490838852087,-0.171936886367318,0.40683742795524463,-0.651135495119281,-0.4144556004615526,-0.25495365160376354,0.6594452751672132,-0.44098153366023735,0.0,-0.8930772127243898,-0.5664572772702333,-0.41632529460566275
2949,0.37083974648073253,0.5793488175776481,0.83179247469906,0.2844410356374539,-0.41702107268800304,0.32429811914415285,-0.030989114406390354,-1.0758029653907155,0.40683742795524463,-0.651135495119281,-0.4144556004615526,-0.12604432211499134,0.594395730129809,-1.0224045134400246,0.0,0.6882113771853678,-0.5664572772702333,-0.03608102336097565
2950,0.41012866726357805,0.08355958061680446,1.4502158257149453,-0.7633439486900966,-0.41702107268800304,-1.6746243214504446,0.6235424735578706,-0.6238699258790168,0.40683742795524463,-0.651135495119281,-0.4144556004615526,0.09660918491424235,0.2525057079727897,-1.0224045134400246,0.0,0.6882113771853678,1.1921382551160753,0.34416324788371144
2951,0.842879370761343,0.4790462938362535,0.83179247469906,0.15346791259651008,-0.41702107268800304,-0.9477434339615001,-1.0491493623507964,0.5059626729002302,0.40683742795524463,-0.651135495119281,-0.4144556004615526,-0.4485110265661112,-0.05887350301109938,-1.0224045134400246,0.0,0.6882113771853678,-0.5664572772702333,-0.41632529460566275
2952,-0.024973377174584043,-0.6477274867986501,0.007228006677879595,1.594172266046892,-0.41702107268800304,0.7483119701793706,-0.9764236303547674,0.0540296333885314,0.40683742795524463,-0.651135495119281,-0.4144556004615526,-0.22801028090821823,-0.9392935573084042,-0.24717387373364158,0.0,0.6882113771853678,2.950733787502384,-0.41632529460566275
2953,0.26591734805125133,-0.3460561138693988,-0.19891311032741552,-1.0252901947719841,-0.41702107268800304,-1.4929040995782086,-0.9764236303547674,0.0540296333885314,0.40683742795524463,-0.651135495119281,-0.4144556004615526,-0.40617669042499405,-0.4646734221762485,-0.24717387373364158,0.0,-0.8930772127243898,-0.5664572772702333,-0.03608102336097565
2954,1.0215029780423108,1.2588447985331128,-1.8480420463697762,-0.6323708256491528,-0.41702107268800304,-0.3420093610540463,1.6780655875002912,3.217560909970423,0.40683742795524463,-0.651135495119281,-0.4144556004615526,0.0965316715416737,0.8717349436365793,-0.8285968535134288,0.0,0.6882113771853678,-0.5664572772702333,-0.03608102336097565
2955,-0.12468803895260275,-0.2677252481856509,0.2133691236831747,0.6773604047602854,-0.41702107268800304,0.9300321920516067,0.005373751591624148,-1.301769485146565,0.40683742795524463,-0.651135495119281,-0.4144556004615526,0.04261239593274985,-0.5612104434746281,0.14044144611954992,0.0,0.6882113771853678,1.1921382551160753,-1.176813837095037
2956,1.0242372864603424,1.0589814148197843,-1.8480420463697762,0.2844410356374539,-0.41702107268800304,0.9300321920516067,1.5689769895062478,1.8617617914353266,-3.9304705684926433,-0.651135495119281,-0.4144556004615526,1.939016663543295,0.5533011829722639,-1.4100198332932161,0.0,-0.8930772127243898,-0.5664572772702333,-0.7965695658503499
2957,0.21214744613788497,0.24505465771063142,-0.4050542273327106,-0.37042457956726516,-0.41702107268800304,0.9300321920516067,-0.030989114406390354,-1.0758029653907155,0.40683742795524463,-0.651135495119281,-0.4144556004615526,-0.3435784769156925,-0.08715507549107387,0.915672085825933,0.0,-0.8930772127243898,1.1921382551160753,0.7244075191283986
2958,0.32338753067554943,-0.06366787272300006,0.2133691236831747,-0.37042457956726516,-0.41702107268800304,-1.3111838777059723,-0.9036978983587384,0.957895712411929,0.40683742795524463,-0.651135495119281,-0.4144556004615526,-0.7467626634437348,-0.2732381172993483,-0.6347891935868331,0.0,-0.8930772127243898,1.1921382551160753,-0.03608102336097565
2959,0.47834436364418353,0.48622860294130416,0.6256513576937649,-0.8943170717310404,1.9181119000563556,1.2328992285053335,1.3871626595161752,-0.8498364456348662,-3.9304705684926433,-0.651135495119281,-0.4144556004615526,-0.15230524834716294,-0.019494684558336108,0.915672085825933,0.0,-0.8930772127243898,-0.5664572772702333,-0.7965695658503499
2960,0.02420068869489003,-0.3067713184682155,-1.229618695353891,-0.5013977026082089,-0.41702107268800304,-1.6746243214504446,-0.9036978983587384,0.0540296333885314,0.40683742795524463,-0.651135495119281,-0.4144556004615526,-0.009650747829496252,-0.07537129945383657,0.14044144611954992,0.0,-0.8930772127243898,1.1921382551160753,0.7244075191283986
2961,0.5119889439856841,0.3849092575675961,0.6256513576937649,1.3322260199650044,-0.41702107268800304,0.7483119701793706,-0.43098064038454986,-0.6238699258790168,0.40683742795524463,1.5357786628062884,2.412803684849147,0.16878657215698878,-0.09625215955733138,-1.0224045134400246,0.0,0.6882113771853678,-0.5664572772702333,-1.176813837095037
2962,0.540971746182242,0.4754366736545789,1.037933591704355,0.15346791259651008,-0.41702107268800304,-1.0688902485429908,-1.1218750943468254,-1.5277360049024145,0.40683742795524463,-0.651135495119281,-0.4144556004615526,2.6878552432233453,-0.008978074983671923,-1.4100198332932161,0.0,0.6882113771853678,-0.5664572772702333,-0.41632529460566275
2963,0.2201085693417747,-0.2697297537494362,-0.19891311032741552,-0.10847833348537753,-0.41702107268800304,0.32429811914415285,-0.5400692383785933,-0.8498364456348662,0.40683742795524463,-0.651135495119281,-0.4144556004615526,-0.3228081207446637,-0.32607728641162803,-0.44098153366023735,0.0,-0.8930772127243898,1.1921382551160753,1.1046517903730857
2964,0.8025557985431168,0.69977029602883,0.6256513576937649,-1.156263317812928,3.085678386428535,0.7483119701793706,0.7689939375499286,-0.8498364456348662,-1.7618165702686994,-0.651135495119281,-0.4144556004615526,-0.17671642622076617,1.0159103981066622,-1.0224045134400246,0.0,0.6882113771853678,-0.5664572772702333,-0.7965695658503499
2965,0.970780353846232,1.6608305017111489,0.6256513576937649,-1.287236440853872,3.6694616296146245,0.990605599342352,1.0235339995360302,-0.6238699258790168,-3.9304705684926433,-0.651135495119281,-0.4144556004615526,0.30511923323591644,0.992422096851432,-1.0224045134400246,0.0,0.6882113771853678,-0.5664572772702333,-0.41632529460566275
2966,-0.09887354771969965,0.2694962708063352,-1.229618695353891,2.2490378812516107,-0.41702107268800304,-0.4025827683447917,0.8417196695459577,0.5059626729002302,0.40683742795524463,-0.651135495119281,-0.4144556004615526,0.2360236091918281,0.15598131460244918,1.690902725532316,0.0,0.6882113771853678,-0.5664572772702333,-0.7965695658503499
2967,-1.195362333511154,-0.4611547770028395,0.2133691236831747,-1.287236440853872,3.6694616296146245,1.0511790066330975,0.7689939375499286,-1.301769485146565,-3.9304705684926433,-0.651135495119281,-0.4144556004615526,-0.16006385736443277,-0.07461688601042608,0.33424910604614566,0.0,-0.8930772127243898,1.1921382551160753,0.7244075191283986
2968,1.137132900776744,-1.8003907894530935,0.6256513576937649,-0.10847833348537753,0.16676217049808661,0.8088853774701159,1.0235339995360302,-0.8498364456348662,-1.7618165702686994,-0.651135495119281,-0.4144556004615526,0.5377678517553318,1.5704489348484796,1.4970950656057203,0.0,-0.8930772127243898,-0.5664572772702333,0.34416324788371144
2969,0.6575371110478209,-0.11692843489157459,-0.8173364613433008,0.2844410356374539,-0.41702107268800304,-0.4025827683447917,-1.0491493623507964,-1.9796690444141132,0.40683742795524463,1.5357786628062884,2.412803684849147,0.8519980776682403,0.2396068250437346,-0.6347891935868331,0.0,0.6882113771853678,-0.5664572772702333,-0.41632529460566275
2970,-0.7145560165871344,-0.6242186807863329,-1.6419009293644813,1.9870916351697234,-0.41702107268800304,0.8694587847608612,2.3689600414625667,-0.6238699258790168,0.40683742795524463,1.5357786628062884,-0.4144556004615526,0.6363237505356495,-0.6996511052010158,1.1094797457525287,0.0,0.6882113771853678,1.1921382551160753,-0.7965695658503499
2971,1.0718031166720068,1.4103396616282522,0.6256513576937649,-0.23945145652632133,3.085678386428535,1.1723258212145882,-0.4673435063825644,-0.8498364456348662,-3.9304705684926433,-0.651135495119281,-0.4144556004615526,0.3956545446563562,0.3395671694875659,-0.053366213807045836,0.0,-0.8930772127243898,-0.5664572772702333,-0.7965695658503499
2972,0.20936434087373962,0.4100673568391525,0.83179247469906,0.4154141586783977,0.16676217049808661,0.2637247118534075,-0.10371484640241935,-1.0758029653907155,-1.7618165702686994,-0.651135495119281,-0.4144556004615526,0.026911984103804753,-0.018148853760573798,-1.2162121733666202,0.0,-0.8930772127243898,-0.5664572772702333,-0.41632529460566275
2973,-2.6275892216901777,-1.8003907894530935,0.83179247469906,-0.7633439486900966,-0.41702107268800304,0.6271651555978798,-0.32189204239050634,-0.171936886367318,0.40683742795524463,-0.651135495119281,-0.4144556004615526,0.422839916673128,-0.5285280628146111,1.690902725532316,0.0,0.6882113771853678,-0.5664572772702333,-0.7965695658503499
2974,0.16922493007278705,0.4572643549928031,-0.4050542273327106,-0.5013977026082089,-0.41702107268800304,-0.28143595376330094,-0.28552917639249187,0.2799961531443808,0.40683742795524463,-0.651135495119281,-0.4144556004615526,0.5137980588451031,-0.2522924053995446,-0.24717387373364158,0.0,0.6882113771853678,1.1921382551160753,1.4848960616177729
2975,0.11896318778585807,0.29942480915333675,0.6256513576937649,-0.7633439486900966,-0.41702107268800304,0.5665917483071344,0.29627667957574016,-0.3979034061231674,0.40683742795524463,-0.651135495119281,-0.4144556004615526,-0.5186699546027178,-0.3716101748435119,-0.053366213807045836,0.0,0.6882113771853678,-0.5664572772702333,0.34416324788371144
2976,0.970780353846232,0.24972888471582627,0.4195102406884698,0.5463872817193415,0.7505454136841763,1.0511790066330975,-0.14007771240043385,-0.3979034061231674,-1.7618165702686994,-0.651135495119281,-0.4144556004615526,0.9193425257588198,1.2965057661532111,-0.053366213807045836,0.0,0.6882113771853678,-0.5664572772702333,-0.41632529460566275
2977,0.2061072007292247,0.027189826507924893,0.007228006677879595,-0.8943170717310404,-0.41702107268800304,-0.3420093610540463,0.8053568035479431,-0.171936886367318,0.40683742795524463,-0.651135495119281,-0.4144556004615526,-0.2552743885747537,-0.17886061997901506,0.5280567659727414,0.0,0.6882113771853678,1.1921382551160753,1.1046517903730857
2978,1.137132900776744,-1.8003907894530935,0.2133691236831747,-0.7633439486900966,1.334328656870266,1.2328992285053335,1.5326141235082333,-0.6238699258790168,-1.7618165702686994,-0.651135495119281,-0.4144556004615526,0.4848073041085742,1.2957021721498414,1.1094797457525287,0.0,0.6882113771853678,-0.5664572772702333,0.34416324788371144
2979,-0.20418863486135225,-1.374244712735727,-0.4050542273327106,-0.6323708256491528,-0.41702107268800304,-0.8265966193800093,-0.9036978983587384,0.0540296333885314,0.40683742795524463,-0.651135495119281,-0.4144556004615526,-0.011341743613124547,-0.20972545435413184,1.690902725532316,0.0,-0.8930772127243898,-0.5664572772702333,0.34416324788371144
2980,0.20840684605860738,-0.3563250177532713,-0.4050542273327106,-0.10847833348537753,-0.41702107268800304,-0.7660232120892639,-1.0491493623507964,-1.301769485146565,0.40683742795524463,1.5357786628062884,-0.4144556004615526,0.5823877329565338,0.22079492686259675,-0.44098153366023735,0.0,0.6882113771853678,1.1921382551160753,-0.03608102336097565
2981,1.0681953083652378,1.417300993986413,0.007228006677879595,0.15346791259651008,-0.41702107268800304,0.7483119701793706,0.11446234958566764,-1.301769485146565,0.40683742795524463,-0.651135495119281,-0.4144556004615526,1.1440122544590743,0.233370072333001,0.14044144611954992,0.0,-0.8930772127243898,-0.5664572772702333,-0.7965695658503499
2982,-1.2509300049112244,-1.8003907894530935,0.007228006677879595,0.8083335278012291,-0.41702107268800304,0.32429811914415285,-0.39461777438653534,0.2799961531443808,0.40683742795524463,-0.651135495119281,-0.4144556004615526,1.2644622169527322,-0.8793006194392307,0.33424910604614566,0.0,0.6882113771853678,2.950733787502384,0.7244075191283986
2983,1.0380517398908964,1.6541369303885924,-1.229618695353891,0.15346791259651008,1.334328656870266,1.1117524139238428,1.1689854635280883,1.6357952716794772,-1.7618165702686994,-0.651135495119281,-0.4144556004615526,1.6413009003495733,0.7279007787584578,-1.2162121733666202,0.0,0.6882113771853678,-0.5664572772702333,-0.7965695658503499
2984,1.0451536342962047,0.2822440304344302,-0.4050542273327106,0.022494789555566278,-0.41702107268800304,-0.28143595376330094,-0.9036978983587384,-1.7537025246582638,0.40683742795524463,-0.651135495119281,-0.4144556004615526,1.0710406964524701,0.1893791716281049,-1.0224045134400246,0.0,0.6882113771853678,-0.5664572772702333,-0.7965695658503499
2985,-0.055200321739452794,0.5843321343606259,-0.8173364613433008,0.2844410356374539,-0.41702107268800304,0.990605599342352,2.259871443468523,-1.301769485146565,0.40683742795524463,-0.651135495119281,-0.4144556004615526,-0.24297915160341013,0.11918768555652286,1.1094797457525287,0.0,0.6882113771853678,-0.5664572772702333,-0.7965695658503499
2986,-0.7524210682107217,-0.13037683696221905,-1.8480420463697762,2.5109841273334985,-0.41702107268800304,0.2637247118534075,-1.012786496352782,0.7319291926560796,0.40683742795524463,1.5357786628062884,-0.4144556004615526,-0.3917891970336461,-0.32722232689683733,0.5280567659727414,0.0,-0.8930772127243898,-0.5664572772702333,-1.176813837095037
2987,0.970780353846232,0.6027032736309847,-3.084888748401547,-1.0252901947719841,-0.41702107268800304,0.7483119701793706,-0.32189204239050634,2.3136948309470253,0.40683742795524463,1.5357786628062884,2.412803684849147,1.8202423116784878,0.4358332007857577,-1.4100198332932161,0.0,-0.8930772127243898,-0.5664572772702333,-0.41632529460566275
2988,0.3536258265810536,-0.17828860353997542,0.6256513576937649,1.0702797738831167,1.334328656870266,0.506018341016389,1.3144369275201464,-0.8498364456348662,-1.7618165702686994,-0.651135495119281,-0.4144556004615526,0.023779701469070123,-0.01679017392495807,0.14044144611954992,0.0,-0.8930772127243898,-0.5664572772702333,-0.03608102336097565
2989,0.19312543389656012,-0.030393349759056793,-0.19891311032741552,0.5463872817193415,-0.41702107268800304,0.9300321920516067,-0.8309721663627093,-0.6238699258790168,0.40683742795524463,-0.651135495119281,-0.4144556004615526,0.012334863092002532,-0.1057029671230293,-0.6347891935868331,0.0,0.6882113771853678,1.1921382551160753,-0.41632529460566275
2990,-0.0015650663847278255,-0.7487982019719053,0.007228006677879595,-0.6323708256491528,-0.41702107268800304,-1.3717572849967177,-0.8673350323607238,0.957895712411929,0.40683742795524463,1.5357786628062884,-0.4144556004615526,-0.3761049196774609,-0.01837461009985144,-0.24717387373364158,0.0,0.6882113771853678,-0.5664572772702333,-1.176813837095037
2991,0.46949809295518746,0.4618707986797175,0.6256513576937649,-0.8943170717310404,1.334328656870266,1.1723258212145882,1.4598883915122043,-0.8498364456348662,-1.7618165702686994,-0.651135495119281,-0.4144556004615526,-0.13067687811739376,3.891024466569924e-06,0.915672085825933,0.0,-0.8930772127243898,-0.5664572772702333,-0.7965695658503499
2992,-0.12468803895260275,-1.3310692174140677,0.4195102406884698,-0.5013977026082089,1.334328656870266,0.506018341016389,0.44172814356779816,-1.0758029653907155,-1.7618165702686994,-0.651135495119281,-0.4144556004615526,0.0823985817509374,0.16103693583751377,-0.44098153366023735,0.0,0.6882113771853678,1.1921382551160753,-1.176813837095037
2993,1.0792538158613656,0.6281068857162773,-1.6419009293644813,-0.7633439486900966,-0.41702107268800304,-0.3420093610540463,1.5689769895062478,2.9915943902145736,0.40683742795524463,-0.651135495119281,-0.4144556004615526,-0.48948792992467505,0.29406299100247774,-0.053366213807045836,0.0,0.6882113771853678,-0.5664572772702333,-1.176813837095037
2994,1.0718031166720068,1.1918906816635986,-0.4050542273327106,-0.37042457956726516,-0.41702107268800304,-1.3717572849967177,0.25991381357772564,0.0540296333885314,0.40683742795524463,-0.651135495119281,-0.4144556004615526,-0.08501324737733873,0.6422664854288203,-0.8285968535134288,0.0,0.6882113771853678,-0.5664572772702333,-0.7965695658503499
2995,-0.5861269905858342,-1.333744158387378,0.2133691236831747,0.4154141586783977,3.085678386428535,1.2328992285053335,1.3871626595161752,-0.6238699258790168,-3.9304705684926433,-0.651135495119281,-0.4144556004615526,0.6777710448355756,-0.13300831069261707,-0.053366213807045836,0.0,0.6882113771853678,-0.5664572772702333,-0.03608102336097565
2996,-0.7698269034221475,-0.5277714717996375,0.83179247469906,0.8083335278012291,0.7505454136841763,0.32429811914415285,-0.14007771240043385,-0.6238699258790168,0.40683742795524463,-0.651135495119281,-0.4144556004615526,-0.18228655406696098,0.9961232658789697,1.1094797457525287,0.0,0.6882113771853678,-0.5664572772702333,-1.176813837095037
2997,-1.0498425068446735,1.0972405256938607,1.037933591704355,2.3800110042925544,-0.41702107268800304,0.20315130456266212,-0.7946093003646949,-0.6238699258790168,0.40683742795524463,-0.651135495119281,-0.4144556004615526,0.408674079573928,0.3629747813632713,1.4970950656057203,0.0,0.6882113771853678,1.1921382551160753,0.7244075191283986
2998,0.8466781374012569,1.6795014944960691,0.6256513576937649,-0.8943170717310404,0.7505454136841763,0.6877385628886251,0.8053568035479431,-0.8498364456348662,-1.7618165702686994,-0.651135495119281,-0.4144556004615526,-0.22804582596602563,0.5406421860824165,-1.6038274932198118,0.0,-0.8930772127243898,-0.5664572772702333,-0.03608102336097565
2999,0.2228608820353213,-0.4532653625621498,-0.8173364613433008,1.0702797738831167,-0.41702107268800304,0.14257789727191675,-1.0491493623507964,1.8617617914353266,0.40683742795524463,1.5357786628062884,2.412803684849147,-0.6635687198204425,-0.47629644830741974,-0.24717387373364158,0.0,-0.8930772127243898,1.1921382551160753,-0.41632529460566275
3000,0.017095316722317847,-0.3510273590696371,-0.6111953443380057,0.022494789555566278,-0.41702107268800304,-0.6448763975077731,1.3871626595161752,-0.3979034061231674,0.40683742795524463,-0.651135495119281,-0.4144556004615526,-0.6060632745564382,-0.04487066889242496,0.14044144611954992,0.0,-0.8930772127243898,-0.5664572772702333,-1.176813837095037
3001,0.5779793680621051,0.011232218298145687,0.83179247469906,0.15346791259651008,0.16676217049808661,0.44544493372564364,0.6235424735578706,0.2799961531443808,-1.7618165702686994,-0.651135495119281,-0.4144556004615526,0.9161967955469968,0.5298589277220603,-0.44098153366023735,0.0,0.6882113771853678,-0.5664572772702333,-0.7965695658503499
3002,1.1288069160843897,1.1938467224296956,0.83179247469906,1.463199143005948,-0.41702107268800304,0.44544493372564364,-0.8309721663627093,0.0540296333885314,0.40683742795524463,-0.651135495119281,-0.4144556004615526,0.46461855843414174,0.6222472553161396,0.33424910604614566,0.0,0.6882113771853678,1.1921382551160753,-0.03608102336097565
3003,0.9722917147996668,1.5870645681434692,-0.8173364613433008,-0.5013977026082089,-0.41702107268800304,-1.1294636558337363,-0.9400607643567529,-0.6238699258790168,0.40683742795524463,1.5357786628062884,-0.4144556004615526,0.40099618641294227,1.0900540184879566,-1.7976351531464076,0.0,0.6882113771853678,-0.5664572772702333,-0.41632529460566275
3004,1.0806656778703798,0.5665049492088842,0.83179247469906,-1.5491826869357594,1.9181119000563556,0.44544493372564364,-0.17644057839844834,-0.6238699258790168,-1.7618165702686994,-0.651135495119281,-0.4144556004615526,0.2928633767086638,0.16294343369456787,-0.24717387373364158,0.0,0.6882113771853678,-0.5664572772702333,-0.7965695658503499
3005,1.0517369645018018,-1.6147804639216867,-1.6419009293644813,1.8561185121287795,-0.41702107268800304,0.8088853774701159,2.3689600414625667,-0.3979034061231674,0.40683742795524463,-0.651135495119281,-0.4144556004615526,0.1319040236875998,1.2107342104306196,0.915672085825933,0.0,0.6882113771853678,-0.5664572772702333,-0.03608102336097565
3006,0.970780353846232,1.594385924137376,0.6256513576937649,-1.5491826869357594,3.085678386428535,1.3540460430868244,0.8780825355439722,-0.8498364456348662,-1.7618165702686994,-0.651135495119281,-0.4144556004615526,-0.2771999378323368,1.067862200674203,-1.6038274932198118,0.0,0.6882113771853678,-0.5664572772702333,-0.41632529460566275
3007,0.7858499551546121,1.7212205352522931,0.4195102406884698,-1.5491826869357594,3.085678386428535,1.5357662649590604,0.8780825355439722,-0.6238699258790168,-1.7618165702686994,-0.651135495119281,-0.4144556004615526,-0.2039531436560233,0.9488966583814644,-1.6038274932198118,0.0,0.6882113771853678,-0.5664572772702333,-0.41632529460566275
3008,-0.08799489617823472,-0.4146122374601065,-1.6419009293644813,1.9870916351697234,-0.41702107268800304,0.8088853774701159,2.3689600414625667,-0.6238699258790168,0.40683742795524463,-0.651135495119281,-0.4144556004615526,-0.19331006648249113,-0.9975435696696331,0.915672085825933,0.0,-0.8930772127243898,-0.5664572772702333,-0.03608102336097565
3009,0.970780353846232,0.5142098289502379,-2.0541831633750713,-0.5013977026082089,-0.41702107268800304,0.6877385628886251,-0.24916631039447737,1.1838622321677783,0.40683742795524463,-0.651135495119281,-0.4144556004615526,1.6598632676852123,0.5750370866136747,-1.2162121733666202,0.0,0.6882113771853678,-0.5664572772702333,-0.41632529460566275
3010,1.0784882221489651,0.46389809569952917,0.4195102406884698,-0.6323708256491528,-0.41702107268800304,1.0511790066330975,0.11446234958566764,-0.171936886367318,-1.7618165702686994,-0.651135495119281,-0.4144556004615526,0.4010774731298701,-0.052936876904875106,0.33424910604614566,0.0,0.6882113771853678,1.1921382551160753,-0.7965695658503499
3011,0.04530047320235852,0.13067661998457028,-0.4050542273327106,-0.37042457956726516,-0.41702107268800304,0.990605599342352,-0.8673350323607238,-0.6238699258790168,0.40683742795524463,1.5357786628062884,2.412803684849147,0.15980724642032085,-0.019460909459800144,-0.8285968535134288,0.0,0.6882113771853678,1.1921382551160753,-0.41632529460566275
3012,1.137132900776744,0.48828258663856144,0.4195102406884698,-0.8943170717310404,0.16676217049808661,0.990605599342352,0.18718808158169664,-0.6238699258790168,-1.7618165702686994,-0.651135495119281,-0.4144556004615526,0.48236117362315123,0.18727904254931696,-0.24717387373364158,0.0,0.6882113771853678,-0.5664572772702333,0.34416324788371144
3013,-0.7090068838438813,-0.2598614027360443,0.83179247469906,2.2490378812516107,-0.41702107268800304,-0.46315617563553707,-0.5400692383785933,-0.3979034061231674,0.40683742795524463,-0.651135495119281,-0.4144556004615526,1.050790941955376,0.5028130182772097,0.915672085825933,0.0,0.6882113771853678,-0.5664572772702333,-0.7965695658503499
3014,0.5612082867224829,0.6033733381892847,-1.0234775783485959,0.2844410356374539,-0.41702107268800304,-0.5843029902170278,-0.43098064038454986,0.5059626729002302,0.40683742795524463,-0.651135495119281,-0.4144556004615526,0.21799771505838192,-0.20012972187535544,0.915672085825933,0.0,0.6882113771853678,-0.5664572772702333,-0.7965695658503499
3015,-0.532383836463084,-0.20826009672217302,1.037933591704355,-0.10847833348537753,-0.41702107268800304,0.5665917483071344,-0.32189204239050634,-0.6238699258790168,0.40683742795524463,-0.651135495119281,-0.4144556004615526,0.2899540749570772,0.048595128335735586,1.690902725532316,0.0,-0.8930772127243898,1.1921382551160753,-0.03608102336097565
3016,1.0558580212758606,0.18962981307898463,-1.229618695353891,0.6773604047602854,-0.41702107268800304,-0.22086254647255554,-0.8309721663627093,1.1838622321677783,0.40683742795524463,-0.651135495119281,-0.4144556004615526,0.004626300132741626,0.2216702413083032,-0.6347891935868331,0.0,0.6882113771853678,-0.5664572772702333,-0.7965695658503499
3017,0.07510558006014185,0.36772562378494716,0.6256513576937649,-1.6801558099767033,0.7505454136841763,0.506018341016389,1.6780655875002912,-0.171936886367318,-1.7618165702686994,-0.651135495119281,-0.4144556004615526,-0.43046351547587264,0.0663951559582601,1.4970950656057203,0.0,0.6882113771853678,-0.5664572772702333,0.7244075191283986
3018,-0.1048218101299403,-0.24249122191125783,-2.2603242803803667,0.5463872817193415,-0.41702107268800304,-0.46315617563553707,1.8235170514923493,2.9915943902145736,0.40683742795524463,1.5357786628062884,-0.4144556004615526,-0.8356322243316294,-0.7435187802870518,-0.053366213807045836,0.0,0.6882113771853678,-0.5664572772702333,-1.176813837095037
3019,-0.12468803895260275,-0.19810912943234485,0.2133691236831747,0.8083335278012291,-0.41702107268800304,0.9300321920516067,-0.030989114406390354,-1.301769485146565,0.40683742795524463,-0.651135495119281,-0.4144556004615526,0.03452167994089968,-0.7132274715707658,0.14044144611954992,0.0,0.6882113771853678,1.1921382551160753,-1.176813837095037
3020,0.970780353846232,0.30876435015835135,0.6256513576937649,0.4154141586783977,-0.41702107268800304,0.5665917483071344,-0.06735198040440485,-1.301769485146565,0.40683742795524463,-0.651135495119281,-0.4144556004615526,1.235765636271372,0.858306745372453,-0.6347891935868331,0.0,0.6882113771853678,-0.5664572772702333,-0.41632529460566275
3021,-0.09036609810175306,0.13656401066898552,-1.6419009293644813,1.0702797738831167,-0.41702107268800304,-0.46315617563553707,2.078057113478451,0.957895712411929,0.40683742795524463,1.5357786628062884,-0.4144556004615526,-0.352537404059042,-0.5675309147484,1.3032874056791244,0.0,0.6882113771853678,-0.5664572772702333,-1.176813837095037
3022,0.48037271754841876,1.3582265464010947,0.2133691236831747,-0.10847833348537753,-0.41702107268800304,-1.7957711360319355,-1.1218750943468254,0.2799961531443808,0.40683742795524463,-0.651135495119281,-0.4144556004615526,-0.05622080055261339,0.8399639825278393,1.3032874056791244,0.0,0.6882113771853678,-0.5664572772702333,-0.7965695658503499
3023,-0.45498220001650524,-0.13264248114415872,-0.4050542273327106,-0.23945145652632133,-0.41702107268800304,0.990605599342352,-0.8309721663627093,-0.6238699258790168,0.40683742795524463,1.5357786628062884,2.412803684849147,-0.1741429018312948,0.2278357447785668,-0.8285968535134288,0.0,0.6882113771853678,1.1921382551160753,-0.03608102336097565
3024,-0.6289932332018757,-1.8003907894530935,-1.229618695353891,0.022494789555566278,-0.41702107268800304,-0.9477434339615001,-0.6855207023706513,-0.3979034061231674,0.40683742795524463,-0.651135495119281,-0.4144556004615526,-0.11234047486848397,-0.15203537135941395,1.690902725532316,0.0,0.6882113771853678,-0.5664572772702333,-0.7965695658503499
3025,0.3793151759184391,0.5660998104969628,0.83179247469906,0.4154141586783977,-0.41702107268800304,0.32429811914415285,0.005373751591624148,-1.0758029653907155,0.40683742795524463,-0.651135495119281,-0.4144556004615526,-0.13274543604022063,0.5928445789200201,-0.8285968535134288,0.0,0.6882113771853678,-0.5664572772702333,-0.03608102336097565
3026,0.95584435164636,1.4454079097309203,-1.8480420463697762,0.9393066508421729,0.16676217049808661,1.2328992285053335,1.1689854635280883,2.3136948309470253,-1.7618165702686994,-0.651135495119281,-0.4144556004615526,1.8904918051600752,0.6069981949936246,-1.6038274932198118,0.0,0.6882113771853678,-0.5664572772702333,-0.7965695658503499
3027,-0.8687803605153486,0.03981098342869548,-1.229618695353891,2.641957250374442,-0.41702107268800304,0.20315130456266212,-0.9036978983587384,0.2799961531443808,0.40683742795524463,-0.651135495119281,-0.4144556004615526,-0.2979655611598497,-0.43425372011237484,0.7218644258993372,0.0,0.6882113771853678,-0.5664572772702333,-0.7965695658503499
3028,-0.9478543962264165,-1.8003907894530935,-0.19891311032741552,-0.8943170717310404,0.7505454136841763,1.475192857668315,0.8417196695459577,-0.3979034061231674,-1.7618165702686994,-0.651135495119281,-0.4144556004615526,0.2878430240945209,-0.5712748349622845,0.7218644258993372,0.0,0.6882113771853678,-0.5664572772702333,-1.176813837095037
3029,1.015916204587714,1.0819417890640959,-1.4357598123591861,-1.156263317812928,-0.41702107268800304,-0.28143595376330094,1.5689769895062478,2.9915943902145736,0.40683742795524463,-0.651135495119281,-0.4144556004615526,0.10867998878682408,0.9123037150064172,-0.8285968535134288,0.0,0.6882113771853678,-0.5664572772702333,-0.7965695658503499
3030,1.0718031166720068,-0.32131218029314246,0.83179247469906,-0.6323708256491528,0.16676217049808661,0.44544493372564364,-0.4673435063825644,-1.0758029653907155,0.40683742795524463,-0.651135495119281,-0.4144556004615526,-0.6016189609397398,0.6253458965882825,-1.0224045134400246,0.0,0.6882113771853678,-0.5664572772702333,-0.7965695658503499
3031,0.8009032297694254,0.03710584507645569,0.007228006677879595,0.4154141586783977,-0.41702107268800304,-0.46315617563553707,-0.9400607643567529,-0.8498364456348662,0.40683742795524463,-0.651135495119281,-0.4144556004615526,0.4401338307134368,0.5520265195705122,-0.44098153366023735,0.0,0.6882113771853678,1.1921382551160753,-0.03608102336097565
3032,0.7685657691684638,0.4520625543230452,0.83179247469906,0.2844410356374539,-0.41702107268800304,0.02143108269042598,-0.28552917639249187,-0.6238699258790168,0.40683742795524463,-0.651135495119281,-0.4144556004615526,-0.19141991282862866,1.0952396625823042,-1.4100198332932161,0.0,0.6882113771853678,-0.5664572772702333,-0.7965695658503499
3033,0.15403190947524267,0.38693227390636714,0.4195102406884698,-1.0252901947719841,-0.41702107268800304,0.6877385628886251,0.18718808158169664,-0.6238699258790168,-1.7618165702686994,-0.651135495119281,-0.4144556004615526,-0.3678008555703485,-0.4579797718097943,-0.053366213807045836,0.0,0.6882113771853678,-0.5664572772702333,0.34416324788371144
3034,-0.04962110896387677,0.69886243406946,-0.6111953443380057,1.463199143005948,-0.41702107268800304,0.6877385628886251,1.2417111955241174,0.2799961531443808,-1.7618165702686994,-0.651135495119281,-0.4144556004615526,0.9793461719363685,-0.06934532259740725,-0.44098153366023735,0.0,0.6882113771853678,-0.5664572772702333,-0.7965695658503499
3035,0.49852886481562403,0.5418057094912196,0.6256513576937649,-1.0252901947719841,1.334328656870266,1.2328992285053335,1.4235255255141899,-0.8498364456348662,-1.7618165702686994,-0.651135495119281,-0.4144556004615526,-0.20165461596058787,-0.06398450807030064,0.915672085825933,0.0,-0.8930772127243898,-0.5664572772702333,-0.7965695658503499
3036,0.28460561432370907,-0.27028254635037186,0.4195102406884698,1.0702797738831167,0.16676217049808661,0.08200448998117135,1.3507997935181608,-0.8498364456348662,0.40683742795524463,-0.651135495119281,-0.4144556004615526,-0.1882080663626985,-0.10949767854376198,-0.053366213807045836,0.0,-0.8930772127243898,-0.5664572772702333,-0.41632529460566275
3037,1.022523545899581,1.0038759086002849,0.4195102406884698,-1.287236440853872,-0.41702107268800304,0.990605599342352,-0.6491578363726369,-0.171936886367318,0.40683742795524463,1.5357786628062884,2.412803684849147,0.8054662825053969,0.4326488681336272,-1.4100198332932161,0.0,-0.8930772127243898,1.1921382551160753,-0.7965695658503499
3038,-0.532383836463084,-1.8003907894530935,-1.6419009293644813,1.7251453890878359,-0.41702107268800304,0.6271651555978798,2.47804863945661,0.5059626729002302,0.40683742795524463,-0.651135495119281,-0.4144556004615526,0.2332179713327421,-0.4042299202373856,0.7218644258993372,0.0,0.6882113771853678,-0.5664572772702333,-0.41632529460566275
3039,0.9676150919671008,0.24101193883899974,-0.6111953443380057,-0.6323708256491528,-0.41702107268800304,-1.73519772874119,-0.8309721663627093,0.5059626729002302,0.40683742795524463,-0.651135495119281,-0.4144556004615526,0.8168549712948944,0.9042842796560032,-0.053366213807045836,0.0,0.6882113771853678,1.1921382551160753,-0.7965695658503499
3040,1.137132900776744,0.6491305202198,-2.4664653973856616,-0.10847833348537753,-0.41702107268800304,0.32429811914415285,0.7326310715519142,2.087728311191176,0.40683742795524463,-0.651135495119281,-0.4144556004615526,0.3194042124362775,-0.23830595411928718,-0.6347891935868331,0.0,0.6882113771853678,-0.5664572772702333,0.34416324788371144
3041,0.3684084464166671,0.6006341397642962,0.2133691236831747,0.5463872817193415,-0.41702107268800304,0.38487152643489825,-0.10371484640241935,-1.301769485146565,0.40683742795524463,-0.651135495119281,-0.4144556004615526,-0.6666816271927489,-0.19460823807854435,-0.8285968535134288,0.0,0.6882113771853678,-0.5664572772702333,-0.03608102336097565
3042,0.970780353846232,1.449623547067896,0.83179247469906,0.2844410356374539,-0.41702107268800304,-0.3420093610540463,-0.7582464343666804,-0.171936886367318,0.40683742795524463,-0.651135495119281,-0.4144556004615526,1.286582278047731,0.08591536764670686,-0.6347891935868331,0.0,0.6882113771853678,-0.5664572772702333,-0.41632529460566275
3043,-0.12468803895260275,-0.9109313329031357,-0.8173364613433008,1.0702797738831167,-0.41702107268800304,0.08200448998117135,-1.0491493623507964,1.8617617914353266,0.40683742795524463,1.5357786628062884,2.412803684849147,-0.36478599664034056,-0.03653260751094226,-0.24717387373364158,0.0,-0.8930772127243898,2.950733787502384,-1.176813837095037
3044,0.07048385699791651,-0.28510911560257457,0.4195102406884698,0.5463872817193415,0.7505454136841763,0.990605599342352,-0.17644057839844834,-0.3979034061231674,-1.7618165702686994,-0.651135495119281,-0.4144556004615526,-0.5452466506601007,1.1542609099196317,-0.053366213807045836,0.0,0.6882113771853678,-0.5664572772702333,0.34416324788371144
3045,1.1209866647056885,0.3802004189645704,0.4195102406884698,-1.5491826869357594,1.334328656870266,0.8088853774701159,0.18718808158169664,-0.6238699258790168,-1.7618165702686994,-0.651135495119281,-0.4144556004615526,0.4041042212771742,-0.1204083808980982,-0.24717387373364158,0.0,0.6882113771853678,-0.5664572772702333,-0.03608102336097565
3046,-1.129055328663024,-1.8003907894530935,0.6256513576937649,1.3322260199650044,-0.41702107268800304,0.44544493372564364,-0.8673350323607238,0.0540296333885314,0.40683742795524463,-0.651135495119281,-0.4144556004615526,1.129865728096347,-0.8078219150480022,0.33424910604614566,0.0,0.6882113771853678,1.1921382551160753,0.34416324788371144
3047,-1.1422685087094764,-0.45164229533206757,-0.19891311032741552,-0.23945145652632133,-0.41702107268800304,0.8694587847608612,-0.7218835683686659,-0.6238699258790168,0.40683742795524463,1.5357786628062884,2.412803684849147,-0.5185465090399032,0.17419877381551457,-1.0224045134400246,0.0,0.6882113771853678,-0.5664572772702333,0.7244075191283986
3048,1.0333101194250442,-0.0348056752725921,1.8624980597255354,-0.10847833348537753,-0.41702107268800304,-2.583225430811625,-0.9036978983587384,-0.171936886367318,0.40683742795524463,-0.651135495119281,-0.4144556004615526,0.003686039443853587,0.38460251343977897,-1.0224045134400246,0.0,0.6882113771853678,-0.5664572772702333,-0.7965695658503499
3049,0.37083974648073253,0.5776948600140751,0.6256513576937649,0.4154141586783977,-0.41702107268800304,0.32429811914415285,-0.06735198040440485,-1.301769485146565,0.40683742795524463,-0.651135495119281,-0.4144556004615526,-0.3322004225077261,0.33118733398798345,-0.8285968535134288,0.0,0.6882113771853678,-0.5664572772702333,0.34416324788371144
3050,-0.16859709411103616,-0.1679319425622344,0.4195102406884698,-0.6323708256491528,-0.41702107268800304,-1.432330692287463,-1.0491493623507964,0.5059626729002302,0.40683742795524463,1.5357786628062884,-0.4144556004615526,0.3149412023143908,0.15070794600680312,0.5280567659727414,0.0,-0.8930772127243898,1.1921382551160753,-0.03608102336097565
3051,-0.9916715480512973,-0.06266536618227804,-1.8480420463697762,-1.156263317812928,0.16676217049808661,-0.16028913918181015,0.11446234958566764,1.4098287519236279,0.40683742795524463,-0.651135495119281,-0.4144556004615526,0.7953553360921773,1.3837575436970135,1.8847103854589116,0.0,0.6882113771853678,2.950733787502384,-1.176813837095037
3052,-0.17047536624227086,-0.01809614619919461,-1.4357598123591861,0.5463872817193415,-0.41702107268800304,-0.5237295829262825,0.29627667957574016,0.7319291926560796,0.40683742795524463,-0.651135495119281,-0.4144556004615526,-0.8925770315124715,-0.6615685399949429,0.33424910604614566,0.0,-0.8930772127243898,-0.5664572772702333,-0.03608102336097565
3053,0.4329094826077867,1.963284943802235,0.4195102406884698,-1.4182095638948156,2.501895143242445,1.2934726357960789,0.6235424735578706,-0.3979034061231674,-1.7618165702686994,-0.651135495119281,-0.4144556004615526,-0.06416131747693621,-0.06062927038956274,-1.6038274932198118,0.0,-0.8930772127243898,-0.5664572772702333,-0.41632529460566275
3054,-0.00795194508949228,0.18447470635982133,1.8624980597255354,-0.6323708256491528,0.16676217049808661,-0.6448763975077731,-0.35825490838852087,0.0540296333885314,0.40683742795524463,-0.651135495119281,-0.4144556004615526,-0.19813618439090583,-0.1283447701649833,0.915672085825933,0.0,0.6882113771853678,-0.5664572772702333,0.7244075191283986
3055,1.0718031166720068,1.2296741506796236,0.83179247469906,-1.0252901947719841,-0.41702107268800304,0.5665917483071344,-0.5400692383785933,-0.3979034061231674,0.40683742795524463,-0.651135495119281,-0.4144556004615526,0.32097565688750207,0.8770399017923932,-0.8285968535134288,0.0,0.6882113771853678,-0.5664572772702333,-0.7965695658503499
3056,-0.9987257729623441,-0.16640618030393892,1.2440747087096502,1.0702797738831167,-0.41702107268800304,-2.4620786162301345,-0.9764236303547674,0.5059626729002302,0.40683742795524463,-0.651135495119281,-0.4144556004615526,-0.7002710402589207,-0.015168343251851079,0.915672085825933,0.0,0.6882113771853678,-0.5664572772702333,-1.176813837095037
3057,0.970780353846232,0.6027032736309847,0.6256513576937649,-0.37042457956726516,-0.41702107268800304,0.2637247118534075,-0.43098064038454986,-0.6238699258790168,0.40683742795524463,-0.651135495119281,-0.4144556004615526,1.235765636271372,0.43302335389737917,-1.4100198332932161,0.0,-0.8930772127243898,-0.5664572772702333,-0.41632529460566275
3058,0.41960773370870413,0.35775584026625684,1.2440747087096502,-1.287236440853872,-0.41702107268800304,-2.0986381724856624,-0.8309721663627093,-0.3979034061231674,0.40683742795524463,-0.651135495119281,-0.4144556004615526,-0.10311498978932065,0.20475159726126307,0.14044144611954992,0.0,0.6882113771853678,-0.5664572772702333,-0.41632529460566275
3059,0.37004225828074744,0.1559229961030798,0.4195102406884698,1.463199143005948,-0.41702107268800304,0.8088853774701159,-0.5764321043766079,-0.6238699258790168,0.40683742795524463,-0.651135495119281,-0.4144556004615526,0.07720978429613543,-0.29595789137268164,-0.6347891935868331,0.0,0.6882113771853678,-0.5664572772702333,-0.41632529460566275
3060,0.37083974648073253,0.6578141315122034,0.83179247469906,0.2844410356374539,-0.41702107268800304,-0.8871700266707547,-1.0491493623507964,0.5059626729002302,0.40683742795524463,-0.651135495119281,-0.4144556004615526,-0.030001437830936898,-0.15082643784434138,-1.0224045134400246,0.0,-0.8930772127243898,-0.5664572772702333,0.34416324788371144
3061,-1.493029537290488,-1.8003907894530935,0.6256513576937649,0.2844410356374539,-0.41702107268800304,0.5665917483071344,-0.43098064038454986,-0.6238699258790168,0.40683742795524463,-0.651135495119281,-0.4144556004615526,-0.2873738130186992,-0.45189595112660097,1.690902725532316,0.0,0.6882113771853678,-0.5664572772702333,-0.7965695658503499
3062,0.1634435439301963,0.3554629573069798,0.83179247469906,0.4154141586783977,0.16676217049808661,0.2637247118534075,-0.06735198040440485,-0.8498364456348662,-1.7618165702686994,-0.651135495119281,-0.4144556004615526,0.07041009734714816,-0.028384960398955817,-1.0224045134400246,0.0,-0.8930772127243898,-0.5664572772702333,-0.41632529460566275
3063,0.37083974648073253,0.5776948600140751,0.83179247469906,0.4154141586783977,-0.41702107268800304,0.32429811914415285,-0.030989114406390354,-1.301769485146565,0.40683742795524463,-0.651135495119281,-0.4144556004615526,-0.14245933604535324,0.6120523434648898,-0.8285968535134288,0.0,0.6882113771853678,-0.5664572772702333,0.34416324788371144
3064,0.08699162693188973,-0.2799123757618393,-2.2603242803803667,0.6773604047602854,-0.41702107268800304,-0.46315617563553707,1.8598799174903637,3.669493949482122,0.40683742795524463,1.5357786628062884,-0.4144556004615526,-0.8868298232017181,-0.5761750795416298,0.14044144611954992,0.0,0.6882113771853678,-0.5664572772702333,-1.176813837095037
3065,-0.45726837756458266,0.07127264352532148,-2.0541831633750713,0.5463872817193415,-0.41702107268800304,-0.28143595376330094,1.7507913194963203,1.1838622321677783,0.40683742795524463,1.5357786628062884,-0.4144556004615526,-0.6956302705031482,-1.1614244814928254,-0.44098153366023735,0.0,0.6882113771853678,1.1921382551160753,-0.41632529460566275
3066,1.137132900776744,0.6113497548882411,-1.6419009293644813,-0.23945145652632133,-0.41702107268800304,0.14257789727191675,-0.28552917639249187,1.8617617914353266,0.40683742795524463,-0.651135495119281,-0.4144556004615526,0.25540200871122654,-0.23113083349338567,-0.44098153366023735,0.0,-0.8930772127243898,1.1921382551160753,0.34416324788371144
3067,0.970780353846232,0.24169736485609505,0.4195102406884698,0.9393066508421729,0.16676217049808661,0.8088853774701159,-0.030989114406390354,-0.3979034061231674,-1.7618165702686994,-0.651135495119281,-0.4144556004615526,1.0427262246210423,1.3567254221388998,0.14044144611954992,0.0,0.6882113771853678,-0.5664572772702333,-0.41632529460566275
3068,1.137132900776744,0.20408975973516544,-1.4357598123591861,1.0702797738831167,-0.41702107268800304,0.5665917483071344,2.441685773458596,1.4098287519236279,0.40683742795524463,-0.651135495119281,-0.4144556004615526,0.16416256369589952,0.8986383281942424,0.5280567659727414,0.0,-0.8930772127243898,1.1921382551160753,0.34416324788371144
3069,0.14882450607769354,0.7856683460482953,0.4195102406884698,0.5463872817193415,-0.41702107268800304,0.9300321920516067,1.8962427834883784,-0.3979034061231674,0.40683742795524463,1.5357786628062884,2.412803684849147,0.23778327295097815,-0.08120510510796772,-0.24717387373364158,0.0,0.6882113771853678,-0.5664572772702333,-0.41632529460566275
3070,0.4957738556907852,0.5342199170866098,0.6256513576937649,-1.0252901947719841,1.9181119000563556,1.2328992285053335,1.3871626595161752,-0.8498364456348662,-3.9304705684926433,-0.651135495119281,-0.4144556004615526,-0.19491885583824334,-0.05791203351683698,0.915672085825933,0.0,-0.8930772127243898,-0.5664572772702333,-0.7965695658503499
3071,0.7297003198506952,0.5219087425816265,0.6256513576937649,0.6773604047602854,-0.41702107268800304,-0.5843029902170278,-0.7582464343666804,0.2799961531443808,0.40683742795524463,-0.651135495119281,-0.4144556004615526,-0.007750361724806655,-0.08092069006395636,-1.0224045134400246,0.0,-0.8930772127243898,-0.5664572772702333,-0.03608102336097565
3072,0.970780353846232,0.6541826362556991,0.6256513576937649,-1.156263317812928,0.16676217049808661,1.0511790066330975,-0.6127949703746224,-0.3979034061231674,0.40683742795524463,1.5357786628062884,2.412803684849147,1.1918209682299739,0.9217297724240827,-1.4100198332932161,0.0,0.6882113771853678,-0.5664572772702333,-0.41632529460566275
3073,0.4606955754703987,0.25955454437200204,1.6563569427202405,-1.0252901947719841,-0.41702107268800304,-1.8563445433226808,-0.6127949703746224,-0.6238699258790168,0.40683742795524463,-0.651135495119281,-0.4144556004615526,-0.2795218513452261,0.7969166210307523,0.14044144611954992,0.0,0.6882113771853678,-0.5664572772702333,-1.176813837095037
3074,0.37083974648073253,0.054126815316044956,0.4195102406884698,1.463199143005948,-0.41702107268800304,0.506018341016389,0.11446234958566764,-0.8498364456348662,0.40683742795524463,-0.651135495119281,-0.4144556004615526,-0.12604432211499134,0.0790869612941522,0.14044144611954992,0.0,0.6882113771853678,-0.5664572772702333,-0.03608102336097565
3075,0.2384858744468182,-0.4326897633249228,0.007228006677879595,-1.0252901947719841,-0.41702107268800304,-1.432330692287463,-0.9764236303547674,0.0540296333885314,0.40683742795524463,1.5357786628062884,-0.4144556004615526,-0.44723843817289344,-0.41749371128377355,-0.24717387373364158,0.0,0.6882113771853678,-0.5664572772702333,-0.41632529460566275
3076,1.0718031166720068,1.0980103814473077,0.4195102406884698,-0.6323708256491528,-0.41702107268800304,1.1723258212145882,-0.10371484640241935,0.0540296333885314,0.40683742795524463,-0.651135495119281,-0.4144556004615526,0.517159638228864,0.2022604441518346,-0.8285968535134288,0.0,0.6882113771853678,-0.5664572772702333,-0.7965695658503499
3077,0.08989010613480833,-1.707770430310041,0.007228006677879595,-0.5013977026082089,-0.41702107268800304,-1.432330692287463,-1.012786496352782,0.0540296333885314,0.40683742795524463,-0.651135495119281,-0.4144556004615526,0.34039111222966273,0.10850922433859085,1.4970950656057203,0.0,0.6882113771853678,1.1921382551160753,0.7244075191283986
3078,-0.9116411164602537,-1.8003907894530935,-0.19891311032741552,0.15346791259651008,-0.41702107268800304,0.38487152643489825,-0.9400607643567529,-0.3979034061231674,0.40683742795524463,1.5357786628062884,-0.4144556004615526,-0.04009269483024514,-0.4913891518687242,1.3032874056791244,0.0,0.6882113771853678,1.1921382551160753,0.34416324788371144
3079,0.30486590107301353,0.00856354119208629,-1.6419009293644813,1.8561185121287795,-0.41702107268800304,0.6877385628886251,2.47804863945661,0.2799961531443808,0.40683742795524463,-0.651135495119281,-0.4144556004615526,-0.021985783625977168,0.467606203469085,0.7218644258993372,0.0,-0.8930772127243898,1.1921382551160753,-0.03608102336097565
3080,1.0624884409134137,1.3526060096162873,0.6256513576937649,-1.156263317812928,0.16676217049808661,1.0511790066330975,-0.6127949703746224,-0.3979034061231674,0.40683742795524463,1.5357786628062884,2.412803684849147,0.4399296489819865,0.8965067479043785,-1.4100198332932161,0.0,0.6882113771853678,-0.5664572772702333,-0.7965695658503499
3081,0.5917264327689894,0.2765094883727363,0.4195102406884698,0.2844410356374539,0.16676217049808661,0.44544493372564364,-0.35825490838852087,-0.6238699258790168,0.40683742795524463,-0.651135495119281,-0.4144556004615526,-0.28599565267982513,1.3583073614970678,-1.4100198332932161,0.0,0.6882113771853678,-0.5664572772702333,-1.176813837095037
3082,-0.5372161238909906,0.48214527387839246,1.6563569427202405,-0.7633439486900966,0.16676217049808661,-0.5843029902170278,-0.32189204239050634,0.0540296333885314,0.40683742795524463,-0.651135495119281,-0.4144556004615526,0.04112074789310174,0.3249304259144783,0.915672085825933,0.0,0.6882113771853678,-0.5664572772702333,-0.7965695658503499
3083,1.137132900776744,-1.8003907894530935,0.6256513576937649,-1.0252901947719841,1.334328656870266,1.0511790066330975,0.6599053395558852,-0.6238699258790168,-1.7618165702686994,-0.651135495119281,-0.4144556004615526,-0.1611530067019101,0.9213433761885617,-0.8285968535134288,0.0,-0.8930772127243898,-0.5664572772702333,0.34416324788371144
3084,-0.5801913055044645,-0.2159466594739225,-0.4050542273327106,-0.23945145652632133,-0.41702107268800304,0.990605599342352,-0.8309721663627093,-0.6238699258790168,0.40683742795524463,1.5357786628062884,2.412803684849147,-0.2436022142350845,0.3044455319168095,-0.8285968535134288,0.0,0.6882113771853678,-0.5664572772702333,0.34416324788371144
3085,0.78638479367629,1.720853715971168,-0.8173364613433008,-0.6323708256491528,-0.41702107268800304,-1.553477506868954,0.7689939375499286,0.7319291926560796,0.40683742795524463,1.5357786628062884,2.412803684849147,0.3068537207853952,0.6949703072004573,-1.7976351531464076,0.0,0.6882113771853678,-0.5664572772702333,-0.41632529460566275
3086,-0.8454827514412846,0.4132882666495153,0.2133691236831747,-1.0252901947719841,1.334328656870266,0.9300321920516067,1.0598968655340446,-1.0758029653907155,-1.7618165702686994,-0.651135495119281,-0.4144556004615526,-0.1443898065937221,-0.14856750096672114,1.1094797457525287,0.0,-0.8930772127243898,-0.5664572772702333,-0.41632529460566275
3087,-0.12468803895260275,0.057369459043303754,-1.8480420463697762,0.5463872817193415,-0.41702107268800304,0.8694587847608612,2.441685773458596,-1.7537025246582638,0.40683742795524463,-0.651135495119281,-0.4144556004615526,-0.5217529664997428,-0.2767062664317617,1.4970950656057203,0.0,0.6882113771853678,-0.5664572772702333,-0.7965695658503499
3088,0.9991844878786577,0.5363249417468313,-1.6419009293644813,-0.23945145652632133,-0.41702107268800304,-0.0391423246003194,-0.7582464343666804,1.1838622321677783,0.40683742795524463,-0.651135495119281,-0.4144556004615526,-0.32524077922489375,0.7092571433647611,-0.44098153366023735,0.0,0.6882113771853678,-0.5664572772702333,-0.7965695658503499
3089,0.48513682176365375,0.05371495485069672,-1.6419009293644813,2.118064758210667,-0.41702107268800304,0.7483119701793706,2.47804863945661,-0.171936886367318,0.40683742795524463,-0.651135495119281,-0.4144556004615526,-0.19191911541253234,0.5568168169799127,0.7218644258993372,0.0,-0.8930772127243898,1.1921382551160753,-0.03608102336097565
3090,-0.5968237500047882,-0.8955243983417952,0.6256513576937649,-0.7633439486900966,-0.41702107268800304,0.6877385628886251,-0.28552917639249187,-0.3979034061231674,0.40683742795524463,-0.651135495119281,-0.4144556004615526,0.3140298599200459,-0.17546806803951,1.4970950656057203,0.0,-0.8930772127243898,2.950733787502384,-0.03608102336097565
3091,1.0020163205572679,1.4430722147381794,-0.6111953443380057,-0.5013977026082089,-0.41702107268800304,-1.1294636558337363,-0.9400607643567529,-0.6238699258790168,0.40683742795524463,1.5357786628062884,-0.4144556004615526,0.5019460109595594,1.127137046349866,-1.6038274932198118,0.0,0.6882113771853678,-0.5664572772702333,-0.41632529460566275
3092,-0.710574790865822,-0.008772682090333968,0.4195102406884698,-1.4182095638948156,0.7505454136841763,0.6877385628886251,1.2053483295261027,-0.6238699258790168,-1.7618165702686994,-0.651135495119281,-0.4144556004615526,-0.16534573338006378,-0.0033383434728416037,1.3032874056791244,0.0,-0.8930772127243898,-0.5664572772702333,-0.7965695658503499
3093,0.9763611137868046,0.5786569212824357,1.037933591704355,0.15346791259651008,-0.41702107268800304,-0.4025827683447917,-1.1218750943468254,-1.0758029653907155,0.40683742795524463,-0.651135495119281,-0.4144556004615526,0.8913652221654909,0.6863906976564395,-1.4100198332932161,0.0,0.6882113771853678,-0.5664572772702333,-0.7965695658503499
3094,0.30905080494879256,-0.33886971355085604,-0.8173364613433008,0.8083335278012291,-0.41702107268800304,-0.0391423246003194,-1.0491493623507964,2.087728311191176,0.40683742795524463,-0.651135495119281,-0.4144556004615526,-0.7392901090697527,-0.37371735904733117,-0.24717387373364158,0.0,-0.8930772127243898,-0.5664572772702333,-0.03608102336097565
3095,0.3080456636272769,0.009359957906849143,-1.6419009293644813,2.5109841273334985,-0.41702107268800304,0.8088853774701159,2.5144115054546248,-0.6238699258790168,0.40683742795524463,-0.651135495119281,-0.4144556004615526,-0.3045310391190269,0.4691797715587018,0.7218644258993372,0.0,-0.8930772127243898,1.1921382551160753,-0.03608102336097565
3096,0.11039950658890717,0.2301208244397046,0.4195102406884698,-0.37042457956726516,-0.41702107268800304,-1.6140509141596993,-1.0491493623507964,0.957895712411929,0.40683742795524463,1.5357786628062884,-0.4144556004615526,0.18690868875631858,-0.2496302077893505,1.1094797457525287,0.0,0.6882113771853678,1.1921382551160753,0.7244075191283986
3097,0.37083974648073253,0.5832531343979083,0.2133691236831747,0.5463872817193415,-0.41702107268800304,0.44544493372564364,-0.10371484640241935,-1.301769485146565,0.40683742795524463,-0.651135495119281,-0.4144556004615526,-0.652658124496753,-0.13912483733232844,-1.0224045134400246,0.0,0.6882113771853678,-0.5664572772702333,-0.03608102336097565
3098,1.074714071026747,1.128811949448313,-0.6111953443380057,-0.6323708256491528,-0.41702107268800304,-0.46315617563553707,-0.7582464343666804,1.1838622321677783,0.40683742795524463,1.5357786628062884,-0.4144556004615526,-0.38976652052566835,0.2543759984484244,-0.44098153366023735,0.0,0.6882113771853678,-0.5664572772702333,-0.7965695658503499
3099,-1.1104054421732081,-0.09792553841637101,-1.6419009293644813,0.5463872817193415,-0.41702107268800304,-0.6448763975077731,-0.24916631039447737,1.4098287519236279,0.40683742795524463,-0.651135495119281,-0.4144556004615526,-0.20235330155715991,0.6417006064697144,1.8847103854589116,0.0,-0.8930772127243898,1.1921382551160753,-0.41632529460566275
3100,0.309928001559499,0.042958673647472204,0.6256513576937649,-0.6323708256491528,-0.41702107268800304,-0.7660232120892639,-0.17644057839844834,0.2799961531443808,0.40683742795524463,-0.651135495119281,-0.4144556004615526,-0.6336477283743364,-0.4011314908643256,-0.053366213807045836,0.0,-0.8930772127243898,1.1921382551160753,0.7244075191283986
3101,1.0718031166720068,1.0408021146910285,0.4195102406884698,-0.5013977026082089,-0.41702107268800304,0.20315130456266212,0.33263954557375464,-0.6238699258790168,0.40683742795524463,-0.651135495119281,-0.4144556004615526,1.1539440534109828,0.3102047353445265,0.14044144611954992,0.0,-0.8930772127243898,-0.5664572772702333,-0.7965695658503499
3102,0.3441574077553413,-0.20528268964717813,-1.8480420463697762,-1.287236440853872,0.16676217049808661,1.1723258212145882,0.29627667957574016,-0.6238699258790168,0.40683742795524463,1.5357786628062884,2.412803684849147,-0.0606327471194128,0.15825099887646663,-0.053366213807045836,0.0,-0.8930772127243898,-0.5664572772702333,-0.03608102336097565
3103,-0.6897389379417893,-0.31183512462872437,-1.8480420463697762,-1.156263317812928,0.16676217049808661,-0.16028913918181015,0.11446234958566764,1.4098287519236279,0.40683742795524463,-0.651135495119281,-0.4144556004615526,0.7406561235909046,1.3072519082682108,1.8847103854589116,0.0,0.6882113771853678,1.1921382551160753,-0.7965695658503499
3104,0.5060048978640218,0.3697064101230623,0.4195102406884698,1.463199143005948,-0.41702107268800304,0.8088853774701159,-0.4673435063825644,-0.6238699258790168,0.40683742795524463,-0.651135495119281,-0.4144556004615526,0.16746786549716552,-0.10857167102532736,-0.8285968535134288,0.0,0.6882113771853678,-0.5664572772702333,-1.176813837095037
3105,1.07186570593689,1.1189678206804394,-0.4050542273327106,-0.6323708256491528,-0.41702107268800304,-0.46315617563553707,-0.7218835683686659,1.1838622321677783,0.40683742795524463,-0.651135495119281,-0.4144556004615526,-0.40151091600208905,0.22566014578872223,-0.44098153366023735,0.0,-0.8930772127243898,-0.5664572772702333,-0.7965695658503499
3106,0.986415857252147,1.0803055746523418,0.6256513576937649,-1.4182095638948156,0.16676217049808661,0.7483119701793706,-0.5764321043766079,-0.3979034061231674,0.40683742795524463,1.5357786628062884,2.412803684849147,0.8015226518104086,1.055491700022416,-0.8285968535134288,0.0,0.6882113771853678,-0.5664572772702333,-0.7965695658503499
3107,1.0718031166720068,1.385947722734735,0.4195102406884698,-0.7633439486900966,0.16676217049808661,1.1723258212145882,-0.24916631039447737,-0.171936886367318,0.40683742795524463,-0.651135495119281,-0.4144556004615526,0.5522798104183245,0.3805791459002809,-1.4100198332932161,0.0,0.6882113771853678,-0.5664572772702333,-0.7965695658503499
3108,0.34428637704677495,0.03578835947862615,-0.4050542273327106,1.3322260199650044,-0.41702107268800304,0.44544493372564364,0.11446234958566764,-0.171936886367318,0.40683742795524463,-0.651135495119281,-0.4144556004615526,-0.11065808711130617,0.23545945869696594,0.33424910604614566,0.0,-0.8930772127243898,-0.5664572772702333,-0.03608102336097565
3109,0.3212012442180526,0.43322216799886987,1.037933591704355,-1.0252901947719841,-0.41702107268800304,-0.0391423246003194,-0.43098064038454986,-0.3979034061231674,0.40683742795524463,-0.651135495119281,-0.4144556004615526,-0.09121291827259338,-0.08824392565653685,-0.053366213807045836,0.0,0.6882113771853678,-0.5664572772702333,-0.7965695658503499
3110,-0.03605793839401685,2.0042188233181335,0.83179247469906,-0.10847833348537753,-0.41702107268800304,-2.401505208939389,-1.1218750943468254,-0.171936886367318,0.40683742795524463,-0.651135495119281,-0.4144556004615526,-0.05191150733784211,0.23736660869116702,1.3032874056791244,0.0,0.6882113771853678,-0.5664572772702333,-1.176813837095037
3111,0.6129087927457394,0.20515553718024165,-0.8173364613433008,-0.37042457956726516,-0.41702107268800304,-1.4929040995782086,-0.9400607643567529,1.6357952716794772,0.40683742795524463,-0.651135495119281,-0.4144556004615526,-0.02013662920460269,1.5047547716269352,-1.6038274932198118,0.0,-0.8930772127243898,-0.5664572772702333,-1.176813837095037
3112,-1.1831871111931578,-1.8003907894530935,-1.4357598123591861,-1.0252901947719841,-0.41702107268800304,0.2637247118534075,0.005373751591624148,0.5059626729002302,0.40683742795524463,-0.651135495119281,-0.4144556004615526,0.5228002543900231,1.0604700955130737,1.690902725532316,0.0,0.6882113771853678,-0.5664572772702333,-0.03608102336097565
3113,0.970780353846232,0.6027032736309847,-1.229618695353891,-1.0252901947719841,-0.41702107268800304,0.9300321920516067,-0.4673435063825644,0.957895712411929,0.40683742795524463,1.5357786628062884,2.412803684849147,1.5367032870858632,0.6775487521121331,-1.4100198332932161,0.0,0.6882113771853678,-0.5664572772702333,-0.41632529460566275
3114,0.970780353846232,0.7277909204892287,1.037933591704355,0.15346791259651008,-0.41702107268800304,-0.46315617563553707,-1.1218750943468254,-0.8498364456348662,0.40683742795524463,-0.651135495119281,-0.4144556004615526,0.9309547749196053,0.6369103670647832,-1.4100198332932161,0.0,0.6882113771853678,-0.5664572772702333,-0.41632529460566275
3115,0.09468373919542461,-0.34947721067339804,0.2133691236831747,-0.7633439486900966,-0.41702107268800304,-1.3717572849967177,-1.0491493623507964,0.2799961531443808,0.40683742795524463,1.5357786628062884,-0.4144556004615526,0.1062574398607173,-0.18687954883192923,-0.053366213807045836,0.0,0.6882113771853678,-0.5664572772702333,0.34416324788371144
3116,-0.6857579775159491,-0.8052780498272467,-1.8480420463697762,0.2844410356374539,-0.41702107268800304,0.6271651555978798,2.296234309466538,1.8617617914353266,0.40683742795524463,-0.651135495119281,-0.4144556004615526,-0.1050494598706509,-0.3184277150838499,0.7218644258993372,0.0,0.6882113771853678,1.1921382551160753,-0.7965695658503499
3117,0.37083974648073253,0.054126815316044956,0.4195102406884698,1.2012528969240606,-0.41702107268800304,0.7483119701793706,0.04173661758963865,-1.0758029653907155,0.40683742795524463,-0.651135495119281,-0.4144556004615526,-0.12604432211499134,0.0790869612941522,0.14044144611954992,0.0,0.6882113771853678,-0.5664572772702333,-0.03608102336097565
3118,1.137132900776744,-1.8003907894530935,0.6256513576937649,-0.6323708256491528,0.7505454136841763,1.0511790066330975,1.2053483295261027,-0.8498364456348662,-1.7618165702686994,-0.651135495119281,-0.4144556004615526,0.5377678517553318,1.433451383832367,1.3032874056791244,0.0,-0.8930772127243898,-0.5664572772702333,0.34416324788371144
3119,0.31428385377399004,0.4196679742078643,1.2440747087096502,-1.0252901947719841,-0.41702107268800304,-0.0391423246003194,-0.43098064038454986,-0.3979034061231674,0.40683742795524463,-0.651135495119281,-0.4144556004615526,-0.09840867554944252,-0.09465474215657042,-0.053366213807045836,0.0,0.6882113771853678,-0.5664572772702333,-0.7965695658503499
3120,0.970780353846232,1.4651509624059185,-1.4357598123591861,-0.10847833348537753,-0.41702107268800304,-0.16028913918181015,1.6417027215022768,0.0540296333885314,0.40683742795524463,-0.651135495119281,-0.4144556004615526,0.5805480072652209,1.3567254221388998,-1.2162121733666202,0.0,0.6882113771853678,-0.5664572772702333,-0.03608102336097565
3121,0.23325149520919772,0.06500356903901473,1.2440747087096502,-0.6323708256491528,-0.41702107268800304,-0.7054498047985186,-0.28552917639249187,0.0540296333885314,0.40683742795524463,-0.651135495119281,-0.4144556004615526,-0.46506424738382796,-0.33066562579936704,0.33424910604614566,0.0,-0.8930772127243898,1.1921382551160753,0.7244075191283986
3122,1.044613416796381,1.282854889103614,0.6256513576937649,-1.0252901947719841,4.253244872800714,0.6877385628886251,1.1689854635280883,-0.6238699258790168,-3.9304705684926433,-0.651135495119281,-0.4144556004615526,0.6552016324079969,0.8828379254297023,-0.24717387373364158,0.0,0.6882113771853678,-0.5664572772702333,-0.7965695658503499
3123,0.4820354751024635,0.7392981609483693,0.007228006677879595,1.2012528969240606,0.16676217049808661,0.6877385628886251,1.3871626595161752,-1.0758029653907155,-1.7618165702686994,-0.651135495119281,-0.4144556004615526,1.098690399892583,0.6010074428251224,-1.4100198332932161,0.0,0.6882113771853678,-0.5664572772702333,-0.03608102336097565
3124,0.22195776560120958,0.2435476866847485,0.4195102406884698,-0.7633439486900966,-0.41702107268800304,-0.16028913918181015,-0.21280344439646284,-0.171936886367318,0.40683742795524463,-0.651135495119281,-0.4144556004615526,0.302257767428134,-0.28422464031135714,-0.053366213807045836,0.0,0.6882113771853678,1.1921382551160753,1.1046517903730857
3125,0.5138513120822684,0.4430463301642495,0.6256513576937649,-1.287236440853872,1.9181119000563556,1.2934726357960789,1.2417111955241174,-0.6238699258790168,-1.7618165702686994,-0.651135495119281,-0.4144556004615526,-0.32492481913632376,0.21837469416307503,0.14044144611954992,0.0,0.6882113771853678,-0.5664572772702333,-1.176813837095037
3126,0.6981354992020178,0.5063090658831078,-1.0234775783485959,-0.8943170717310404,-0.41702107268800304,1.2328992285053335,-1.012786496352782,0.2799961531443808,0.40683742795524463,1.5357786628062884,2.412803684849147,-0.11941043064180773,0.22541610090588368,-0.44098153366023735,0.0,0.6882113771853678,-0.5664572772702333,-0.7965695658503499
3127,-0.6134041411545685,-0.30323740406319283,-1.6419009293644813,2.118064758210667,-0.41702107268800304,0.20315130456266212,-1.012786496352782,0.957895712411929,0.40683742795524463,1.5357786628062884,-0.4144556004615526,-0.38785544953855783,-0.21349060401059206,0.33424910604614566,0.0,-0.8930772127243898,-0.5664572772702333,-1.176813837095037
3128,0.7581016666475088,1.5738144014015256,1.2440747087096502,0.5463872817193415,-0.41702107268800304,-0.7660232120892639,-0.9764236303547674,-0.3979034061231674,0.40683742795524463,-0.651135495119281,-0.4144556004615526,0.9449100031561991,-0.14249300226330336,0.33424910604614566,0.0,0.6882113771853678,-0.5664572772702333,-0.7965695658503499
3129,0.16708075726115107,-0.828662898434648,0.007228006677879595,0.6773604047602854,2.501895143242445,-0.7054498047985186,-0.35825490838852087,-1.301769485146565,-1.7618165702686994,1.5357786628062884,2.412803684849147,1.1434021489927337,0.11699599657892984,-1.0224045134400246,0.0,-0.8930772127243898,1.1921382551160753,0.34416324788371144
3130,-0.5428683262120134,-0.9500996709862715,0.4195102406884698,-0.6323708256491528,-0.41702107268800304,-0.9477434339615001,-0.9764236303547674,-0.171936886367318,0.40683742795524463,-0.651135495119281,-0.4144556004615526,-0.11771215624675015,-0.3567012517855789,1.4970950656057203,0.0,-0.8930772127243898,-0.5664572772702333,-0.41632529460566275
3131,0.3238801671104284,0.17157284994251257,0.4195102406884698,0.15346791259651008,0.16676217049808661,0.9300321920516067,1.6053398555042624,-1.0758029653907155,-1.7618165702686994,-0.651135495119281,-0.4144556004615526,0.5422681269042937,0.3819565468887214,-0.053366213807045836,0.0,-0.8930772127243898,-0.5664572772702333,-0.03608102336097565
3132,0.20610131233886655,0.29277039224476514,0.4195102406884698,-1.5491826869357594,1.9181119000563556,1.0511790066330975,-0.030989114406390354,-0.171936886367318,-1.7618165702686994,-0.651135495119281,-0.4144556004615526,0.1952027877937398,-0.12388442658423897,-0.053366213807045836,0.0,0.6882113771853678,-0.5664572772702333,-0.7965695658503499
3133,0.11004586790340475,-1.3969850592722666,-1.229618695353891,0.9393066508421729,-0.41702107268800304,0.02143108269042598,-0.9036978983587384,0.7319291926560796,0.40683742795524463,1.5357786628062884,-0.4144556004615526,-0.4963659932858852,0.34003836246421143,-0.8285968535134288,0.0,-0.8930772127243898,2.950733787502384,-0.41632529460566275
3134,1.0696205016466842,0.46797208092756265,0.007228006677879595,-1.5491826869357594,-0.41702107268800304,0.6877385628886251,-0.9764236303547674,-0.171936886367318,0.40683742795524463,1.5357786628062884,-0.4144556004615526,1.3437824993459053,-0.15779137326066853,-1.2162121733666202,0.0,-0.8930772127243898,1.1921382551160753,0.34416324788371144
3135,-0.08991909354731044,-0.8651462299270893,-0.19891311032741552,1.594172266046892,-0.41702107268800304,0.6271651555978798,-1.0491493623507964,0.5059626729002302,0.40683742795524463,1.5357786628062884,2.412803684849147,-0.3537118527981753,-1.0685525502838402,-0.24717387373364158,0.0,-0.8930772127243898,1.1921382551160753,-1.176813837095037
3136,-0.05446459741041048,-0.28732148889469716,-0.4050542273327106,0.022494789555566278,-0.41702107268800304,-0.6448763975077731,1.3871626595161752,-0.8498364456348662,0.40683742795524463,-0.651135495119281,-0.4144556004615526,-0.5770930420866763,-0.12863585188360283,-0.053366213807045836,0.0,-0.8930772127243898,-0.5664572772702333,-1.176813837095037
3137,-1.2451788786489368,-1.8003907894530935,-1.6419009293644813,-1.0252901947719841,-0.41702107268800304,0.44544493372564364,0.29627667957574016,1.6357952716794772,0.40683742795524463,-0.651135495119281,-0.4144556004615526,0.5428610219274927,1.0261029220298155,-0.8285968535134288,0.0,-0.8930772127243898,-0.5664572772702333,-0.7965695658503499
3138,0.4202283308835776,0.42522843400619387,0.83179247469906,0.15346791259651008,-0.41702107268800304,-1.0083168412522454,-1.0855122283488108,0.5059626729002302,0.40683742795524463,-0.651135495119281,-0.4144556004615526,-0.034245557950250506,-0.19099467964057087,-1.0224045134400246,0.0,-0.8930772127243898,-0.5664572772702333,-0.41632529460566275
3139,1.137132900776744,0.21701663742118163,-1.6419009293644813,1.8561185121287795,-0.41702107268800304,0.6877385628886251,2.47804863945661,0.2799961531443808,0.40683742795524463,-0.651135495119281,-0.4144556004615526,0.15576799416889447,0.8794699104049334,0.7218644258993372,0.0,-0.8930772127243898,1.1921382551160753,0.34416324788371144
3140,0.3414840096253459,0.03388615678542111,1.2440747087096502,-1.4182095638948156,-0.41702107268800304,-0.9477434339615001,0.7689939375499286,-0.8498364456348662,0.40683742795524463,-0.651135495119281,-0.4144556004615526,-0.2250146403190073,0.3564690724973123,-0.24717387373364158,0.0,0.6882113771853678,1.1921382551160753,0.7244075191283986
3141,1.0621384746472557,1.110559203262421,0.6256513576937649,-1.0252901947719841,3.6694616296146245,0.6271651555978798,1.0962597315320592,-0.8498364456348662,-3.9304705684926433,-0.651135495119281,-0.4144556004615526,0.5205869042230845,0.8972381463581988,-0.44098153366023735,0.0,0.6882113771853678,-0.5664572772702333,-0.7965695658503499
3142,-1.061677409431791,-0.8945975357691104,-1.229618695353891,0.5463872817193415,-0.41702107268800304,0.38487152643489825,-0.7946093003646949,-0.3979034061231674,0.40683742795524463,1.5357786628062884,-0.4144556004615526,-0.15138815610052245,0.029095761445154595,-1.2162121733666202,0.0,0.6882113771853678,-0.5664572772702333,1.1046517903730857
3143,1.0718031166720068,1.3928148957939412,0.4195102406884698,-0.5013977026082089,0.7505454136841763,1.2328992285053335,-0.24916631039447737,-0.171936886367318,-1.7618165702686994,-0.651135495119281,-0.4144556004615526,0.5325582148235205,0.29177426577594007,-1.0224045134400246,0.0,-0.8930772127243898,-0.5664572772702333,-0.7965695658503499
3144,-0.8997423748318265,-0.4982176349126208,-2.6726065143909565,-0.8943170717310404,-0.41702107268800304,0.7483119701793706,-0.28552917639249187,2.087728311191176,0.40683742795524463,1.5357786628062884,2.412803684849147,-0.494515615895004,-1.3997352055989245,-1.0224045134400246,0.0,0.6882113771853678,2.950733787502384,1.4848960616177729
3145,0.4956185388272598,0.593406643382935,-1.229618695353891,0.4154141586783977,-0.41702107268800304,-0.46315617563553707,-0.5037063723805789,0.957895712411929,0.40683742795524463,1.5357786628062884,-0.4144556004615526,0.21418320696458948,-0.2405097810361199,0.7218644258993372,0.0,0.6882113771853678,-0.5664572772702333,-1.176813837095037
3146,-0.3282241704960782,-0.8266997815580776,0.4195102406884698,-0.37042457956726516,-0.41702107268800304,-1.8563445433226808,-0.8673350323607238,0.7319291926560796,0.40683742795524463,-0.651135495119281,-0.4144556004615526,-0.4055009672558656,-0.1215087835604172,0.5280567659727414,0.0,0.6882113771853678,1.1921382551160753,-0.7965695658503499
3147,0.34519193838015555,0.14568358986846455,1.8624980597255354,0.022494789555566278,-0.41702107268800304,-2.583225430811625,-0.8673350323607238,-0.171936886367318,0.40683742795524463,-0.651135495119281,-0.4144556004615526,0.03901828788939201,-0.3714453781052117,-1.0224045134400246,0.0,0.6882113771853678,-0.5664572772702333,-0.03608102336097565
3148,0.015403940642037272,0.1719982607608541,0.6256513576937649,0.4154141586783977,-0.41702107268800304,0.32429811914415285,0.07809948358765315,-0.8498364456348662,0.40683742795524463,-0.651135495119281,-0.4144556004615526,0.20752659176191002,-0.05805651265753639,-0.8285968535134288,0.0,-0.8930772127243898,-0.5664572772702333,-0.7965695658503499
3149,0.9818994648620921,1.0348324053000915,0.6256513576937649,-0.8943170717310404,2.501895143242445,0.44544493372564364,0.6235424735578706,-0.8498364456348662,-1.7618165702686994,-0.651135495119281,-0.4144556004615526,0.07755998726879557,1.0649305595079361,-0.6347891935868331,0.0,0.6882113771853678,-0.5664572772702333,-0.7965695658503499
3150,-0.6198476968519487,-1.8003907894530935,0.007228006677879595,-0.10847833348537753,-0.41702107268800304,-0.7660232120892639,-0.6855207023706513,-0.3979034061231674,0.40683742795524463,-0.651135495119281,-0.4144556004615526,0.11806948100450385,-0.055528138958452,0.915672085825933,0.0,0.6882113771853678,-0.5664572772702333,-1.176813837095037
3151,-0.5371472344665806,0.08887170717146275,0.83179247469906,0.15346791259651008,-0.41702107268800304,0.506018341016389,-0.39461777438653534,-0.6238699258790168,0.40683742795524463,-0.651135495119281,-0.4144556004615526,0.28799562784024185,0.3179608033293293,1.690902725532316,0.0,0.6882113771853678,1.1921382551160753,-0.41632529460566275
3152,0.29774106362896846,1.1470271227309081,0.6256513576937649,-1.4182095638948156,-0.41702107268800304,-0.28143595376330094,0.9144454015419866,-0.3979034061231674,0.40683742795524463,1.5357786628062884,2.412803684849147,0.028199506485972563,-0.5154174233344574,0.915672085825933,0.0,0.6882113771853678,-0.5664572772702333,-0.03608102336097565
3153,1.0371959781396296,1.2726544225364715,-0.4050542273327106,-0.5013977026082089,-0.41702107268800304,-1.1900370631244817,-0.9764236303547674,-0.3979034061231674,0.40683742795524463,1.5357786628062884,-0.4144556004615526,0.6214221207357636,1.171025541724293,-1.2162121733666202,0.0,0.6882113771853678,-0.5664572772702333,-0.41632529460566275
3154,0.06368253551814604,0.10128943953362259,0.6256513576937649,-0.23945145652632133,-0.41702107268800304,0.32429811914415285,0.5144538755638272,0.0540296333885314,0.40683742795524463,-0.651135495119281,-0.4144556004615526,-0.8019400547667942,-0.20305517614593277,-0.24717387373364158,0.0,0.6882113771853678,-0.5664572772702333,-0.03608102336097565
3155,0.3263053443423914,0.2967745297396537,1.4502158257149453,-0.37042457956726516,-0.41702107268800304,-2.4620786162301345,-0.9036978983587384,0.0540296333885314,0.40683742795524463,-0.651135495119281,-0.4144556004615526,0.07048068613930021,-0.31658593528912005,-0.8285968535134288,0.0,0.6882113771853678,-0.5664572772702333,-0.03608102336097565
3156,0.7541194634896554,0.3439519908748438,0.2133691236831747,-1.6801558099767033,2.501895143242445,1.475192857668315,0.9144454015419866,-0.6238699258790168,-1.7618165702686994,-0.651135495119281,-0.4144556004615526,-0.5358213060380408,0.45792768461606304,-1.4100198332932161,0.0,0.6882113771853678,-0.5664572772702333,-0.7965695658503499
3157,1.137132900776744,0.641592179851666,0.2133691236831747,0.15346791259651008,-0.41702107268800304,0.8694587847608612,0.005373751591624148,-0.3979034061231674,0.40683742795524463,-0.651135495119281,-0.4144556004615526,0.4452890944122031,0.8794699104049334,0.14044144611954992,0.0,0.6882113771853678,-0.5664572772702333,0.34416324788371144
3158,0.25147891319017596,0.04382703516551991,-1.6419009293644813,0.9393066508421729,-0.41702107268800304,0.5665917483071344,2.47804863945661,1.1838622321677783,0.40683742795524463,-0.651135495119281,-0.4144556004615526,0.2258115495849131,0.4240575237825499,0.7218644258993372,0.0,0.6882113771853678,-0.5664572772702333,-0.41632529460566275
3159,1.0718031166720068,1.2798930671191298,0.4195102406884698,-0.6323708256491528,-0.41702107268800304,1.1723258212145882,-0.17644057839844834,0.0540296333885314,0.40683742795524463,-0.651135495119281,-0.4144556004615526,0.5530318337077063,0.27151350289427006,-1.2162121733666202,0.0,0.6882113771853678,-0.5664572772702333,-0.7965695658503499
3160,-0.38509434469217013,-0.8031645843354788,0.2133691236831747,-0.6323708256491528,-0.41702107268800304,-1.1294636558337363,-0.9400607643567529,0.5059626729002302,0.40683742795524463,-0.651135495119281,-0.4144556004615526,-0.22765431858069338,-0.20752362737062222,0.915672085825933,0.0,-0.8930772127243898,-0.5664572772702333,-0.7965695658503499
3161,0.30486590107301353,0.05678428373432401,-1.6419009293644813,-0.8943170717310404,-0.41702107268800304,1.2934726357960789,-1.0855122283488108,0.7319291926560796,0.40683742795524463,1.5357786628062884,2.412803684849147,0.11502675864882038,0.3628792030777206,-0.8285968535134288,0.0,0.6882113771853678,-0.5664572772702333,-0.03608102336097565
3162,-0.532383836463084,-1.8003907894530935,-1.6419009293644813,2.118064758210667,-0.41702107268800304,0.6877385628886251,2.47804863945661,-0.171936886367318,0.40683742795524463,-0.651135495119281,-0.4144556004615526,0.3089502820996681,-0.4042299202373856,0.7218644258993372,0.0,0.6882113771853678,-0.5664572772702333,-0.41632529460566275
3163,1.0718031166720068,0.8262086287407919,0.6256513576937649,-0.8943170717310404,-0.41702107268800304,-0.09971573189106478,0.47809100956581263,-0.171936886367318,0.40683742795524463,-0.651135495119281,-0.4144556004615526,1.1539440534109828,0.35887023803380275,0.14044144611954992,0.0,-0.8930772127243898,-0.5664572772702333,-0.7965695658503499
3164,0.2993064491604626,1.1372068470752492,0.83179247469906,-0.10847833348537753,-0.41702107268800304,-1.7957711360319355,-1.1218750943468254,-0.171936886367318,0.40683742795524463,-0.651135495119281,-0.4144556004615526,-0.24931729403308606,0.5590609365325907,1.3032874056791244,0.0,0.6882113771853678,-0.5664572772702333,-0.7965695658503499
3165,-1.3883204055098797,-1.8003907894530935,1.037933591704355,-1.0252901947719841,-0.41702107268800304,-1.7957711360319355,-1.1218750943468254,0.0540296333885314,0.40683742795524463,-0.651135495119281,-0.4144556004615526,-0.32333265679448164,-0.2637995463899158,-0.24717387373364158,0.0,0.6882113771853678,-0.5664572772702333,-0.03608102336097565
3166,0.029460211377073237,0.34317343712289583,0.6256513576937649,-1.6801558099767033,0.7505454136841763,0.506018341016389,1.6417027215022768,-0.171936886367318,-1.7618165702686994,-0.651135495119281,-0.4144556004615526,-0.4134910622801605,0.057962592088939544,1.4970950656057203,0.0,0.6882113771853678,-0.5664572772702333,0.7244075191283986
3167,0.9070699544915771,-0.23107258218945576,1.8624980597255354,0.022494789555566278,-0.41702107268800304,-2.583225430811625,-0.9036978983587384,-0.171936886367318,0.40683742795524463,-0.651135495119281,-0.4144556004615526,-0.1736033491678267,0.3737678899936771,-1.0224045134400246,0.0,0.6882113771853678,-0.5664572772702333,-0.41632529460566275
3168,-0.5361012704225925,-0.8159205382871225,0.4195102406884698,-0.6323708256491528,-0.41702107268800304,-0.9477434339615001,-1.012786496352782,-0.171936886367318,0.40683742795524463,-0.651135495119281,-0.4144556004615526,-0.14779757253043924,-0.40420163369620316,1.4970950656057203,0.0,-0.8930772127243898,-0.5664572772702333,-0.41632529460566275
3169,0.04178839714265404,-1.6280604464105979,0.2133691236831747,-0.6323708256491528,3.085678386428535,-0.22086254647255554,-0.39461777438653534,-1.5277360049024145,-1.7618165702686994,1.5357786628062884,-0.4144556004615526,0.8736566805788001,-0.30979953875306065,-1.0224045134400246,0.0,-0.8930772127243898,-0.5664572772702333,0.34416324788371144
3170,0.02250434139432818,-0.5958541641852645,-1.229618695353891,1.463199143005948,-0.41702107268800304,0.08200448998117135,-1.0491493623507964,1.6357952716794772,0.40683742795524463,1.5357786628062884,-0.4144556004615526,-0.6570720040991346,0.2827163132203762,-0.053366213807045836,0.0,-0.8930772127243898,1.1921382551160753,-0.7965695658503499
3171,0.0036564484350116483,-0.11728560140255098,0.4195102406884698,0.4154141586783977,-0.41702107268800304,0.6271651555978798,-0.06735198040440485,-1.301769485146565,0.40683742795524463,-0.651135495119281,-0.4144556004615526,0.19703391169030426,-0.34621859414577355,-0.44098153366023735,0.0,0.6882113771853678,1.1921382551160753,-0.7965695658503499
3172,-0.06721480951821378,0.2543325275293472,-1.8480420463697762,0.2844410356374539,-0.41702107268800304,0.8694587847608612,2.5144115054546248,-1.9796690444141132,0.40683742795524463,-0.651135495119281,-0.4144556004615526,-0.6277562562155036,0.16409360001155515,1.690902725532316,0.0,-0.8930772127243898,-0.5664572772702333,-0.7965695658503499
3173,0.15156852994587253,-0.8589206519808309,0.6256513576937649,-0.8943170717310404,0.7505454136841763,0.5665917483071344,0.33263954557375464,-0.8498364456348662,-1.7618165702686994,-0.651135495119281,-0.4144556004615526,0.20422952166570718,0.35232234679371893,-0.24717387373364158,0.0,-0.8930772127243898,1.1921382551160753,-0.41632529460566275
3174,1.111556289709126,0.5704094920406982,0.6256513576937649,-0.23945145652632133,4.253244872800714,0.9300321920516067,1.2417111955241174,-1.0758029653907155,-3.9304705684926433,-0.651135495119281,-0.4144556004615526,0.5519326488333448,0.1958759657359839,0.33424910604614566,0.0,-0.8930772127243898,1.1921382551160753,-0.41632529460566275
3175,-0.46049181320763766,-1.5629958394595633,-1.6419009293644813,2.3800110042925544,-0.41702107268800304,0.8088853774701159,2.47804863945661,-0.6238699258790168,0.40683742795524463,-0.651135495119281,-0.4144556004615526,0.28570160319647664,-0.5329841708089301,0.7218644258993372,0.0,0.6882113771853678,-0.5664572772702333,-0.41632529460566275
3176,-0.008441740632033963,0.42821465431219896,-0.4050542273327106,-0.6323708256491528,-0.41702107268800304,1.0511790066330975,-0.10371484640241935,-0.6238699258790168,0.40683742795524463,-0.651135495119281,-0.4144556004615526,-0.020920642380979893,-0.005894913142711892,1.4970950656057203,0.0,-0.8930772127243898,2.950733787502384,0.34416324788371144
3177,-1.398229054037744,-0.2591193038003035,0.6256513576937649,0.15346791259651008,0.16676217049808661,0.6271651555978798,-0.32189204239050634,-0.6238699258790168,0.40683742795524463,-0.651135495119281,-0.4144556004615526,-0.5381981857640812,-1.1660307443944502,-1.2162121733666202,0.0,0.6882113771853678,-0.5664572772702333,-0.03608102336097565
3178,0.19692818084371788,-0.1450593509224072,0.4195102406884698,0.8083335278012291,0.16676217049808661,0.990605599342352,-0.10371484640241935,-0.8498364456348662,-1.7618165702686994,-0.651135495119281,-0.4144556004615526,-0.350259941983006,0.5950665333916455,0.14044144611954992,0.0,0.6882113771853678,-0.5664572772702333,-0.03608102336097565
3179,0.30486590107301353,-0.0723045444241193,1.037933591704355,-1.0252901947719841,-0.41702107268800304,0.14257789727191675,-0.06735198040440485,-0.6238699258790168,0.40683742795524463,-0.651135495119281,-0.4144556004615526,0.10787229526541975,-0.11788228715485702,0.14044144611954992,0.0,-0.8930772127243898,1.1921382551160753,0.34416324788371144
3180,-1.3810969145623733,-1.8003907894530935,-1.0234775783485959,0.2844410356374539,-0.41702107268800304,0.20315130456266212,0.11446234958566764,0.957895712411929,0.40683742795524463,-0.651135495119281,-0.4144556004615526,1.3763370096440202,-0.9660186067343953,0.7218644258993372,0.0,0.6882113771853678,1.1921382551160753,0.34416324788371144
3181,-0.23089204113129014,-1.8003907894530935,-1.229618695353891,-0.37042457956726516,-0.41702107268800304,-0.8265966193800093,-0.7582464343666804,0.0540296333885314,0.40683742795524463,-0.651135495119281,-0.4144556004615526,0.013448896194429648,-0.09594638617716807,1.690902725532316,0.0,0.6882113771853678,-0.5664572772702333,-0.03608102336097565
3182,0.37083974648073253,0.6020776909199005,0.83179247469906,0.2844410356374539,0.7505454136841763,0.38487152643489825,-0.24916631039447737,-1.0758029653907155,-1.7618165702686994,-0.651135495119281,-0.4144556004615526,-0.12604432211499134,0.017845283564640664,-1.2162121733666202,0.0,0.6882113771853678,-0.5664572772702333,-0.03608102336097565
3183,-1.2168456632335396,-0.17700252019957727,0.6256513576937649,-0.10847833348537753,-0.41702107268800304,1.0511790066330975,-0.32189204239050634,-0.6238699258790168,0.40683742795524463,-0.651135495119281,-0.4144556004615526,-0.43165227757879454,-0.5701810816873804,1.8847103854589116,0.0,0.6882113771853678,1.1921382551160753,-1.176813837095037
3184,0.046173063309286014,0.4144520124032309,0.2133691236831747,-0.8943170717310404,-0.41702107268800304,0.8088853774701159,0.07809948358765315,-0.6238699258790168,0.40683742795524463,-0.651135495119281,-0.4144556004615526,-0.20924074119178473,-0.3125425845593025,0.5280567659727414,0.0,0.6882113771853678,1.1921382551160753,0.34416324788371144
3185,-0.03291585185074295,-0.7900821386633801,-0.8173364613433008,0.9393066508421729,-0.41702107268800304,0.02143108269042598,-1.0491493623507964,2.3136948309470253,0.40683742795524463,1.5357786628062884,2.412803684849147,-0.453241936230367,0.07794138273661573,-0.24717387373364158,0.0,-0.8930772127243898,1.1921382551160753,-1.176813837095037
3186,-0.12128399883999569,-0.09724747416650124,0.4195102406884698,0.9393066508421729,-0.41702107268800304,0.9300321920516067,-0.06735198040440485,-1.301769485146565,0.40683742795524463,-0.651135495119281,-0.4144556004615526,0.027359032823650535,-0.9190586717052817,-0.053366213807045836,0.0,0.6882113771853678,1.1921382551160753,-0.7965695658503499
3187,0.30486590107301353,0.08751125084646913,-0.4050542273327106,-0.37042457956726516,0.16676217049808661,0.7483119701793706,1.8598799174903637,-0.3979034061231674,-3.9304705684926433,-0.651135495119281,-0.4144556004615526,0.4713108140783604,0.3628792030777206,-0.24717387373364158,0.0,-0.8930772127243898,-0.5664572772702333,-0.03608102336097565
3188,0.25913308878659164,0.01629153489425945,0.4195102406884698,0.8083335278012291,-0.41702107268800304,0.8694587847608612,-0.06735198040440485,-1.301769485146565,0.40683742795524463,-0.651135495119281,-0.4144556004615526,-0.02023107038965666,-0.07282666327796197,-0.053366213807045836,0.0,0.6882113771853678,-0.5664572772702333,-0.41632529460566275
3189,0.3581017314052142,0.4636381388663554,0.83179247469906,-1.0252901947719841,-0.41702107268800304,-2.2803583943578984,-1.012786496352782,0.0540296333885314,0.40683742795524463,-0.651135495119281,-0.4144556004615526,0.09603036129482385,-0.19823803148835145,-0.44098153366023735,0.0,0.6882113771853678,-0.5664572772702333,-0.03608102336097565
3190,0.847556282766936,1.6788992180355937,0.2133691236831747,-1.287236440853872,3.085678386428535,1.8992067087035327,0.8417196695459577,-0.3979034061231674,-1.7618165702686994,1.5357786628062884,2.412803684849147,-0.22839363970196014,0.7035995679727629,-1.6038274932198118,0.0,0.6882113771853678,-0.5664572772702333,-0.41632529460566275
3191,1.0785164274183872,0.7222865417792181,0.83179247469906,-0.8943170717310404,-0.41702107268800304,-0.0391423246003194,0.5144538755638272,0.0540296333885314,-1.7618165702686994,-0.651135495119281,-0.4144556004615526,1.1938402476818326,0.4476821298942616,-0.053366213807045836,0.0,0.6882113771853678,-0.5664572772702333,-0.7965695658503499
3192,0.4589103110838639,0.00012548281779947547,-0.4050542273327106,-0.6323708256491528,-0.41702107268800304,-0.8871700266707547,0.005373751591624148,0.5059626729002302,0.40683742795524463,-0.651135495119281,-0.4144556004615526,-0.9612051190420734,-0.5380465358984372,-0.8285968535134288,0.0,-0.8930772127243898,1.1921382551160753,0.7244075191283986
3193,1.0393658143766247,1.5697968828294757,-2.0541831633750713,0.9393066508421729,0.16676217049808661,1.2934726357960789,1.1689854635280883,2.765627870458724,-1.7618165702686994,-0.651135495119281,-0.4144556004615526,1.987623428738844,0.6324008388083623,-1.6038274932198118,0.0,0.6882113771853678,-0.5664572772702333,-0.7965695658503499
3194,0.3641596699134486,0.029322038010487904,-1.8480420463697762,2.5109841273334985,-0.41702107268800304,0.32429811914415285,-1.012786496352782,0.7319291926560796,0.40683742795524463,1.5357786628062884,-0.4144556004615526,-1.1242286247111686,0.5059808012452546,0.5280567659727414,0.0,-0.8930772127243898,1.1921382551160753,-0.41632529460566275
3195,1.0718031166720068,0.660327273869887,0.6256513576937649,0.15346791259651008,-0.41702107268800304,0.9300321920516067,0.29627667957574016,-0.171936886367318,0.40683742795524463,-0.651135495119281,-0.4144556004615526,0.4776345001249264,0.02613689901815077,-0.44098153366023735,0.0,0.6882113771853678,1.1921382551160753,-0.7965695658503499
3196,-1.290565488842952,-1.8003907894530935,0.4195102406884698,0.9393066508421729,-0.41702107268800304,0.02143108269042598,-0.7946093003646949,0.0540296333885314,0.40683742795524463,-0.651135495119281,-0.4144556004615526,1.194965432714643,-0.4807768318482488,0.915672085825933,0.0,0.6882113771853678,2.950733787502384,1.1046517903730857
3197,1.0718031166720068,-0.32131218029314246,0.6256513576937649,-0.23945145652632133,-0.41702107268800304,0.14257789727191675,-1.0491493623507964,0.0540296333885314,0.40683742795524463,-0.651135495119281,-0.4144556004615526,-0.40656610694986217,0.2883146687444802,-1.0224045134400246,0.0,0.6882113771853678,-0.5664572772702333,-0.7965695658503499
3198,0.20847573320181711,-0.4722082874334776,-0.8173364613433008,1.0702797738831167,-0.41702107268800304,0.14257789727191675,-1.0491493623507964,1.8617617914353266,0.40683742795524463,1.5357786628062884,2.412803684849147,-0.649318008466892,-0.5035350595983499,-0.24717387373364158,0.0,-0.8930772127243898,1.1921382551160753,-0.41632529460566275
3199,0.7627228382423649,0.1966432620068757,0.83179247469906,-1.156263317812928,-0.41702107268800304,-1.73519772874119,-0.9764236303547674,0.5059626729002302,0.40683742795524463,-0.651135495119281,-0.4144556004615526,0.07096572382283758,1.1766479167028476,-0.8285968535134288,0.0,0.6882113771853678,-0.5664572772702333,-0.7965695658503499
3200,-0.07229365100417319,0.9942296770609039,0.007228006677879595,-1.4182095638948156,5.420811359172895,1.5357662649590604,1.4235255255141899,-0.6238699258790168,-1.7618165702686994,-0.651135495119281,-0.4144556004615526,0.05601712953901803,0.14212990185727103,0.5280567659727414,0.0,-0.8930772127243898,1.1921382551160753,-1.176813837095037
3201,0.2757052295873648,-1.8003907894530935,1.037933591704355,-0.7633439486900966,0.16676217049808661,0.6271651555978798,-0.32189204239050634,-0.3979034061231674,0.40683742795524463,-0.651135495119281,-0.4144556004615526,0.17773239224249862,0.414040201174052,1.3032874056791244,0.0,0.6882113771853678,1.1921382551160753,-0.41632529460566275
3202,-0.8764348823308649,-0.02844375902423247,-1.8480420463697762,-1.156263317812928,0.16676217049808661,-0.16028913918181015,0.11446234958566764,1.4098287519236279,0.40683742795524463,-0.651135495119281,-0.4144556004615526,0.7933905939173258,1.3847093425582282,1.8847103854589116,0.0,0.6882113771853678,2.950733787502384,-1.176813837095037
3203,-0.5434086139178512,0.1087772344624066,-1.4357598123591861,-1.156263317812928,0.16676217049808661,-0.09971573189106478,0.07809948358765315,0.957895712411929,0.40683742795524463,-0.651135495119281,-0.4144556004615526,0.5981195559787854,1.2451975857625768,1.690902725532316,0.0,0.6882113771853678,1.1921382551160753,-0.7965695658503499
3204,0.4782814655591077,0.15183876341379865,0.83179247469906,-0.23945145652632133,-0.41702107268800304,-1.1900370631244817,-1.1218750943468254,0.5059626729002302,0.40683742795524463,-0.651135495119281,-0.4144556004615526,-0.23605382641154082,-0.23820988896212883,-1.0224045134400246,0.0,0.6882113771853678,-0.5664572772702333,-1.176813837095037
3205,0.23596909826109055,0.7092506570578234,1.2440747087096502,-0.10847833348537753,-0.41702107268800304,-1.432330692287463,-1.1218750943468254,0.0540296333885314,0.40683742795524463,-0.651135495119281,-0.4144556004615526,-0.5545421955586922,-0.04709547322264801,-0.24717387373364158,0.0,0.6882113771853678,-0.5664572772702333,-0.03608102336097565
3206,1.0446326369116294,1.282739542729253,0.4195102406884698,-1.4182095638948156,1.334328656870266,0.990605599342352,0.33263954557375464,-0.3979034061231674,-1.7618165702686994,-0.651135495119281,-0.4144556004615526,0.6551441955479258,0.8828338268672679,-0.24717387373364158,0.0,0.6882113771853678,-0.5664572772702333,-0.7965695658503499
3207,0.3265991927014038,0.16347099499991433,-1.4357598123591861,-0.37042457956726516,-0.41702107268800304,0.506018341016389,2.0416942474804363,0.7319291926560796,-6.099124566716587,-0.651135495119281,-0.4144556004615526,0.6866103275039667,0.2962042946511202,-1.0224045134400246,0.0,-0.8930772127243898,1.1921382551160753,-0.41632529460566275
3208,1.0718031166720068,1.6181059352659815,-2.0541831633750713,0.15346791259651008,-0.41702107268800304,0.506018341016389,1.5326141235082333,2.765627870458724,0.40683742795524463,-0.651135495119281,-0.4144556004615526,2.0253465209054773,5.966711146636862,-1.6038274932198118,0.0,0.6882113771853678,1.1921382551160753,-0.7965695658503499
3209,0.970780353846232,1.6222616987004606,0.4195102406884698,-0.5013977026082089,0.16676217049808661,0.8694587847608612,0.40536527756978363,-0.3979034061231674,-1.7618165702686994,-0.651135495119281,-0.4144556004615526,0.8758423127864758,0.7215522256077932,-0.6347891935868331,0.0,-0.8930772127243898,2.950733787502384,-0.41632529460566275
3210,-0.035379440511934854,-0.6751950211046375,0.007228006677879595,1.594172266046892,-0.41702107268800304,0.6877385628886251,-0.9764236303547674,0.2799961531443808,0.40683742795524463,-0.651135495119281,-0.4144556004615526,-0.23753377480463014,-0.959653339326245,-0.24717387373364158,0.0,0.6882113771853678,2.950733787502384,-0.41632529460566275
3211,0.21267858557672029,-1.8003907894530935,0.83179247469906,-0.6323708256491528,0.16676217049808661,0.506018341016389,-0.35825490838852087,-0.6238699258790168,0.40683742795524463,-0.651135495119281,-0.4144556004615526,0.21286007105626717,0.29826490569143826,1.4970950656057203,0.0,0.6882113771853678,1.1921382551160753,-0.41632529460566275
3212,1.1270407764590014,0.39759274054965493,-1.0234775783485959,0.2844410356374539,-0.41702107268800304,0.14257789727191675,0.07809948358765315,0.957895712411929,0.40683742795524463,-0.651135495119281,-0.4144556004615526,0.13140510795390475,0.7582550711223023,0.33424910604614566,0.0,0.6882113771853678,-0.5664572772702333,-0.03608102336097565
3213,0.37083974648073253,0.5853506890739003,1.037933591704355,0.4154141586783977,-0.41702107268800304,0.2637247118534075,-0.06735198040440485,-1.0758029653907155,-1.7618165702686994,-0.651135495119281,-0.4144556004615526,-0.12604432211499134,0.4421496579517362,-1.0224045134400246,0.0,0.6882113771853678,-0.5664572772702333,-0.03608102336097565
3214,0.20156177328666852,-0.003207991017211173,0.4195102406884698,0.8083335278012291,-0.41702107268800304,0.8088853774701159,-0.06735198040440485,-1.301769485146565,0.40683742795524463,-0.651135495119281,-0.4144556004615526,0.03430290479946524,-0.15111982314426722,-0.24717387373364158,0.0,0.6882113771853678,-0.5664572772702333,-0.41632529460566275
3215,0.47593726295524896,0.4339132479312647,0.83179247469906,0.4154141586783977,-0.41702107268800304,0.32429811914415285,0.04173661758963865,-0.8498364456348662,0.40683742795524463,-0.651135495119281,-0.4144556004615526,-0.2091398674594134,0.09686316042815403,-0.8285968535134288,0.0,0.6882113771853678,-0.5664572772702333,-0.7965695658503499
3216,0.5138513120822684,-0.015670341449195345,-0.4050542273327106,-0.7633439486900966,0.16676217049808661,-0.7054498047985186,-0.06735198040440485,0.0540296333885314,-1.7618165702686994,1.5357786628062884,-0.4144556004615526,-0.8986179823333892,-0.5057420642273021,-1.0224045134400246,0.0,-0.8930772127243898,1.1921382551160753,-0.03608102336097565
3217,1.0105765646774005,1.1272760181161627,-1.4357598123591861,-1.156263317812928,-0.41702107268800304,-0.28143595376330094,1.5689769895062478,2.9915943902145736,0.40683742795524463,-0.651135495119281,-0.4144556004615526,0.16043254754314384,0.9648794800674553,-0.8285968535134288,0.0,0.6882113771853678,-0.5664572772702333,-0.7965695658503499
3218,0.3928263442474623,0.5682496913552524,0.83179247469906,0.5463872817193415,0.7505454136841763,0.32429811914415285,-0.24916631039447737,-1.0758029653907155,-1.7618165702686994,-0.651135495119281,-0.4144556004615526,-0.08011895805944425,7.249680793859318e-05,-1.2162121733666202,0.0,0.6882113771853678,-0.5664572772702333,-0.41632529460566275
3219,0.0650477697281173,0.46692005671451076,0.2133691236831747,-1.287236440853872,0.7505454136841763,1.1117524139238428,-0.17644057839844834,-0.3979034061231674,-1.7618165702686994,-0.651135495119281,-0.4144556004615526,0.07248252597109452,0.1453704196912484,0.7218644258993372,0.0,-0.8930772127243898,1.1921382551160753,-0.03608102336097565
3220,1.0722552711347009,1.3818129897717806,0.4195102406884698,-0.6323708256491528,-0.41702107268800304,1.1723258212145882,-0.17644057839844834,-0.171936886367318,0.40683742795524463,-0.651135495119281,-0.4144556004615526,0.573698274920171,0.3158227782640172,-1.4100198332932161,0.0,0.6882113771853678,-0.5664572772702333,-0.7965695658503499
3221,0.4632422128845893,0.27876136813868396,-0.8173364613433008,-0.5013977026082089,-0.41702107268800304,-0.7660232120892639,0.11446234958566764,0.2799961531443808,0.40683742795524463,1.5357786628062884,-0.4144556004615526,-1.0374498016851692,-0.770238590829227,-0.8285968535134288,0.0,-0.8930772127243898,1.1921382551160753,0.34416324788371144
3222,0.30486590107301353,0.00856354119208629,0.6256513576937649,0.2844410356374539,4.253244872800714,1.1117524139238428,1.3507997935181608,-1.0758029653907155,-3.9304705684926433,-0.651135495119281,-0.4144556004615526,0.2718346573023064,0.3628792030777206,0.7218644258993372,0.0,-0.8930772127243898,-0.5664572772702333,-0.03608102336097565
3223,0.9739019035655636,0.3064405342360702,0.6256513576937649,0.15346791259651008,-0.41702107268800304,0.14257789727191675,0.7326310715519142,0.7319291926560796,0.40683742795524463,-0.651135495119281,-0.4144556004615526,0.6634324529371353,0.7051023915004175,-0.44098153366023735,0.0,0.6882113771853678,1.1921382551160753,-0.41632529460566275
3224,0.970780353846232,0.4786191633175801,0.6256513576937649,0.8083335278012291,-0.41702107268800304,-0.4025827683447917,-0.5037063723805789,-0.171936886367318,0.40683742795524463,-0.651135495119281,-0.4144556004615526,-0.05999487799290503,0.22081992897437736,-1.2162121733666202,0.0,0.6882113771853678,-0.5664572772702333,-0.41632529460566275
3225,-1.107006916065051,-0.09691628476726014,-1.6419009293644813,0.5463872817193415,-0.41702107268800304,-0.6448763975077731,-0.24916631039447737,1.4098287519236279,0.40683742795524463,-0.651135495119281,-0.4144556004615526,-0.20645319436851525,0.635550970941877,1.8847103854589116,0.0,-0.8930772127243898,1.1921382551160753,-0.41632529460566275
3226,-0.532383836463084,-1.8003907894530935,0.4195102406884698,0.2844410356374539,4.253244872800714,1.1117524139238428,1.2780740615221318,-1.0758029653907155,-3.9304705684926433,-0.651135495119281,-0.4144556004615526,0.2654716217777543,-0.08574998301415644,0.7218644258993372,0.0,0.6882113771853678,-0.5664572772702333,-0.41632529460566275
3227,0.09001744764308285,-0.9420474366753672,0.2133691236831747,-0.5013977026082089,-0.41702107268800304,0.506018341016389,-0.43098064038454986,-0.8498364456348662,0.40683742795524463,-0.651135495119281,-0.4144556004615526,-0.3749305096568906,0.018437166894702452,-0.8285968535134288,0.0,0.6882113771853678,1.1921382551160753,0.7244075191283986
3228,0.970780353846232,0.28669734895837184,-1.8480420463697762,0.5463872817193415,-0.41702107268800304,0.32429811914415285,-0.8673350323607238,1.1838622321677783,0.40683742795524463,-0.651135495119281,-0.4144556004615526,-0.3126141433894547,0.8985823376945709,-0.44098153366023735,0.0,0.6882113771853678,-0.5664572772702333,-0.41632529460566275
3229,-0.6710031167001278,-1.2006598921722453,-1.6419009293644813,1.594172266046892,-0.41702107268800304,0.6877385628886251,2.4053229074605813,0.2799961531443808,0.40683742795524463,-0.651135495119281,-0.4144556004615526,0.44599474759410285,-0.5257734093454385,0.915672085825933,0.0,0.6882113771853678,1.1921382551160753,-0.7965695658503499
3230,1.137132900776744,-1.8003907894530935,0.6256513576937649,0.2844410356374539,-0.41702107268800304,0.6271651555978798,0.9144454015419866,-0.8498364456348662,0.40683742795524463,-0.651135495119281,-0.4144556004615526,0.5377678517553318,1.6572767239437083,1.690902725532316,0.0,-0.8930772127243898,-0.5664572772702333,0.34416324788371144
3231,-1.2872295652691663,-1.5981797855302067,-1.8480420463697762,-1.156263317812928,0.16676217049808661,-0.16028913918181015,0.11446234958566764,1.4098287519236279,0.40683742795524463,-0.651135495119281,-0.4144556004615526,0.5886753547475368,1.043773858114977,1.8847103854589116,0.0,0.6882113771853678,-0.5664572772702333,-1.176813837095037
3232,0.32556067215574325,-0.11515699506000561,-1.4357598123591861,-1.287236440853872,-0.41702107268800304,1.0511790066330975,0.25991381357772564,-0.6238699258790168,0.40683742795524463,-0.651135495119281,-0.4144556004615526,-0.13641893711284947,-0.028356650797746956,-0.053366213807045836,0.0,0.6882113771853678,-0.5664572772702333,-0.03608102336097565
3233,1.137132900776744,1.1135818599030936,-1.0234775783485959,1.0702797738831167,-0.41702107268800304,-0.09971573189106478,-0.7218835683686659,-0.171936886367318,0.40683742795524463,-0.651135495119281,-0.4144556004615526,-0.23214592373528162,0.8351496168390065,-1.2162121733666202,0.0,-0.8930772127243898,-0.5664572772702333,0.7244075191283986
3234,0.5705723628471281,0.21209980427274056,-2.2603242803803667,0.6773604047602854,-0.41702107268800304,-0.46315617563553707,1.8598799174903637,3.669493949482122,0.40683742795524463,1.5357786628062884,-0.4144556004615526,-0.905984475241484,-0.4185486938947995,0.14044144611954992,0.0,0.6882113771853678,-0.5664572772702333,-0.41632529460566275
3235,0.30486590107301353,0.029482397584535212,-1.4357598123591861,0.9393066508421729,-0.41702107268800304,0.506018341016389,2.4053229074605813,1.4098287519236279,-1.7618165702686994,-0.651135495119281,-0.4144556004615526,0.39707649551535695,0.4551373537174379,0.33424910604614566,0.0,-0.8930772127243898,-0.5664572772702333,-0.03608102336097565
3236,0.795804269770703,1.2858842863061875,0.6256513576937649,-1.287236440853872,1.334328656870266,0.990605599342352,1.3871626595161752,-0.6238699258790168,-1.7618165702686994,-0.651135495119281,-0.4144556004615526,-0.30450362314127066,-0.054285390199845567,1.1094797457525287,0.0,0.6882113771853678,-0.5664572772702333,-0.41632529460566275
3237,-0.05297129751540769,-0.816491931490959,0.007228006677879595,-0.5013977026082089,-0.41702107268800304,-1.3717572849967177,-0.8309721663627093,0.957895712411929,0.40683742795524463,1.5357786628062884,-0.4144556004615526,-0.36087187755628575,0.06709561839855578,-0.24717387373364158,0.0,0.6882113771853678,-0.5664572772702333,-1.176813837095037
3238,1.096219206528411,0.29099424310896815,-0.4050542273327106,2.641957250374442,-0.41702107268800304,-0.5237295829262825,-1.1218750943468254,0.7319291926560796,0.40683742795524463,1.5357786628062884,-0.4144556004615526,-0.6210129084055321,0.6697837427790544,-0.24717387373364158,0.0,-0.8930772127243898,-0.5664572772702333,0.34416324788371144
3239,0.47113679512493584,0.23283256516931725,-0.8173364613433008,-0.5013977026082089,-0.41702107268800304,-0.7660232120892639,0.11446234958566764,0.2799961531443808,0.40683742795524463,1.5357786628062884,-0.4144556004615526,-1.0443992797560613,-0.7418947791314123,-0.8285968535134288,0.0,-0.8930772127243898,1.1921382551160753,0.34416324788371144
3240,0.970780353846232,1.594385924137376,0.6256513576937649,-0.8943170717310404,0.7505454136841763,0.6877385628886251,0.8780825355439722,-0.8498364456348662,-1.7618165702686994,-0.651135495119281,-0.4144556004615526,-0.2771999378323368,0.7739957363010396,-1.6038274932198118,0.0,0.6882113771853678,-0.5664572772702333,-0.41632529460566275
3241,-0.5685330469063826,0.4722760665672516,1.6563569427202405,-0.6323708256491528,-0.41702107268800304,-0.6448763975077731,-0.35825490838852087,0.0540296333885314,0.40683742795524463,-0.651135495119281,-0.4144556004615526,0.05094013310726657,0.31647849858582616,0.915672085825933,0.0,0.6882113771853678,-0.5664572772702333,-0.41632529460566275
3242,0.5811099373613697,0.514103989488885,1.037933591704355,1.0702797738831167,0.7505454136841763,0.38487152643489825,-0.06735198040440485,-0.6238699258790168,-1.7618165702686994,-0.651135495119281,-0.4144556004615526,2.690391684432052,1.6649281095526958,0.915672085825933,0.0,0.6882113771853678,-0.5664572772702333,-0.03608102336097565
3243,-1.3692068838576825,-1.8003907894530935,-1.0234775783485959,0.022494789555566278,-0.41702107268800304,0.20315130456266212,0.15082521558368214,1.1838622321677783,0.40683742795524463,-0.651135495119281,-0.4144556004615526,1.254020934855569,-0.5880617333297603,0.33424910604614566,0.0,-0.8930772127243898,1.1921382551160753,0.34416324788371144
3244,0.30777678181217427,0.008225996375560866,0.4195102406884698,0.4154141586783977,4.253244872800714,1.1723258212145882,1.3144369275201464,-1.0758029653907155,-3.9304705684926433,-0.651135495119281,-0.4144556004615526,0.2626905347206296,0.34962727160938645,0.5280567659727414,0.0,-0.8930772127243898,-0.5664572772702333,-0.03608102336097565
3245,0.32693459574914835,0.19033155230251214,1.037933591704355,-1.0252901947719841,-0.41702107268800304,0.08200448998117135,-0.24916631039447737,-0.3979034061231674,0.40683742795524463,-0.651135495119281,-0.4144556004615526,0.020691710482961475,-0.22776510332199934,-0.053366213807045836,0.0,0.6882113771853678,-0.5664572772702333,-0.03608102336097565
3246,0.37083974648073253,0.5776948600140751,0.83179247469906,0.4154141586783977,-0.41702107268800304,0.32429811914415285,-0.030989114406390354,-1.301769485146565,0.40683742795524463,-0.651135495119281,-0.4144556004615526,-0.17860157638889934,0.5585526462413276,-0.8285968535134288,0.0,0.6882113771853678,-0.5664572772702333,0.34416324788371144
3247,0.2817183419673071,1.6545341771083246,0.4195102406884698,-0.23945145652632133,-0.41702107268800304,-1.8563445433226808,-1.1218750943468254,0.2799961531443808,0.40683742795524463,-0.651135495119281,-0.4144556004615526,-0.03377004451418663,0.6156032908563351,1.3032874056791244,0.0,0.6882113771853678,-0.5664572772702333,-1.176813837095037
3248,-0.6148380033715971,-1.265416696932401,-1.6419009293644813,0.6773604047602854,-0.41702107268800304,0.5665917483071344,2.3689600414625667,1.6357952716794772,0.40683742795524463,-0.651135495119281,-0.4144556004615526,-0.004465205561078408,-0.35810252681707244,0.7218644258993372,0.0,0.6882113771853678,1.1921382551160753,-0.7965695658503499
3249,1.0652399419329215,0.3596230112570241,0.6256513576937649,-0.7633439486900966,-0.41702107268800304,-1.7957711360319355,-0.9036978983587384,-0.3979034061231674,0.40683742795524463,1.5357786628062884,2.412803684849147,1.3975335917403482,1.2647941331802475,-0.6347891935868331,0.0,-0.8930772127243898,1.1921382551160753,-0.03608102336097565
3250,0.34024794017376764,0.8663280950935258,-0.4050542273327106,0.4154141586783977,-0.41702107268800304,0.14257789727191675,0.07809948358765315,-1.0758029653907155,0.40683742795524463,-0.651135495119281,-0.4144556004615526,-0.7692111766582794,-0.7017104576043074,-0.24717387373364158,0.0,0.6882113771853678,-0.5664572772702333,-0.03608102336097565
3251,-0.532383836463084,0.33415579735661577,0.4195102406884698,-0.23945145652632133,-0.41702107268800304,-0.6448763975077731,-0.32189204239050634,0.5059626729002302,0.40683742795524463,-0.651135495119281,-0.4144556004615526,-0.3225414543005638,0.01273634841340186,1.1094797457525287,0.0,-0.8930772127243898,-0.5664572772702333,-0.41632529460566275
3252,0.970780353846232,1.594385924137376,0.2133691236831747,-0.8943170717310404,-0.41702107268800304,-1.6140509141596993,-1.0491493623507964,-0.3979034061231674,0.40683742795524463,-0.651135495119281,-0.4144556004615526,0.3958633471645417,0.8742661567525052,-1.7976351531464076,0.0,0.6882113771853678,-0.5664572772702333,-0.41632529460566275
3253,0.32766930986156345,0.00143396870630276,0.2133691236831747,-0.37042457956726516,-0.41702107268800304,-1.3111838777059723,-0.9400607643567529,0.957895712411929,0.40683742795524463,-0.651135495119281,-0.4144556004615526,-0.7296549920777258,-0.26219248386955496,-0.6347891935868331,0.0,-0.8930772127243898,1.1921382551160753,-0.03608102336097565
3254,-1.4504133470522353,-1.8003907894530935,-0.4050542273327106,0.2844410356374539,-0.41702107268800304,-0.22086254647255554,-0.39461777438653534,0.5059626729002302,0.40683742795524463,-0.651135495119281,-0.4144556004615526,1.3289559785705152,-0.40787748243993144,1.3032874056791244,0.0,0.6882113771853678,2.950733787502384,1.1046517903730857
3255,0.7938826859592658,-1.8003907894530935,0.6256513576937649,-0.5013977026082089,-0.41702107268800304,0.9300321920516067,-0.28552917639249187,-0.3979034061231674,0.40683742795524463,-0.651135495119281,-0.4144556004615526,0.42808955602139853,1.1792039038936324,1.690902725532316,0.0,0.6882113771853678,-0.5664572772702333,-0.03608102336097565
3256,0.4688803345374467,0.02735272843882179,-0.6111953443380057,-0.23945145652632133,-0.41702107268800304,0.506018341016389,2.0416942474804363,1.4098287519236279,-1.7618165702686994,-0.651135495119281,-0.4144556004615526,0.49569793805206563,-0.14029571947274233,-1.0224045134400246,0.0,-0.8930772127243898,1.1921382551160753,-1.176813837095037
3257,0.7678179769040825,0.34380705191225175,0.2133691236831747,0.15346791259651008,-0.41702107268800304,-0.8265966193800093,-1.0855122283488108,-1.7537025246582638,0.40683742795524463,-0.651135495119281,-0.4144556004615526,1.9716998731952284,0.035372585085792864,-1.0224045134400246,0.0,0.6882113771853678,-0.5664572772702333,-0.7965695658503499
3258,0.30486590107301353,0.053498158757180496,0.007228006677879595,-0.37042457956726516,0.16676217049808661,0.8088853774701159,1.787154185494335,-0.6238699258790168,-1.7618165702686994,-0.651135495119281,-0.4144556004615526,0.38537037426390824,0.3628792030777206,0.14044144611954992,0.0,-0.8930772127243898,-0.5664572772702333,-0.03608102336097565
3259,0.6940361832565577,0.1220610974225292,0.4195102406884698,-1.287236440853872,1.334328656870266,0.9300321920516067,0.18718808158169664,0.0540296333885314,-1.7618165702686994,-0.651135495119281,-0.4144556004615526,0.2446851084546375,-0.4341186740212128,-0.44098153366023735,0.0,0.6882113771853678,-0.5664572772702333,-1.176813837095037
3260,0.13977985319354946,-1.61942973795308,0.83179247469906,-0.37042457956726516,-0.41702107268800304,-1.9169179506134262,-1.1218750943468254,0.0540296333885314,0.40683742795524463,1.5357786628062884,-0.4144556004615526,0.51198396721011,0.2381082717636095,1.1094797457525287,0.0,0.6882113771853678,1.1921382551160753,0.7244075191283986
3261,0.10305723558419547,-1.2004718358883346,0.2133691236831747,0.15346791259651008,3.085678386428535,-0.5237295829262825,-0.32189204239050634,-1.301769485146565,-1.7618165702686994,1.5357786628062884,-0.4144556004615526,1.0704446776285348,-0.08107520663845075,-1.0224045134400246,0.0,-0.8930772127243898,1.1921382551160753,0.34416324788371144
3262,0.29220196801086235,0.5887815752938996,1.037933591704355,-1.0252901947719841,-0.41702107268800304,0.02143108269042598,-0.6127949703746224,-0.6238699258790168,0.40683742795524463,-0.651135495119281,-0.4144556004615526,-0.022674638156040375,-0.005897859220289835,-0.053366213807045836,0.0,-0.8930772127243898,-0.5664572772702333,-1.176813837095037
3263,1.0382804426698964,1.6538927806826964,0.6256513576937649,-1.4182095638948156,3.6694616296146245,1.1723258212145882,0.9871711335380157,-0.6238699258790168,-3.9304705684926433,-0.651135495119281,-0.4144556004615526,0.46997775981730844,2.0569271992990656,-1.2162121733666202,0.0,0.6882113771853678,-0.5664572772702333,-0.7965695658503499
3264,0.21074316618404682,0.065107324347645,-0.8173364613433008,0.8083335278012291,0.16676217049808661,0.38487152643489825,0.07809948358765315,0.2799961531443808,0.40683742795524463,-0.651135495119281,-0.4144556004615526,0.009277428145119882,0.29470968304573153,0.14044144611954992,0.0,-0.8930772127243898,-0.5664572772702333,-0.41632529460566275
3265,0.6571836753668643,0.06566451968978348,-0.19891311032741552,-0.10847833348537753,-0.41702107268800304,0.506018341016389,2.0053313814824216,1.1838622321677783,0.40683742795524463,-0.651135495119281,-0.4144556004615526,0.4589070615978304,-0.05784088675707621,-1.0224045134400246,0.0,0.6882113771853678,1.1921382551160753,-0.7965695658503499
3266,-1.0592656427405325,-1.8003907894530935,-0.8173364613433008,-0.8943170717310404,-0.41702107268800304,0.6877385628886251,-0.06735198040440485,-0.171936886367318,0.40683742795524463,-0.651135495119281,-0.4144556004615526,0.4826988042530617,1.1291700338984318,1.4970950656057203,0.0,0.6882113771853678,1.1921382551160753,0.7244075191283986
3267,0.23016883765772808,0.7434936704392465,0.6256513576937649,0.2844410356374539,0.16676217049808661,0.7483119701793706,1.6780655875002912,-0.171936886367318,-1.7618165702686994,-0.651135495119281,-0.4144556004615526,0.22854452988983506,-0.36213980967260706,-0.6347891935868331,0.0,0.6882113771853678,-0.5664572772702333,-0.03608102336097565
3268,0.3097657105824677,-1.8003907894530935,0.83179247469906,-0.7633439486900966,0.16676217049808661,0.6271651555978798,-0.28552917639249187,-0.171936886367318,0.40683742795524463,-0.651135495119281,-0.4144556004615526,0.27381924721203627,0.45979446591677847,1.4970950656057203,0.0,0.6882113771853678,1.1921382551160753,-0.41632529460566275
3269,0.017095316722317847,-1.8003907894530935,-0.4050542273327106,-0.8943170717310404,1.334328656870266,-0.3420093610540463,-0.5764321043766079,-0.8498364456348662,-1.7618165702686994,-0.651135495119281,-0.4144556004615526,0.5248437594897155,-0.2711802519702302,-0.053366213807045836,0.0,0.6882113771853678,-0.5664572772702333,0.34416324788371144
3270,0.18089616802412078,-1.8003907894530935,-0.4050542273327106,0.2844410356374539,-0.41702107268800304,0.20315130456266212,-0.6491578363726369,-0.6238699258790168,0.40683742795524463,-0.651135495119281,-0.4144556004615526,-0.6232793073111569,0.2398829492813433,-1.2162121733666202,0.0,0.6882113771853678,1.1921382551160753,0.34416324788371144
3271,1.0758971255284377,0.8289873527749442,0.4195102406884698,1.0702797738831167,-0.41702107268800304,0.6877385628886251,0.5871796075598562,-0.3979034061231674,0.40683742795524463,-0.651135495119281,-0.4144556004615526,0.5376098625739799,0.08101211649628108,-1.2162121733666202,0.0,0.6882113771853678,-0.5664572772702333,-0.7965695658503499
3272,0.31360409245826354,1.1493203845034847,-1.229618695353891,0.15346791259651008,-0.41702107268800304,-0.22086254647255554,0.29627667957574016,-0.3979034061231674,0.40683742795524463,1.5357786628062884,-0.4144556004615526,-0.9057256895266225,-1.3074823079828413,0.33424910604614566,0.0,-0.8930772127243898,1.1921382551160753,-0.03608102336097565
3273,1.0208606038246568,1.1258278572801397,-0.8173364613433008,-0.7633439486900966,-0.41702107268800304,0.02143108269042598,1.6417027215022768,2.087728311191176,0.40683742795524463,-0.651135495119281,-0.4144556004615526,0.5436217773916099,1.1530691838026268,-1.2162121733666202,0.0,0.6882113771853678,-0.5664572772702333,-0.03608102336097565
3274,0.08119789035092168,-0.3077520929134504,0.4195102406884698,-0.6323708256491528,-0.41702107268800304,-1.3111838777059723,-1.0855122283488108,0.5059626729002302,0.40683742795524463,-0.651135495119281,-0.4144556004615526,0.26008330395839596,-0.087606903843025,-0.053366213807045836,0.0,0.6882113771853678,-0.5664572772702333,0.34416324788371144
3275,-0.5276775200628716,0.1861265774077028,0.2133691236831747,-0.37042457956726516,-0.41702107268800304,-1.6746243214504446,-1.0491493623507964,0.957895712411929,0.40683742795524463,-0.651135495119281,-0.4144556004615526,0.27696332900097836,0.5601093835620291,1.4970950656057203,0.0,-0.8930772127243898,1.1921382551160753,-1.176813837095037
3276,-0.5477294962628683,-0.7646084488344,1.037933591704355,-0.10847833348537753,-0.41702107268800304,-2.340931801648644,-0.9764236303547674,0.0540296333885314,0.40683742795524463,-0.651135495119281,-0.4144556004615526,-0.47213593207666416,-0.4275491329181093,1.4970950656057203,0.0,0.6882113771853678,-0.5664572772702333,0.34416324788371144
3277,0.33413720594392904,0.3378751960018713,1.2440747087096502,-0.5013977026082089,-0.41702107268800304,-2.401505208939389,-0.9400607643567529,0.0540296333885314,0.40683742795524463,-0.651135495119281,-0.4144556004615526,0.07677390176115521,-0.2874353150765665,-0.8285968535134288,0.0,0.6882113771853678,-0.5664572772702333,-0.03608102336097565
3278,1.137132900776744,-1.8003907894530935,0.6256513576937649,-0.10847833348537753,-0.41702107268800304,1.0511790066330975,-0.28552917639249187,-0.6238699258790168,0.40683742795524463,-0.651135495119281,-0.4144556004615526,0.5377678517553318,1.678687911566631,1.8847103854589116,0.0,-0.8930772127243898,-0.5664572772702333,0.34416324788371144
3279,0.03283517023152886,-0.09211480551424422,0.4195102406884698,0.4154141586783977,-0.41702107268800304,0.5665917483071344,-0.14007771240043385,-1.301769485146565,0.40683742795524463,-0.651135495119281,-0.4144556004615526,0.16421473287476432,-0.34322306852132217,-0.44098153366023735,0.0,0.6882113771853678,1.1921382551160753,-0.41632529460566275
3280,-0.05530809704015112,-1.8003907894530935,0.6256513576937649,-0.8943170717310404,2.501895143242445,0.8088853774701159,1.0235339995360302,-0.8498364456348662,-1.7618165702686994,-0.651135495119281,-0.4144556004615526,0.14436768298929334,0.04397324504142419,0.14044144611954992,0.0,-0.8930772127243898,1.1921382551160753,-0.7965695658503499
3281,0.11196813586434616,-0.15963553643683703,-0.4050542273327106,-0.23945145652632133,-0.41702107268800304,0.6271651555978798,-0.5400692383785933,-0.6238699258790168,0.40683742795524463,1.5357786628062884,2.412803684849147,-0.09320657153673792,0.04235112807895744,-0.6347891935868331,0.0,0.6882113771853678,2.950733787502384,0.7244075191283986
3282,1.0217216859602136,0.23718478932308606,-1.6419009293644813,0.4154141586783977,-0.41702107268800304,-0.09971573189106478,-0.8309721663627093,1.1838622321677783,0.40683742795524463,-0.651135495119281,-0.4144556004615526,-0.11578127114045263,0.49327263709063235,-0.6347891935868331,0.0,0.6882113771853678,-0.5664572772702333,-0.7965695658503499
3283,0.16268490055370574,0.18286834561935258,-1.229618695353891,-0.6323708256491528,-0.41702107268800304,1.1723258212145882,-1.012786496352782,0.2799961531443808,0.40683742795524463,1.5357786628062884,2.412803684849147,-0.014561023612779372,0.15344645933675322,-1.0224045134400246,0.0,0.6882113771853678,-0.5664572772702333,-0.41632529460566275
3284,1.137132900776744,0.2531142703801155,-1.0234775783485959,-0.5013977026082089,0.16676217049808661,0.7483119701793706,0.5871796075598562,0.2799961531443808,-1.7618165702686994,-0.651135495119281,-0.4144556004615526,0.17932185560393948,-0.1695391509371983,0.14044144611954992,0.0,0.6882113771853678,1.1921382551160753,0.34416324788371144
3285,-1.4374361159971012,-1.8003907894530935,-0.6111953443380057,0.2844410356374539,-0.41702107268800304,-0.09971573189106478,-0.32189204239050634,0.5059626729002302,0.40683742795524463,-0.651135495119281,-0.4144556004615526,1.346114645907412,-0.5176355135605684,1.1094797457525287,0.0,0.6882113771853678,2.950733787502384,1.1046517903730857
3286,0.0967896882323629,0.41301590580761066,-0.4050542273327106,-0.6323708256491528,-0.41702107268800304,1.0511790066330975,-0.10371484640241935,-0.6238699258790168,0.40683742795524463,-0.651135495119281,-0.4144556004615526,-0.11444989657348746,0.05226690403680064,1.4970950656057203,0.0,-0.8930772127243898,2.950733787502384,0.7244075191283986
3287,0.970780353846232,0.7501743133167911,0.83179247469906,-0.5013977026082089,1.334328656870266,0.2637247118534075,0.6962682055538997,-0.3979034061231674,-1.7618165702686994,-0.651135495119281,-0.4144556004615526,0.2688475216192592,0.9476058098773559,-0.6347891935868331,0.0,0.6882113771853678,-0.5664572772702333,-0.41632529460566275
3288,0.018889191932758072,0.5015540413130977,0.6256513576937649,-1.5491826869357594,1.334328656870266,1.1117524139238428,-0.17644057839844834,-0.3979034061231674,-1.7618165702686994,-0.651135495119281,-0.4144556004615526,0.2008480682682586,0.17546870576173637,0.33424910604614566,0.0,0.6882113771853678,1.1921382551160753,-0.41632529460566275
3289,-1.4005840873648212,-1.8003907894530935,1.4502158257149453,-1.287236440853872,-0.41702107268800304,-1.3111838777059723,0.6235424735578706,-0.8498364456348662,0.40683742795524463,-0.651135495119281,-0.4144556004615526,-0.6710149970454902,2.243496701854081,-1.2162121733666202,0.0,-0.8930772127243898,-0.5664572772702333,-0.41632529460566275
3290,1.0718031166720068,0.9588193683685373,-0.6111953443380057,1.463199143005948,-0.41702107268800304,0.8694587847608612,-0.9764236303547674,0.0540296333885314,0.40683742795524463,-0.651135495119281,-0.4144556004615526,0.4607584381070265,0.7187218642867895,0.14044144611954992,0.0,0.6882113771853678,-0.5664572772702333,-0.7965695658503499
3291,-1.247184537508206,1.0242139623339723,-0.6111953443380057,-1.287236440853872,-0.41702107268800304,0.8088853774701159,-0.5764321043766079,0.5059626729002302,0.40683742795524463,1.5357786628062884,2.412803684849147,-0.5325197787420574,-1.1676354865056455,-1.4100198332932161,0.0,0.6882113771853678,-0.5664572772702333,1.1046517903730857
3292,1.137132900776744,0.30559617034539954,-0.19891311032741552,2.641957250374442,-0.41702107268800304,-0.5237295829262825,-1.1218750943468254,0.7319291926560796,0.40683742795524463,-0.651135495119281,-0.4144556004615526,-0.5435736407424128,0.6802365076442346,-0.24717387373364158,0.0,-0.8930772127243898,-0.5664572772702333,0.34416324788371144
3293,0.20375196828350026,0.4697252095320984,0.007228006677879595,-0.7633439486900966,-0.41702107268800304,-0.16028913918181015,-0.32189204239050634,0.0540296333885314,0.40683742795524463,-0.651135495119281,-0.4144556004615526,0.3855054111806475,-0.19709216288803316,-0.24717387373364158,0.0,0.6882113771853678,1.1921382551160753,0.7244075191283986
3294,1.0284401141227257,0.35425916804216284,-0.19891311032741552,0.022494789555566278,-0.41702107268800304,-0.16028913918181015,-0.7946093003646949,-1.5277360049024145,0.40683742795524463,-0.651135495119281,-0.4144556004615526,1.1080584747201663,0.2486926332671425,-1.0224045134400246,0.0,0.6882113771853678,-0.5664572772702333,-0.7965695658503499
3295,1.1061000412338182,0.2399584367587302,-0.19891311032741552,0.5463872817193415,-0.41702107268800304,-0.4025827683447917,-0.8309721663627093,0.5059626729002302,0.40683742795524463,-0.651135495119281,-0.4144556004615526,0.16189033144665113,0.402145517019228,-0.44098153366023735,0.0,0.6882113771853678,-0.5664572772702333,-0.41632529460566275
3296,0.04747736992665407,-0.5423973812612439,-1.4357598123591861,1.594172266046892,-0.41702107268800304,0.14257789727191675,-1.0491493623507964,1.6357952716794772,0.40683742795524463,1.5357786628062884,-0.4144556004615526,-0.705094248215586,0.2990686117052473,0.14044144611954992,0.0,-0.8930772127243898,1.1921382551160753,-0.7965695658503499
3297,-0.5442126171278298,0.4477275030163837,1.4502158257149453,-0.7633439486900966,0.16676217049808661,-0.5237295829262825,-0.28552917639249187,0.0540296333885314,0.40683742795524463,-0.651135495119281,-0.4144556004615526,0.01655087576766986,0.3787770037404562,0.915672085825933,0.0,0.6882113771853678,-0.5664572772702333,-0.7965695658503499
3298,-0.6132063628877827,-0.6378971174927944,0.6256513576937649,0.8083335278012291,0.16676217049808661,0.44544493372564364,-0.10371484640241935,-0.8498364456348662,0.40683742795524463,-0.651135495119281,-0.4144556004615526,-0.11546992668700438,0.8070864169522631,0.7218644258993372,0.0,0.6882113771853678,1.1921382551160753,-1.176813837095037
3299,0.970780353846232,0.2784745707431354,0.4195102406884698,0.5463872817193415,0.16676217049808661,0.8088853774701159,-0.10371484640241935,-0.8498364456348662,-1.7618165702686994,-0.651135495119281,-0.4144556004615526,1.0750345350002626,1.080973045837539,-0.24717387373364158,0.0,0.6882113771853678,-0.5664572772702333,-0.41632529460566275
3300,1.0921123475700032,0.03694700142282813,0.83179247469906,0.15346791259651008,0.7505454136841763,0.44544493372564364,0.6235424735578706,0.2799961531443808,-1.7618165702686994,-0.651135495119281,-0.4144556004615526,1.3078324571695639,1.067151575564913,-0.44098153366023735,0.0,0.6882113771853678,-0.5664572772702333,-0.03608102336097565
3301,1.0572459218085593,0.2926823858270698,0.4195102406884698,0.15346791259651008,-0.41702107268800304,0.6271651555978798,1.8235170514923493,0.0540296333885314,0.40683742795524463,-0.651135495119281,-0.4144556004615526,0.5246415668251987,0.5573844012926189,-1.0224045134400246,0.0,0.6882113771853678,1.1921382551160753,0.34416324788371144
3302,-0.5418154871441304,0.45951967771198693,1.4502158257149453,-0.5013977026082089,-0.41702107268800304,-0.5843029902170278,-0.4673435063825644,-0.171936886367318,0.40683742795524463,-0.651135495119281,-0.4144556004615526,0.09519023502064056,0.3475779094732517,0.915672085825933,0.0,0.6882113771853678,-0.5664572772702333,-0.7965695658503499
3303,-1.1856838245004098,-0.07131218665204535,-0.19891311032741552,-1.4182095638948156,1.334328656870266,0.506018341016389,0.6599053395558852,-0.6238699258790168,-1.7618165702686994,-0.651135495119281,-0.4144556004615526,0.02739006038617951,-0.16001357956591383,0.915672085825933,0.0,-0.8930772127243898,1.1921382551160753,0.7244075191283986
3304,0.05204175059776787,-1.8003907894530935,0.2133691236831747,-0.23945145652632133,0.16676217049808661,0.20315130456266212,-0.43098064038454986,-1.5277360049024145,0.40683742795524463,-0.651135495119281,-0.4144556004615526,0.10664614547857555,-0.04725883002438415,0.915672085825933,0.0,0.6882113771853678,1.1921382551160753,-0.03608102336097565
3305,0.9876218492137881,0.17956947007000656,-1.0234775783485959,0.4154141586783977,-0.41702107268800304,0.20315130456266212,0.07809948358765315,0.7319291926560796,0.40683742795524463,-0.651135495119281,-0.4144556004615526,0.13032026861199927,0.8054814236014005,0.7218644258993372,0.0,-0.8930772127243898,-0.5664572772702333,-0.03608102336097565
3306,1.0348511350493668,1.462189991033909,0.007228006677879595,-0.8943170717310404,0.16676217049808661,1.2934726357960789,-0.24916631039447737,-0.171936886367318,0.40683742795524463,-0.651135495119281,-0.4144556004615526,0.2626165920971452,0.526492471624272,-1.6038274932198118,0.0,0.6882113771853678,-0.5664572772702333,-0.7965695658503499
3307,0.017095316722317847,-1.8003907894530935,0.2133691236831747,-0.37042457956726516,0.16676217049808661,0.14257789727191675,-0.4673435063825644,-1.5277360049024145,-1.7618165702686994,-0.651135495119281,-0.4144556004615526,0.2189259136426976,-0.12431114582545962,0.5280567659727414,0.0,0.6882113771853678,-0.5664572772702333,-0.03608102336097565
3308,0.24825185361214855,-0.08817267287204918,0.6256513576937649,-0.7633439486900966,-0.41702107268800304,0.20315130456266212,-0.24916631039447737,-0.6238699258790168,0.40683742795524463,-0.651135495119281,-0.4144556004615526,-0.0236132268266645,-0.1782209179176153,-0.053366213807045836,0.0,0.6882113771853678,1.1921382551160753,0.7244075191283986
3309,0.4553536959802434,0.4229248445001297,0.6256513576937649,-0.6323708256491528,2.501895143242445,1.2328992285053335,1.3871626595161752,-0.8498364456348662,-3.9304705684926433,-0.651135495119281,-0.4144556004615526,-0.09609504525177058,0.031180372412513185,0.915672085825933,0.0,-0.8930772127243898,-0.5664572772702333,-0.7965695658503499
3310,-0.5418958481916006,-1.8003907894530935,-1.8480420463697762,0.022494789555566278,-0.41702107268800304,0.6271651555978798,0.7326310715519142,0.7319291926560796,0.40683742795524463,-0.651135495119281,-0.4144556004615526,-0.2716098003378947,-0.2536749998868681,0.7218644258993372,0.0,0.6882113771853678,-0.5664572772702333,-0.7965695658503499
3311,0.11906947198278736,0.4188743689551886,0.6256513576937649,-1.156263317812928,-0.41702107268800304,0.7483119701793706,0.07809948358765315,-0.6238699258790168,-1.7618165702686994,-0.651135495119281,-0.4144556004615526,-0.25648576442509,-0.3205656307048372,0.14044144611954992,0.0,0.6882113771853678,1.1921382551160753,0.34416324788371144
3312,1.1342027297782895,0.7747871743611396,0.6256513576937649,0.022494789555566278,-0.41702107268800304,1.1117524139238428,-0.030989114406390354,-0.6238699258790168,0.40683742795524463,1.5357786628062884,-0.4144556004615526,0.5313937867455913,0.8385747113280645,0.14044144611954992,0.0,0.6882113771853678,-0.5664572772702333,-0.03608102336097565
3313,0.3816872562916242,1.5445272426771917,0.2133691236831747,-0.23945145652632133,-0.41702107268800304,-1.8563445433226808,-1.1218750943468254,0.2799961531443808,0.40683742795524463,-0.651135495119281,-0.4144556004615526,-0.028062940319142155,0.7345923810133792,1.3032874056791244,0.0,0.6882113771853678,-0.5664572772702333,-1.176813837095037
3314,1.137132900776744,0.3414497214244101,0.6256513576937649,0.8083335278012291,-0.41702107268800304,-0.46315617563553707,-0.7218835683686659,0.0540296333885314,0.40683742795524463,-0.651135495119281,-0.4144556004615526,-0.15647613432845414,0.6802365076442346,-0.8285968535134288,0.0,-0.8930772127243898,1.1921382551160753,0.34416324788371144
3315,-0.9440820425273165,-1.8003907894530935,1.4502158257149453,-1.156263317812928,0.7505454136841763,-0.8265966193800093,0.6599053395558852,-1.0758029653907155,-1.7618165702686994,-0.651135495119281,-0.4144556004615526,-0.48403373099041674,1.5685077371093559,-1.0224045134400246,0.0,0.6882113771853678,-0.5664572772702333,-0.7965695658503499
3316,0.970780353846232,0.8228346860547994,0.83179247469906,0.4154141586783977,-0.41702107268800304,0.32429811914415285,0.005373751591624148,-1.0758029653907155,0.40683742795524463,-0.651135495119281,-0.4144556004615526,1.235765636271372,0.7425020261520446,-0.8285968535134288,0.0,0.6882113771853678,-0.5664572772702333,-0.41632529460566275
3317,0.499564312754163,0.3194761003176328,0.4195102406884698,1.463199143005948,-0.41702107268800304,0.8088853774701159,-0.4673435063825644,-0.6238699258790168,0.40683742795524463,-0.651135495119281,-0.4144556004615526,0.14905319104648487,-0.10305922857117505,-0.8285968535134288,0.0,0.6882113771853678,-0.5664572772702333,-1.176813837095037
3318,1.137132900776744,-1.8003907894530935,0.6256513576937649,-1.287236440853872,1.9181119000563556,1.2328992285053335,0.6962682055538997,-0.6238699258790168,-1.7618165702686994,-0.651135495119281,-0.4144556004615526,-0.24228261177493235,0.774669339157309,-1.2162121733666202,0.0,0.6882113771853678,-0.5664572772702333,0.34416324788371144
3319,1.137132900776744,0.5178510879426982,0.6256513576937649,-0.8943170717310404,-0.41702107268800304,-1.553477506868954,-1.1218750943468254,0.2799961531443808,0.40683742795524463,-0.651135495119281,-0.4144556004615526,1.632903522097864,1.5103643068723327,-0.24717387373364158,0.0,0.6882113771853678,1.1921382551160753,0.34416324788371144
3320,1.137132900776744,0.5456931266944134,0.007228006677879595,0.15346791259651008,-0.41702107268800304,0.6877385628886251,0.005373751591624148,-0.171936886367318,0.40683742795524463,-0.651135495119281,-0.4144556004615526,0.3849363024723032,0.8794699104049334,0.33424910604614566,0.0,0.6882113771853678,-0.5664572772702333,0.34416324788371144
3321,-1.297244079178044,-1.8003907894530935,-1.4357598123591861,-0.10847833348537753,-0.41702107268800304,0.14257789727191675,0.15082521558368214,1.4098287519236279,0.40683742795524463,-0.651135495119281,-0.4144556004615526,0.656387797117259,-0.4789617484847123,1.8847103854589116,0.0,0.6882113771853678,-0.5664572772702333,-0.7965695658503499
3322,0.970780353846232,1.6703719187205313,-0.19891311032741552,2.641957250374442,-0.41702107268800304,-0.5843029902170278,-1.1218750943468254,0.7319291926560796,0.40683742795524463,1.5357786628062884,2.412803684849147,-0.6686184183459375,-0.03395849554613088,-0.44098153366023735,0.0,0.6882113771853678,-0.5664572772702333,-0.41632529460566275
3323,-1.3441679305431193,-1.8003907894530935,-0.4050542273327106,-1.156263317812928,-0.41702107268800304,-0.4025827683447917,0.47809100956581263,0.7319291926560796,0.40683742795524463,-0.651135495119281,-0.4144556004615526,0.000871412801190248,1.5631302234921896,-1.2162121733666202,0.0,-0.8930772127243898,-0.5664572772702333,-0.7965695658503499
3324,0.36986881092353746,1.2233392455581118,0.6256513576937649,-0.10847833348537753,-0.41702107268800304,-1.7957711360319355,-1.1218750943468254,0.0540296333885314,0.40683742795524463,-0.651135495119281,-0.4144556004615526,-0.17406669794217633,0.6685301520211281,1.3032874056791244,0.0,0.6882113771853678,-0.5664572772702333,-0.7965695658503499
3325,0.9462215920661349,0.9769555086728184,0.6256513576937649,-0.8943170717310404,3.085678386428535,0.38487152643489825,0.6962682055538997,-0.8498364456348662,-1.7618165702686994,-0.651135495119281,-0.4144556004615526,-0.011991159758546888,1.077619699221763,-0.8285968535134288,0.0,0.6882113771853678,-0.5664572772702333,-0.7965695658503499
3326,-0.7986357834816118,-0.15240948088778491,-2.0541831633750713,0.022494789555566278,-0.41702107268800304,0.6877385628886251,2.223508577470509,1.8617617914353266,0.40683742795524463,-0.651135495119281,-0.4144556004615526,-0.12449940314148769,-0.3081000811742926,0.7218644258993372,0.0,0.6882113771853678,1.1921382551160753,-0.7965695658503499
3327,0.4299921816031045,-0.0016158603488196396,0.6256513576937649,-1.0252901947719841,1.334328656870266,-0.09971573189106478,-0.32189204239050634,-1.0758029653907155,-1.7618165702686994,-0.651135495119281,-0.4144556004615526,-0.21590456497743213,-0.2954179247211802,-0.6347891935868331,0.0,0.6882113771853678,1.1921382551160753,-0.41632529460566275
3328,0.5138513120822684,-0.015670341449195345,-0.6111953443380057,-0.7633439486900966,0.16676217049808661,-0.7660232120892639,-0.030989114406390354,0.0540296333885314,-1.7618165702686994,1.5357786628062884,-0.4144556004615526,-0.9409183720327828,-0.5248402956215515,-1.0224045134400246,0.0,-0.8930772127243898,1.1921382551160753,-0.03608102336097565
3329,0.036856966614599834,0.48815142845906007,0.4195102406884698,-1.4182095638948156,1.334328656870266,1.1117524139238428,-0.17644057839844834,-0.3979034061231674,-1.7618165702686994,-0.651135495119281,-0.4144556004615526,0.1527618149574945,0.16828670069745894,0.5280567659727414,0.0,-0.8930772127243898,1.1921382551160753,-0.41632529460566275
3330,-0.7652606036537647,-0.08429012762053636,-2.2603242803803667,-0.23945145652632133,-0.41702107268800304,0.6271651555978798,2.1871457114724944,2.3136948309470253,0.40683742795524463,-0.651135495119281,-0.4144556004615526,-0.2904643422324343,-0.2693417896631341,0.5280567659727414,0.0,0.6882113771853678,-0.5664572772702333,-1.176813837095037
3331,0.970780353846232,0.6159167954442738,0.83179247469906,0.4154141586783977,-0.41702107268800304,0.44544493372564364,-0.030989114406390354,-1.301769485146565,0.40683742795524463,-0.651135495119281,-0.4144556004615526,1.235765636271372,0.7793825618030693,-0.8285968535134288,0.0,0.6882113771853678,-0.5664572772702333,-0.41632529460566275
3332,0.45180641083994494,1.3233569012939852,1.8624980597255354,0.4154141586783977,-0.41702107268800304,-0.9477434339615001,-1.1218750943468254,-1.0758029653907155,0.40683742795524463,-0.651135495119281,-0.4144556004615526,0.47139797840255226,-0.21863014677204903,1.3032874056791244,0.0,-0.8930772127243898,-0.5664572772702333,-0.7965695658503499
3333,0.30486590107301353,-0.04782703270833749,1.037933591704355,-1.0252901947719841,-0.41702107268800304,0.14257789727191675,-0.10371484640241935,-0.6238699258790168,0.40683742795524463,-0.651135495119281,-0.4144556004615526,0.09268073030744206,-0.17212941025656647,0.14044144611954992,0.0,-0.8930772127243898,1.1921382551160753,0.34416324788371144
3334,0.32963825471440195,0.2112780885545172,1.037933591704355,-1.0252901947719841,-0.41702107268800304,0.08200448998117135,-0.28552917639249187,-0.3979034061231674,0.40683742795524463,-0.651135495119281,-0.4144556004615526,0.01698039822031995,-0.2163405865941917,-0.053366213807045836,0.0,0.6882113771853678,-0.5664572772702333,-0.03608102336097565
3335,-0.91531024396406,-0.043266244407872,0.2133691236831747,-1.4182095638948156,1.9181119000563556,0.7483119701793706,0.9871711335380157,-1.0758029653907155,-1.7618165702686994,-0.651135495119281,-0.4144556004615526,-0.13354315369985803,0.08253203186073277,1.1094797457525287,0.0,-0.8930772127243898,-0.5664572772702333,-0.03608102336097565
3336,1.0367926805462704,1.0833417383674682,-0.19891311032741552,-0.37042457956726516,-0.41702107268800304,-1.3111838777059723,0.15082521558368214,0.0540296333885314,0.40683742795524463,-0.651135495119281,-0.4144556004615526,0.1302792199765395,0.6695462568952997,-0.6347891935868331,0.0,0.6882113771853678,-0.5664572772702333,-0.7965695658503499
3337,1.1324384858315764,0.3182679922671804,0.4195102406884698,-1.4182095638948156,0.7505454136841763,0.990605599342352,0.29627667957574016,-0.3979034061231674,-1.7618165702686994,-0.651135495119281,-0.4144556004615526,0.44484169227142606,-0.21939071201856,-0.24717387373364158,0.0,0.6882113771853678,1.1921382551160753,-0.03608102336097565
3338,0.970780353846232,0.9361609636394023,0.6256513576937649,-1.287236440853872,-0.41702107268800304,0.6271651555978798,-0.5400692383785933,-0.6238699258790168,0.40683742795524463,-0.651135495119281,-0.4144556004615526,0.9511139477860845,0.9554005639890909,-0.8285968535134288,0.0,0.6882113771853678,-0.5664572772702333,-0.41632529460566275
3339,-0.8247138101175063,-1.8003907894530935,-0.4050542273327106,0.2844410356374539,-0.41702107268800304,-1.432330692287463,-0.8673350323607238,2.539661350702875,0.40683742795524463,-0.651135495119281,-0.4144556004615526,-0.3472562184852937,-0.514486138418945,0.33424910604614566,0.0,-0.8930772127243898,1.1921382551160753,1.1046517903730857
3340,1.019982034108437,0.6495212375197394,-0.19891311032741552,-1.6801558099767033,1.334328656870266,1.5357662649590604,1.0598968655340446,-0.3979034061231674,-1.7618165702686994,-0.651135495119281,-0.4144556004615526,-0.5164025754808276,-0.2082902040531126,-0.44098153366023735,0.0,0.6882113771853678,-0.5664572772702333,-0.03608102336097565
3341,1.0718031166720068,0.7927936844699883,0.4195102406884698,-1.0252901947719841,0.16676217049808661,1.0511790066330975,0.18718808158169664,-0.171936886367318,-1.7618165702686994,-0.651135495119281,-0.4144556004615526,0.4825599337507733,0.41093113995922875,0.14044144611954992,0.0,0.6882113771853678,1.1921382551160753,-0.7965695658503499
3342,0.09517644551618808,-1.8003907894530935,0.2133691236831747,-0.23945145652632133,0.16676217049808661,0.32429811914415285,-0.5400692383785933,-0.8498364456348662,0.40683742795524463,-0.651135495119281,-0.4144556004615526,-0.640825797602864,0.08242214269980537,-1.2162121733666202,0.0,0.6882113771853678,-0.5664572772702333,0.34416324788371144
3343,0.37083974648073253,0.6020776909199005,-0.8173364613433008,-1.0252901947719841,-0.41702107268800304,-0.0391423246003194,0.29627667957574016,1.1838622321677783,0.40683742795524463,-0.651135495119281,-0.4144556004615526,0.022878560065062697,-0.043289279481893934,-1.2162121733666202,0.0,0.6882113771853678,-0.5664572772702333,-1.176813837095037
3344,0.37083974648073253,0.6397084355531815,-0.4050542273327106,0.4154141586783977,-0.41702107268800304,0.6271651555978798,-0.030989114406390354,0.2799961531443808,0.40683742795524463,-0.651135495119281,-0.4144556004615526,-0.60013244685093,-0.02027187411305001,-1.0224045134400246,0.0,0.6882113771853678,-0.5664572772702333,-1.176813837095037
3345,-0.6437947718005061,-0.22846628564385077,1.037933591704355,0.5463872817193415,-0.41702107268800304,0.44544493372564364,-0.24916631039447737,-0.6238699258790168,0.40683742795524463,-0.651135495119281,-0.4144556004615526,0.08888026398778981,0.6036502806722519,1.4970950656057203,0.0,0.6882113771853678,1.1921382551160753,-0.41632529460566275
3346,0.17456505188636334,0.36202188305808986,0.4195102406884698,-1.0252901947719841,-0.41702107268800304,0.6877385628886251,0.18718808158169664,-0.6238699258790168,-1.7618165702686994,-0.651135495119281,-0.4144556004615526,-0.33695843338864756,-0.4675547582668301,-0.053366213807045836,0.0,0.6882113771853678,-0.5664572772702333,0.34416324788371144
3347,0.09631452097558743,0.14239203309989598,0.4195102406884698,-0.5013977026082089,-0.41702107268800304,-1.553477506868954,-1.0491493623507964,0.7319291926560796,0.40683742795524463,1.5357786628062884,-0.4144556004615526,0.2066739002202318,-0.22115610249574608,0.915672085825933,0.0,0.6882113771853678,1.1921382551160753,0.7244075191283986
3348,0.5799588619206932,1.4463817670818246,0.007228006677879595,0.022494789555566278,-0.41702107268800304,-1.8563445433226808,-1.1218750943468254,0.7319291926560796,0.40683742795524463,-0.651135495119281,-0.4144556004615526,-0.0209919697914266,0.7579504925263858,0.915672085825933,0.0,-0.8930772127243898,-0.5664572772702333,-0.7965695658503499
3349,-0.08097379463415984,-1.8003907894530935,-1.0234775783485959,-0.6323708256491528,-0.41702107268800304,-0.7660232120892639,-0.8309721663627093,0.2799961531443808,0.40683742795524463,-0.651135495119281,-0.4144556004615526,0.10684561838780172,-0.07482421303673983,1.690902725532316,0.0,0.6882113771853678,-0.5664572772702333,0.34416324788371144
3350,-0.7570243316879288,-0.6631136543584939,1.037933591704355,0.8083335278012291,0.16676217049808661,0.38487152643489825,-0.17644057839844834,-0.6238699258790168,0.40683742795524463,-0.651135495119281,-0.4144556004615526,-0.11547579003854976,0.8165720641720653,1.1094797457525287,0.0,-0.8930772127243898,1.1921382551160753,-0.7965695658503499
3351,0.21736196733698313,0.7573469696593531,-0.4050542273327106,-0.37042457956726516,-0.41702107268800304,0.2637247118534075,0.22355094757971114,-0.6238699258790168,0.40683742795524463,-0.651135495119281,-0.4144556004615526,-0.6124347342463352,-0.8513992140192468,0.14044144611954992,0.0,0.6882113771853678,1.1921382551160753,0.34416324788371144
3352,0.970780353846232,1.0301859671841889,1.6563569427202405,-0.10847833348537753,-0.41702107268800304,-2.52265202352088,-0.9036978983587384,-0.3979034061231674,0.40683742795524463,-0.651135495119281,-0.4144556004615526,0.3958633471645417,-0.14652091074378643,-0.8285968535134288,0.0,0.6882113771853678,1.1921382551160753,-0.41632529460566275
3353,-1.1513096022926959,0.5131942476820703,-0.8173364613433008,0.022494789555566278,-0.41702107268800304,-1.1294636558337363,-0.6491578363726369,2.087728311191176,0.40683742795524463,-0.651135495119281,-0.4144556004615526,-0.14926602325928287,0.44732706225857427,0.7218644258993372,0.0,0.6882113771853678,-0.5664572772702333,0.34416324788371144
3354,0.024446098147332635,-0.06734244592961787,-1.0234775783485959,0.5463872817193415,-0.41702107268800304,-0.4025827683447917,0.5871796075598562,0.5059626729002302,0.40683742795524463,-0.651135495119281,-0.4144556004615526,-0.8642437877750023,-0.7780528739123103,-0.44098153366023735,0.0,0.6882113771853678,-0.5664572772702333,-0.03608102336097565
3355,0.891980876046181,1.717577604379596,-0.8173364613433008,-0.6323708256491528,-0.41702107268800304,-1.553477506868954,0.7689939375499286,0.7319291926560796,0.40683742795524463,1.5357786628062884,2.412803684849147,-0.09808231473227147,0.6407488830836812,-1.7976351531464076,0.0,0.6882113771853678,-0.5664572772702333,-0.7965695658503499
3356,-0.21144451397824382,-1.8003907894530935,0.2133691236831747,-0.6323708256491528,1.9181119000563556,0.38487152643489825,0.6962682055538997,-0.6238699258790168,-1.7618165702686994,-0.651135495119281,-0.4144556004615526,0.004934109253426654,0.0615996392884491,-0.44098153366023735,0.0,0.6882113771853678,-0.5664572772702333,-1.176813837095037
3357,0.8218505336623012,0.19557452527335106,0.2133691236831747,0.15346791259651008,-0.41702107268800304,-0.0391423246003194,0.6962682055538997,0.5059626729002302,0.40683742795524463,-0.651135495119281,-0.4144556004615526,0.5823008408088651,0.5464349681876269,-0.44098153366023735,0.0,0.6882113771853678,-0.5664572772702333,-0.41632529460566275
3358,-0.12468803895260275,-0.9109313329031357,-0.8173364613433008,0.9393066508421729,-0.41702107268800304,0.02143108269042598,-1.0491493623507964,2.087728311191176,0.40683742795524463,1.5357786628062884,2.412803684849147,-0.3705889673811368,0.10342967718318373,-0.24717387373364158,0.0,-0.8930772127243898,2.950733787502384,-1.176813837095037
3359,0.3039004550127199,1.189951098371178,0.6256513576937649,-1.4182095638948156,-0.41702107268800304,-0.28143595376330094,0.9144454015419866,-0.3979034061231674,0.40683742795524463,1.5357786628062884,2.412803684849147,0.047897817420974154,-0.5261739958893317,0.915672085825933,0.0,0.6882113771853678,-0.5664572772702333,-0.03608102336097565
3360,-0.7986357834816118,-0.648462148537219,1.2440747087096502,2.2490378812516107,-0.41702107268800304,-0.0391423246003194,-0.4673435063825644,-0.6238699258790168,0.40683742795524463,-0.651135495119281,-0.4144556004615526,0.6645218424854793,1.0427082417701465,1.1094797457525287,0.0,0.6882113771853678,-0.5664572772702333,-0.7965695658503499
3361,-0.758607590500824,-0.4749133745560713,1.037933591704355,2.5109841273334985,-0.41702107268800304,-0.3420093610540463,-0.5764321043766079,-0.6238699258790168,0.40683742795524463,-0.651135495119281,-0.4144556004615526,1.0728927481234691,0.801591478285043,0.915672085825933,0.0,0.6882113771853678,-0.5664572772702333,-0.7965695658503499
3362,-0.05151271738893455,-0.2833788400753567,0.4195102406884698,-0.6323708256491528,-0.41702107268800304,-1.3717572849967177,-1.0491493623507964,0.5059626729002302,0.40683742795524463,1.5357786628062884,-0.4144556004615526,0.3167694878644859,0.017215534054179485,0.14044144611954992,0.0,-0.8930772127243898,1.1921382551160753,0.34416324788371144
3363,-0.3841224153008845,0.33155729552193314,0.2133691236831747,-1.0252901947719841,0.16676217049808661,0.506018341016389,-0.030989114406390354,-0.3979034061231674,0.40683742795524463,-0.651135495119281,-0.4144556004615526,-0.03673357470115438,0.362342973153438,1.4970950656057203,0.0,0.6882113771853678,-0.5664572772702333,-0.7965695658503499
3364,0.3278264952616191,0.024420731880292087,-0.8173364613433008,1.2012528969240606,0.16676217049808661,0.44544493372564364,0.07809948358765315,0.0540296333885314,0.40683742795524463,-0.651135495119281,-0.4144556004615526,-0.10112047984420716,0.3323915195452723,0.33424910604614566,0.0,-0.8930772127243898,-0.5664572772702333,-0.03608102336097565
3365,-0.577870320413181,0.805900471945692,-1.4357598123591861,2.3800110042925544,-0.41702107268800304,0.2637247118534075,1.0962597315320592,1.1838622321677783,0.40683742795524463,-0.651135495119281,-0.4144556004615526,0.5343677722909516,-0.664330008264273,0.915672085825933,0.0,0.6882113771853678,-0.5664572772702333,-1.176813837095037
3366,1.0336645900336938,1.4342623916468191,0.2133691236831747,0.6773604047602854,-0.41702107268800304,0.7483119701793706,-0.030989114406390354,-1.0758029653907155,0.40683742795524463,-0.651135495119281,-0.4144556004615526,1.0489539467628322,0.3113348865604418,-0.44098153366023735,0.0,-0.8930772127243898,-0.5664572772702333,-0.7965695658503499
3367,-1.2582067694555956,-1.8003907894530935,0.83179247469906,0.15346791259651008,-0.41702107268800304,0.44544493372564364,-0.43098064038454986,-0.6238699258790168,0.40683742795524463,-0.651135495119281,-0.4144556004615526,-0.41872609226122887,-0.5048429523111804,1.690902725532316,0.0,0.6882113771853678,-0.5664572772702333,-0.7965695658503499
3368,-1.4035163730249964,-1.8003907894530935,-0.8173364613433008,0.2844410356374539,-0.41702107268800304,0.08200448998117135,-0.030989114406390354,0.7319291926560796,0.40683742795524463,-0.651135495119281,-0.4144556004615526,1.390963780775911,-0.8045198411123531,0.7218644258993372,0.0,0.6882113771853678,2.950733787502384,0.7244075191283986
3369,0.970780353846232,1.6368377143235653,1.2440747087096502,-0.7633439486900966,-0.41702107268800304,-2.1592115797764078,-1.0491493623507964,0.0540296333885314,0.40683742795524463,-0.651135495119281,-0.4144556004615526,0.3958633471645417,0.3989224286805596,-1.4100198332932161,0.0,0.6882113771853678,-0.5664572772702333,-0.41632529460566275
3370,0.24419388367439251,0.14827283101260205,0.83179247469906,0.15346791259651008,1.9181119000563556,-0.7054498047985186,-0.28552917639249187,-0.8498364456348662,-1.7618165702686994,-0.651135495119281,-0.4144556004615526,0.023374403607943794,-0.2586235453368519,-0.44098153366023735,0.0,-0.8930772127243898,1.1921382551160753,0.34416324788371144
3371,-0.8650547387877879,0.18095308678272068,1.2440747087096502,2.5109841273334985,-0.41702107268800304,0.02143108269042598,-0.7218835683686659,-0.6238699258790168,0.40683742795524463,-0.651135495119281,-0.4144556004615526,0.9346497542222123,1.100896931426703,1.3032874056791244,0.0,0.6882113771853678,-0.5664572772702333,-0.41632529460566275
3372,-0.48628025096839633,0.895202969989338,0.2133691236831747,-0.8943170717310404,1.334328656870266,1.1117524139238428,1.3871626595161752,-0.6238699258790168,-1.7618165702686994,-0.651135495119281,-0.4144556004615526,-0.1271031595934505,-0.309289275134573,0.915672085825933,0.0,-0.8930772127243898,-0.5664572772702333,-1.176813837095037
3373,0.34549549067978974,0.4084005504438969,-0.8173364613433008,0.5463872817193415,-0.41702107268800304,0.6271651555978798,0.005373751591624148,0.7319291926560796,0.40683742795524463,-0.651135495119281,-0.4144556004615526,-0.3929488212892479,0.19062368889906442,-0.44098153366023735,0.0,-0.8930772127243898,-0.5664572772702333,-0.7965695658503499
3374,-0.02564042232249591,0.43069868822150403,-0.4050542273327106,-0.6323708256491528,-0.41702107268800304,1.0511790066330975,-0.10371484640241935,-0.6238699258790168,0.40683742795524463,-0.651135495119281,-0.4144556004615526,-0.005634525971061519,-0.015400690941265484,1.4970950656057203,0.0,-0.8930772127243898,2.950733787502384,0.34416324788371144
3375,1.0356005965788257,-0.07450371794647237,1.037933591704355,0.15346791259651008,1.334328656870266,0.6271651555978798,0.5871796075598562,0.2799961531443808,-1.7618165702686994,-0.651135495119281,-0.4144556004615526,1.4760130215827998,1.094035317108944,-0.44098153366023735,0.0,0.6882113771853678,-0.5664572772702333,-0.03608102336097565
3376,-0.7986357834816118,-0.5256267088983965,-1.6419009293644813,1.9870916351697234,-0.41702107268800304,0.8088853774701159,2.3689600414625667,-0.6238699258790168,0.40683742795524463,-0.651135495119281,-0.4144556004615526,0.7530780381126971,-0.5794935496552658,0.915672085825933,0.0,0.6882113771853678,1.1921382551160753,-0.7965695658503499
3377,1.0778206493022358,1.497210535929569,-1.229618695353891,-0.37042457956726516,-0.41702107268800304,-1.432330692287463,-0.9400607643567529,2.087728311191176,0.40683742795524463,-0.651135495119281,-0.4144556004615526,1.808919323329355,6.025590209538854,-1.6038274932198118,0.0,0.6882113771853678,1.1921382551160753,-0.7965695658503499
3378,0.3093277147391816,0.008046150680322894,-1.4357598123591861,1.0702797738831167,-0.41702107268800304,0.506018341016389,2.441685773458596,1.6357952716794772,0.40683742795524463,-0.651135495119281,-0.4144556004615526,0.3557410951097676,0.4516820311945774,0.5280567659727414,0.0,0.6882113771853678,-0.5664572772702333,-0.41632529460566275
3379,-0.5857510555915164,0.3017023342367348,0.4195102406884698,-1.156263317812928,0.16676217049808661,0.8088853774701159,1.3871626595161752,-0.6238699258790168,0.40683742795524463,-0.651135495119281,-0.4144556004615526,-0.18473522712415505,-0.1870204543617301,1.3032874056791244,0.0,0.6882113771853678,-0.5664572772702333,-1.176813837095037
3380,1.137132900776744,-1.612030280810451,-1.6419009293644813,1.9870916351697234,-0.41702107268800304,0.8088853774701159,2.3689600414625667,-0.6238699258790168,0.40683742795524463,-0.651135495119281,-0.4144556004615526,0.10650947137670032,1.256839560913586,0.915672085825933,0.0,0.6882113771853678,-0.5664572772702333,0.34416324788371144
3381,-1.2110451733429266,-1.6012465126648547,1.037933591704355,0.4154141586783977,-0.41702107268800304,0.506018341016389,-0.32189204239050634,-0.6238699258790168,0.40683742795524463,-0.651135495119281,-0.4144556004615526,-0.3882606860986404,-0.20233008627802881,1.690902725532316,0.0,0.6882113771853678,-0.5664572772702333,-0.7965695658503499
3382,-1.7455379355387244,-1.4118874849466085,-1.4357598123591861,1.0702797738831167,-0.41702107268800304,0.38487152643489825,-0.8673350323607238,0.0540296333885314,0.40683742795524463,1.5357786628062884,-0.4144556004615526,0.2720390559448629,-0.34818459198778384,-0.44098153366023735,0.0,0.6882113771853678,-0.5664572772702333,0.34416324788371144
3383,0.09036199569566197,-0.10045873634287417,0.2133691236831747,-0.8943170717310404,-0.41702107268800304,-0.46315617563553707,1.0962597315320592,-0.6238699258790168,0.40683742795524463,-0.651135495119281,-0.4144556004615526,-0.5075231380955764,-0.13424461817459363,0.5280567659727414,0.0,-0.8930772127243898,1.1921382551160753,-0.03608102336097565
3384,0.970780353846232,1.3508781718314702,0.6256513576937649,-1.287236440853872,3.085678386428535,0.9300321920516067,0.8053568035479431,-0.8498364456348662,-1.7618165702686994,-0.651135495119281,-0.4144556004615526,-0.15188181068439655,1.0881685152519283,-1.2162121733666202,0.0,0.6882113771853678,-0.5664572772702333,-0.41632529460566275
3385,0.6309608516146684,-0.7724903749397025,-1.0234775783485959,-1.4182095638948156,0.7505454136841763,1.1723258212145882,0.40536527756978363,-0.6238699258790168,-1.7618165702686994,-0.651135495119281,-0.4144556004615526,-0.179797482239394,0.28314944504556333,-0.6347891935868331,0.0,0.6882113771853678,-0.5664572772702333,-0.03608102336097565
3386,0.15016750166283974,0.4628524906078556,0.4195102406884698,-0.23945145652632133,-0.41702107268800304,-1.6746243214504446,-1.0855122283488108,0.957895712411929,0.40683742795524463,-0.651135495119281,-0.4144556004615526,0.14126600949315526,-0.3211381046049116,1.4970950656057203,0.0,0.6882113771853678,1.1921382551160753,0.34416324788371144
3387,0.42288042511698076,0.03812195567412771,-1.6419009293644813,2.2490378812516107,-0.41702107268800304,0.7483119701793706,2.47804863945661,-0.3979034061231674,0.40683742795524463,-0.651135495119281,-0.4144556004615526,-0.23135396384517928,0.5260080136601907,0.7218644258993372,0.0,-0.8930772127243898,1.1921382551160753,-0.03608102336097565
3388,1.137132900776744,-1.8003907894530935,-0.6111953443380057,0.15346791259651008,-0.41702107268800304,1.2934726357960789,1.2053483295261027,0.7319291926560796,0.40683742795524463,-0.651135495119281,-0.4144556004615526,0.6005186646204165,1.2957021721498414,-0.053366213807045836,0.0,-0.8930772127243898,-0.5664572772702333,-0.03608102336097565
3389,1.0718031166720068,1.3267516486895612,0.6256513576937649,-1.287236440853872,3.6694616296146245,0.9300321920516067,1.0598968655340446,-0.6238699258790168,-3.9304705684926433,-0.651135495119281,-0.4144556004615526,0.4470134901104448,1.6062216090399017,-0.8285968535134288,0.0,0.6882113771853678,-0.5664572772702333,-0.7965695658503499
3390,0.4082393714426871,0.3876578787966319,0.6256513576937649,-1.0252901947719841,0.16676217049808661,0.08200448998117135,-0.43098064038454986,-0.8498364456348662,-1.7618165702686994,-0.651135495119281,-0.4144556004615526,-0.13246592432104645,-0.10396331588090232,-0.6347891935868331,0.0,0.6882113771853678,-0.5664572772702333,-1.176813837095037
3391,0.9826493767770004,0.248569477090942,0.4195102406884698,0.4154141586783977,0.7505454136841763,1.0511790066330975,-0.14007771240043385,-0.3979034061231674,-1.7618165702686994,-0.651135495119281,-0.4144556004615526,0.8517211700427948,1.3523714980974924,-0.053366213807045836,0.0,0.6882113771853678,-0.5664572772702333,-0.41632529460566275
3392,0.970780353846232,0.29458108063722266,0.4195102406884698,0.5463872817193415,0.16676217049808661,0.6877385628886251,-0.10371484640241935,-1.0758029653907155,-1.7618165702686994,-0.651135495119281,-0.4144556004615526,1.1622704035370328,0.9602077981768666,-0.44098153366023735,0.0,0.6882113771853678,-0.5664572772702333,-0.41632529460566275
3393,0.07926784931051013,0.41554661384783237,-0.4050542273327106,-0.6323708256491528,-0.41702107268800304,1.0511790066330975,-0.10371484640241935,-0.6238699258790168,0.40683742795524463,-0.651135495119281,-0.4144556004615526,-0.0988765593668442,0.04258251598829386,1.4970950656057203,0.0,-0.8930772127243898,2.950733787502384,0.7244075191283986
3394,0.6930619435640932,1.7848592417574087,-0.8173364613433008,-0.6323708256491528,-0.41702107268800304,-1.553477506868954,0.7689939375499286,0.7319291926560796,0.40683742795524463,1.5357786628062884,2.412803684849147,0.26180582476518593,0.6818055596750267,-1.7976351531464076,0.0,0.6882113771853678,-0.5664572772702333,-0.41632529460566275
3395,0.9716725244809169,0.43669390620329024,0.83179247469906,0.2844410356374539,-0.41702107268800304,-0.8265966193800093,-1.012786496352782,0.7319291926560796,0.40683742795524463,1.5357786628062884,2.412803684849147,-0.4189133105311298,-0.031669553904806816,-1.0224045134400246,0.0,0.6882113771853678,-0.5664572772702333,-0.7965695658503499
3396,-0.6191961249102043,0.04794793147842687,-1.6419009293644813,0.5463872817193415,-0.41702107268800304,-0.6448763975077731,-0.24916631039447737,1.4098287519236279,0.40683742795524463,-0.651135495119281,-0.4144556004615526,-0.794935345839142,-0.2471430195347833,1.8847103854589116,0.0,-0.8930772127243898,-0.5664572772702333,-0.41632529460566275
3397,-0.8252855528877341,0.08637560919922103,0.6256513576937649,0.4154141586783977,-0.41702107268800304,-2.0986381724856624,-1.0491493623507964,0.957895712411929,0.40683742795524463,-0.651135495119281,-0.4144556004615526,-0.20592110584517606,0.3427632216623684,1.3032874056791244,0.0,-0.8930772127243898,1.1921382551160753,-1.176813837095037
3398,0.37083974648073253,-0.24425379563139002,0.4195102406884698,0.9393066508421729,-0.41702107268800304,0.32429811914415285,-0.7582464343666804,-0.8498364456348662,0.40683742795524463,-0.651135495119281,-0.4144556004615526,-0.4016682348262284,-0.7201638751528184,-0.053366213807045836,0.0,-0.8930772127243898,-0.5664572772702333,-0.03608102336097565
3399,0.37083974648073253,0.5610144794230023,0.83179247469906,-1.0252901947719841,-0.41702107268800304,-2.0986381724856624,-1.0491493623507964,-0.171936886367318,0.40683742795524463,1.5357786628062884,2.412803684849147,0.10626586845048396,0.037910307249585044,-0.44098153366023735,0.0,0.6882113771853678,1.1921382551160753,-0.41632529460566275
3400,0.5755504972082663,1.311551871134128,-1.229618695353891,-1.287236440853872,-0.41702107268800304,-2.7649456526838616,2.1871457114724944,1.4098287519236279,0.40683742795524463,-0.651135495119281,-0.4144556004615526,0.15882077871360858,-0.04691426205089046,1.1094797457525287,0.0,0.6882113771853678,-0.5664572772702333,-1.176813837095037
3401,1.137132900776744,-0.6282124300562485,-1.6419009293644813,1.463199143005948,-0.41702107268800304,0.6877385628886251,2.4053229074605813,0.5059626729002302,0.40683742795524463,-0.651135495119281,-0.4144556004615526,0.17307423149972573,1.053857890622573,0.7218644258993372,0.0,-0.8930772127243898,-0.5664572772702333,0.34416324788371144
3402,0.1960695569933801,0.7215841144024097,-1.229618695353891,0.2844410356374539,-0.41702107268800304,-0.28143595376330094,0.40536527756978363,-0.171936886367318,0.40683742795524463,-0.651135495119281,-0.4144556004615526,-0.8945821116158662,-1.1332200084290938,0.14044144611954992,0.0,0.6882113771853678,-0.5664572772702333,-0.03608102336097565
3403,0.9944414350127483,1.453528701817907,0.6256513576937649,1.2012528969240606,-0.41702107268800304,0.6877385628886251,-0.14007771240043385,-0.6238699258790168,0.40683742795524463,-0.651135495119281,-0.4144556004615526,0.9409780076873779,0.3998944689375225,-1.0224045134400246,0.0,-0.8930772127243898,-0.5664572772702333,-0.7965695658503499
3404,-0.38428852821029025,0.4151440845674465,1.8624980597255354,-0.6323708256491528,0.16676217049808661,-0.6448763975077731,-0.35825490838852087,0.0540296333885314,0.40683742795524463,-0.651135495119281,-0.4144556004615526,-0.01426584271428691,0.1702410824206471,0.915672085825933,0.0,0.6882113771853678,-0.5664572772702333,-0.41632529460566275
3405,0.4266403347944467,0.516224377132544,0.83179247469906,0.4154141586783977,0.16676217049808661,0.2637247118534075,-0.10371484640241935,-1.0758029653907155,-1.7618165702686994,-0.651135495119281,-0.4144556004615526,-0.1701631602379833,-0.027260920110893556,-1.2162121733666202,0.0,0.6882113771853678,-0.5664572772702333,-0.7965695658503499
3406,-0.3974568659546183,0.11353901693355781,0.6256513576937649,-1.5491826869357594,0.7505454136841763,0.6271651555978798,1.4598883915122043,-0.3979034061231674,-1.7618165702686994,-0.651135495119281,-0.4144556004615526,-0.2547492156807254,-0.020906428479155758,1.4970950656057203,0.0,0.6882113771853678,-0.5664572772702333,-0.41632529460566275
3407,0.41623311680353414,0.012395398705936627,0.6256513576937649,-0.8943170717310404,1.9181119000563556,-0.28143595376330094,-0.43098064038454986,-1.301769485146565,-1.7618165702686994,-0.651135495119281,-0.4144556004615526,-0.36255468750860437,-0.2709050591401743,-0.6347891935868331,0.0,0.6882113771853678,1.1921382551160753,-0.7965695658503499
3408,0.12373737236775915,0.31653630816725414,-1.4357598123591861,0.15346791259651008,-0.41702107268800304,0.6877385628886251,0.5144538755638272,2.3136948309470253,0.40683742795524463,-0.651135495119281,-0.4144556004615526,-0.681673567019266,0.38509630347690443,-0.053366213807045836,0.0,0.6882113771853678,-0.5664572772702333,1.1046517903730857
3409,-0.5512481107591463,-1.6779967564893636,-1.6419009293644813,2.5109841273334985,-0.41702107268800304,0.8088853774701159,2.5144115054546248,-0.6238699258790168,0.40683742795524463,-0.651135495119281,-0.4144556004615526,0.4120055363235721,-0.40145264620452115,0.7218644258993372,0.0,0.6882113771853678,-0.5664572772702333,-0.7965695658503499
3410,-0.04439071604223138,0.43064604641223975,-0.19891311032741552,-0.7633439486900966,-0.41702107268800304,0.9300321920516067,-0.030989114406390354,-0.6238699258790168,0.40683742795524463,-0.651135495119281,-0.4144556004615526,-0.05465927739713221,-0.18406120970253498,0.915672085825933,0.0,0.6882113771853678,1.1921382551160753,-0.03608102336097565
3411,0.09097292324359077,-0.3495513495102646,-1.0234775783485959,-0.7633439486900966,-0.41702107268800304,-1.6140509141596993,-0.9036978983587384,0.0540296333885314,0.40683742795524463,-0.651135495119281,-0.4144556004615526,-0.1333883304464541,-0.18085945766281952,-0.053366213807045836,0.0,-0.8930772127243898,-0.5664572772702333,0.34416324788371144
3412,1.0124601803812059,0.8159969371640524,1.037933591704355,-0.37042457956726516,-0.41702107268800304,-0.09971573189106478,-0.32189204239050634,-0.6238699258790168,0.40683742795524463,-0.651135495119281,-0.4144556004615526,0.020540350174942455,0.8783657628716903,-1.0224045134400246,0.0,0.6882113771853678,-0.5664572772702333,-0.7965695658503499
3413,0.6539100963114074,1.4992820266463571,0.007228006677879595,0.2844410356374539,-0.41702107268800304,-1.9169179506134262,-1.1218750943468254,0.957895712411929,0.40683742795524463,-0.651135495119281,-0.4144556004615526,-0.021522339026050274,0.6081054906445,0.7218644258993372,0.0,-0.8930772127243898,-0.5664572772702333,-0.7965695658503499
3414,0.5480294809160662,0.5853947176198587,0.83179247469906,1.0702797738831167,0.16676217049808661,0.32429811914415285,-0.17644057839844834,-0.6238699258790168,0.40683742795524463,-0.651135495119281,-0.4144556004615526,2.7100879414033803,1.6268252995349848,0.915672085825933,0.0,0.6882113771853678,-0.5664572772702333,-0.41632529460566275
3415,-0.16768012293723392,-0.8931394553523481,0.007228006677879595,-0.37042457956726516,-0.41702107268800304,-1.432330692287463,-0.8309721663627093,1.1838622321677783,0.40683742795524463,-0.651135495119281,-0.4144556004615526,-0.35353598746984694,0.12131043355358752,-0.053366213807045836,0.0,0.6882113771853678,1.1921382551160753,-1.176813837095037
3416,0.05807692208296314,-0.01619697170180054,0.6256513576937649,-0.37042457956726516,-0.41702107268800304,-0.0391423246003194,0.7689939375499286,0.2799961531443808,0.40683742795524463,-0.651135495119281,-0.4144556004615526,-0.8551607205223457,-0.12123244050824977,-0.053366213807045836,0.0,0.6882113771853678,-0.5664572772702333,0.34416324788371144
3417,0.970780353846232,1.594385924137376,-0.19891311032741552,-0.5013977026082089,-0.41702107268800304,-1.1900370631244817,-1.1218750943468254,-0.3979034061231674,0.40683742795524463,-0.651135495119281,-0.4144556004615526,0.3958633471645417,0.7209823823945722,-1.7976351531464076,0.0,0.6882113771853678,-0.5664572772702333,-0.41632529460566275
3418,0.3941762932974455,0.38677673413396635,0.6256513576937649,0.022494789555566278,-0.41702107268800304,0.38487152643489825,0.07809948358765315,-0.6238699258790168,0.40683742795524463,-0.651135495119281,-0.4144556004615526,-0.2848808661689863,-0.2137658556090302,-0.6347891935868331,0.0,0.6882113771853678,1.1921382551160753,-0.7965695658503499
3419,0.40818966417726,-0.08068544324678498,0.4195102406884698,1.463199143005948,-0.41702107268800304,0.8088853774701159,-0.6855207023706513,-0.3979034061231674,0.40683742795524463,-0.651135495119281,-0.4144556004615526,-0.0020342899627176095,-0.13696660217664255,-0.44098153366023735,0.0,0.6882113771853678,-0.5664572772702333,-0.41632529460566275
3420,1.0120501430791644,1.6818947138407903,-0.6111953443380057,-0.23945145652632133,2.501895143242445,0.9300321920516067,1.1689854635280883,0.7319291926560796,-3.9304705684926433,-0.651135495119281,-0.4144556004615526,1.3454374323859573,0.7938722614287885,-0.8285968535134288,0.0,0.6882113771853678,-0.5664572772702333,-0.7965695658503499
3421,-1.021729655329771,-1.8003907894530935,-0.6111953443380057,-0.7633439486900966,-0.41702107268800304,0.9300321920516067,-0.06735198040440485,-0.3979034061231674,0.40683742795524463,-0.651135495119281,-0.4144556004615526,0.4705520185000373,1.1499793420397304,1.1094797457525287,0.0,-0.8930772127243898,1.1921382551160753,1.1046517903730857
3422,0.5107985227552362,0.38674080828283575,0.6256513576937649,0.4154141586783977,-0.41702107268800304,0.2637247118534075,0.07809948358765315,-0.6238699258790168,0.40683742795524463,-0.651135495119281,-0.4144556004615526,-0.23626246766646136,-0.09398259441149188,-1.0224045134400246,0.0,0.6882113771853678,-0.5664572772702333,-1.176813837095037
3423,0.7657792565986007,0.3838854293083967,1.2440747087096502,-0.8943170717310404,-0.41702107268800304,-1.73519772874119,-0.9400607643567529,-0.3979034061231674,0.40683742795524463,-0.651135495119281,-0.4144556004615526,0.19653510057389773,0.6920635518567494,-0.44098153366023735,0.0,0.6882113771853678,-0.5664572772702333,-0.7965695658503499
3424,-0.6871279915652161,-0.1813162254702813,0.4195102406884698,1.463199143005948,-0.41702107268800304,-0.09971573189106478,-0.7582464343666804,-0.6238699258790168,0.40683742795524463,-0.651135495119281,-0.4144556004615526,0.6597948435530432,0.8246071438746099,1.3032874056791244,0.0,0.6882113771853678,1.1921382551160753,-1.176813837095037
3425,0.9726599097995023,1.0261124332894707,0.6256513576937649,-0.8943170717310404,3.085678386428535,0.38487152643489825,0.6962682055538997,-0.8498364456348662,-3.9304705684926433,-0.651135495119281,-0.4144556004615526,0.026545255103377238,1.0842404100285743,-0.6347891935868331,0.0,0.6882113771853678,-0.5664572772702333,-0.7965695658503499
3426,0.3015362844061475,-0.22944960350752336,0.4195102406884698,0.8083335278012291,-0.41702107268800304,0.20315130456266212,-0.7582464343666804,-0.8498364456348662,0.40683742795524463,-0.651135495119281,-0.4144556004615526,-0.47703531681451794,-0.9830965986651157,-0.053366213807045836,0.0,-0.8930772127243898,-0.5664572772702333,0.34416324788371144
3427,0.9770650846925545,1.5958615706297625,0.2133691236831747,-1.4182095638948156,3.085678386428535,1.8386333014127874,0.8417196695459577,-0.6238699258790168,-1.7618165702686994,-0.651135495119281,-0.4144556004615526,-0.24325681499025026,0.8398810761404437,-1.6038274932198118,0.0,0.6882113771853678,-0.5664572772702333,-0.7965695658503499
3428,0.970780353846232,1.6835555573958174,-0.19891311032741552,2.641957250374442,-0.41702107268800304,-0.5843029902170278,-1.1218750943468254,0.7319291926560796,0.40683742795524463,1.5357786628062884,2.412803684849147,-0.6712721188129205,-0.03395849554613088,-0.44098153366023735,0.0,0.6882113771853678,-0.5664572772702333,-0.41632529460566275
3429,-0.5611463229532586,0.16516711692057381,-0.4050542273327106,-1.156263317812928,0.16676217049808661,-0.0391423246003194,0.07809948358765315,0.5059626729002302,0.40683742795524463,-0.651135495119281,-0.4144556004615526,0.2933866491291717,1.016165833531886,1.690902725532316,0.0,0.6882113771853678,-0.5664572772702333,-1.176813837095037
3430,-0.8396875366340515,-0.2349935637968433,-1.8480420463697762,2.3800110042925544,-0.41702107268800304,0.2637247118534075,-0.9764236303547674,0.5059626729002302,0.40683742795524463,1.5357786628062884,-0.4144556004615526,-0.32143382882282595,-0.3573583628011897,0.33424910604614566,0.0,0.6882113771853678,-0.5664572772702333,-0.7965695658503499
3431,0.16984698132926634,0.3838571998613978,0.2133691236831747,1.0702797738831167,0.16676217049808661,0.990605599342352,1.3507997935181608,-0.6238699258790168,-1.7618165702686994,1.5357786628062884,-0.4144556004615526,1.2515227680087089,0.3026443385600032,-1.4100198332932161,0.0,0.6882113771853678,-0.5664572772702333,-0.03608102336097565
3432,0.985481175908736,1.7102581886921717,0.2133691236831747,-0.7633439486900966,3.085678386428535,0.7483119701793706,1.1689854635280883,-0.171936886367318,-3.9304705684926433,-0.651135495119281,-0.4144556004615526,1.0431180469969954,0.8612832812189899,-0.6347891935868331,0.0,0.6882113771853678,-0.5664572772702333,-0.7965695658503499
3433,0.5121467435503667,-0.012568903444057037,-0.19891311032741552,-0.10847833348537753,-0.41702107268800304,0.506018341016389,2.0416942474804363,1.4098287519236279,0.40683742795524463,-0.651135495119281,-0.4144556004615526,0.4345794315046975,-0.276889962896416,-1.0224045134400246,0.0,0.6882113771853678,-0.5664572772702333,-1.176813837095037
3434,1.0554923806640697,-1.622942960251024,-1.6419009293644813,1.9870916351697234,-0.41702107268800304,0.8088853774701159,2.3689600414625667,-0.6238699258790168,0.40683742795524463,-0.651135495119281,-0.4144556004615526,0.06603416363993383,1.214470805760964,0.915672085825933,0.0,-0.8930772127243898,-0.5664572772702333,-0.03608102336097565
3435,0.7888046631359826,1.5957774760821717,1.2440747087096502,0.5463872817193415,-0.41702107268800304,-0.7054498047985186,-0.9764236303547674,-0.3979034061231674,0.40683742795524463,-0.651135495119281,-0.4144556004615526,0.9966285069477011,-0.126824603033897,0.33424910604614566,0.0,0.6882113771853678,-0.5664572772702333,-0.7965695658503499
3436,-0.027764568136463528,-1.4700798985396035,0.6256513576937649,-0.8943170717310404,1.9181119000563556,0.44544493372564364,0.5508167415618417,-0.8498364456348662,-1.7618165702686994,-0.651135495119281,-0.4144556004615526,0.12514246145818003,0.21745890442374718,-0.6347891935868331,0.0,-0.8930772127243898,1.1921382551160753,-1.176813837095037
3437,-0.176926844550921,0.2928843428013222,-0.4050542273327106,-0.7633439486900966,-0.41702107268800304,0.990605599342352,-0.14007771240043385,-0.6238699258790168,0.40683742795524463,-0.651135495119281,-0.4144556004615526,0.10899304538452419,-0.11295164051044405,1.4970950656057203,0.0,-0.8930772127243898,2.950733787502384,-0.03608102336097565
3438,0.970780353846232,0.9042588638324561,0.83179247469906,0.4154141586783977,-0.41702107268800304,0.32429811914415285,-0.030989114406390354,-1.0758029653907155,0.40683742795524463,-0.651135495119281,-0.4144556004615526,1.2004283066301031,0.6947029903808345,-1.0224045134400246,0.0,-0.8930772127243898,-0.5664572772702333,-0.41632529460566275
3439,0.036180653050509895,0.1860371354166809,-1.8480420463697762,0.4154141586783977,-0.41702107268800304,0.7483119701793706,2.47804863945661,-0.8498364456348662,0.40683742795524463,-0.651135495119281,-0.4144556004615526,-0.2911620658698881,0.24843504834964247,1.3032874056791244,0.0,0.6882113771853678,-0.5664572772702333,-0.7965695658503499
3440,0.970780353846232,1.5952093994860217,0.6256513576937649,-0.7633439486900966,0.7505454136841763,0.5665917483071344,0.8780825355439722,-0.8498364456348662,-1.7618165702686994,-0.651135495119281,-0.4144556004615526,-0.2699830135936953,0.7220939855656602,-1.6038274932198118,0.0,0.6882113771853678,-0.5664572772702333,-0.41632529460566275
3441,1.0775558629510613,0.44825123966757435,0.2133691236831747,-0.6323708256491528,-0.41702107268800304,1.0511790066330975,0.07809948358765315,0.0540296333885314,0.40683742795524463,1.5357786628062884,2.412803684849147,0.3640378896724888,-0.050808777215332626,0.33424910604614566,0.0,0.6882113771853678,1.1921382551160753,-0.7965695658503499
3442,0.8411181390617098,1.5275548689728689,-1.0234775783485959,-1.0252901947719841,-0.41702107268800304,-2.219784987067153,1.3871626595161752,0.957895712411929,0.40683742795524463,1.5357786628062884,-0.4144556004615526,-0.0028029632097236203,0.3363037880618734,-0.6347891935868331,0.0,0.6882113771853678,-0.5664572772702333,-0.7965695658503499
3443,0.36376978735169824,0.5135465768826667,0.4195102406884698,1.2012528969240606,0.16676217049808661,0.9300321920516067,1.3144369275201464,-0.8498364456348662,-3.9304705684926433,-0.651135495119281,-0.4144556004615526,1.1096046931291141,0.4219784966361127,-1.2162121733666202,0.0,-0.8930772127243898,-0.5664572772702333,-0.03608102336097565
3444,1.137132900776744,0.588087704333652,0.007228006677879595,1.0702797738831167,-0.41702107268800304,-0.3420093610540463,-0.6491578363726369,0.0540296333885314,0.40683742795524463,-0.651135495119281,-0.4144556004615526,-0.45909836921196456,0.7247892543753933,-1.2162121733666202,0.0,-0.8930772127243898,1.1921382551160753,0.7244075191283986
3445,0.37083974648073253,0.5437004714580668,1.037933591704355,-0.7633439486900966,-0.41702107268800304,0.20315130456266212,-0.39461777438653534,-0.6238699258790168,-1.7618165702686994,-0.651135495119281,-0.4144556004615526,-0.05553742445708071,-0.031149639816920496,-0.44098153366023735,0.0,0.6882113771853678,-0.5664572772702333,-1.176813837095037
3446,-0.532383836463084,-0.7422101862411079,1.037933591704355,-0.23945145652632133,-0.41702107268800304,-2.2803583943578984,-0.9764236303547674,0.0540296333885314,0.40683742795524463,-0.651135495119281,-0.4144556004615526,-0.44577070761176424,-0.4302956305981107,1.690902725532316,0.0,-0.8930772127243898,-0.5664572772702333,-0.03608102336097565
3447,-0.09812918601178221,-1.8003907894530935,-1.4357598123591861,-0.10847833348537753,-0.41702107268800304,0.506018341016389,2.1144199794764655,0.7319291926560796,-6.099124566716587,-0.651135495119281,-0.4144556004615526,-0.4301764294322399,-0.713011011495779,-0.8285968535134288,0.0,-0.8930772127243898,-0.5664572772702333,-0.03608102336097565
3448,0.30519084634539195,0.6631915104147865,0.4195102406884698,0.2844410356374539,-0.41702107268800304,0.6877385628886251,1.7507913194963203,0.0540296333885314,0.40683742795524463,1.5357786628062884,-0.4144556004615526,0.2708138874153813,-0.3214340102931899,-1.0224045134400246,0.0,-0.8930772127243898,-0.5664572772702333,-0.03608102336097565
3449,0.04011429042884599,-0.58041208723011,-1.0234775783485959,-0.5013977026082089,-0.41702107268800304,-1.73519772874119,-0.9400607643567529,0.0540296333885314,0.40683742795524463,-0.651135495119281,-0.4144556004615526,0.08004657968469246,-0.0074031221024529305,0.33424910604614566,0.0,-0.8930772127243898,1.1921382551160753,0.7244075191283986
3450,0.37083974648073253,0.6394512803601939,-0.4050542273327106,0.4154141586783977,-0.41702107268800304,0.6271651555978798,-0.030989114406390354,0.2799961531443808,0.40683742795524463,-0.651135495119281,-0.4144556004615526,-0.6003717025186069,-0.020813252089401917,-1.0224045134400246,0.0,0.6882113771853678,-0.5664572772702333,-1.176813837095037
3451,0.34454150071943446,0.47683165566664665,-1.6419009293644813,0.9393066508421729,-0.41702107268800304,-0.46315617563553707,2.0416942474804363,1.4098287519236279,0.40683742795524463,1.5357786628062884,-0.4144556004615526,-0.46005784597077587,-0.4371502024892469,1.1094797457525287,0.0,0.6882113771853678,-0.5664572772702333,-0.41632529460566275
3452,-1.0558183782919992,0.19510818018119216,1.4502158257149453,2.90390349645633,-0.41702107268800304,-0.22086254647255554,-0.6127949703746224,-0.6238699258790168,0.40683742795524463,-0.651135495119281,-0.4144556004615526,0.3302250831789463,-0.2635114394298079,1.1094797457525287,0.0,0.6882113771853678,-0.5664572772702333,-0.03608102336097565
3453,0.08344945933337454,0.31896194319823656,0.2133691236831747,-0.10847833348537753,-0.41702107268800304,0.02143108269042598,-0.10371484640241935,-0.171936886367318,0.40683742795524463,-0.651135495119281,-0.4144556004615526,0.37531691000578826,-0.15851914272728787,-0.6347891935868331,0.0,-0.8930772127243898,1.1921382551160753,0.7244075191283986
3454,1.0451506417462413,0.6173470189926032,1.037933591704355,0.4154141586783977,-0.41702107268800304,0.32429811914415285,0.005373751591624148,-1.0758029653907155,0.40683742795524463,-0.651135495119281,-0.4144556004615526,0.9237157329434101,0.9779190931008178,-0.8285968535134288,0.0,0.6882113771853678,-0.5664572772702333,-0.03608102336097565
3455,0.37083974648073253,0.6501603499091235,-0.6111953443380057,0.15346791259651008,-0.41702107268800304,0.6271651555978798,0.04173661758963865,0.957895712411929,0.40683742795524463,1.5357786628062884,-0.4144556004615526,-0.5176641642012437,0.026255049623735354,-1.2162121733666202,0.0,0.6882113771853678,-0.5664572772702333,-1.176813837095037
3456,-1.121977602077129,0.5225837705132514,-1.4357598123591861,-1.156263317812928,-0.41702107268800304,0.7483119701793706,-0.5037063723805789,1.1838622321677783,0.40683742795524463,1.5357786628062884,2.412803684849147,-0.5233507728813086,-1.2799608350467253,-1.4100198332932161,0.0,0.6882113771853678,1.1921382551160753,1.4848960616177729
3457,0.8761368185555497,0.33817089595876565,1.6563569427202405,-0.37042457956726516,-0.41702107268800304,-2.583225430811625,-0.9764236303547674,-0.6238699258790168,0.40683742795524463,-0.651135495119281,-0.4144556004615526,0.3809363723443655,-0.0845607417380184,-1.0224045134400246,0.0,0.6882113771853678,1.1921382551160753,-0.7965695658503499
3458,1.0146019880832589,0.5429690342722219,0.2133691236831747,-1.5491826869357594,-0.41702107268800304,0.7483119701793706,-0.8309721663627093,-0.171936886367318,0.40683742795524463,1.5357786628062884,-0.4144556004615526,1.2836558465798347,-0.08886087271254887,-1.4100198332932161,0.0,-0.8930772127243898,1.1921382551160753,-0.03608102336097565
3459,0.017095316722317847,-1.8003907894530935,-0.6111953443380057,-0.5013977026082089,-0.41702107268800304,-0.4025827683447917,-0.6855207023706513,-0.6238699258790168,0.40683742795524463,-0.651135495119281,-0.4144556004615526,0.09023516753797275,-0.06100713073889485,1.4970950656057203,0.0,0.6882113771853678,-0.5664572772702333,0.34416324788371144
3460,-1.318986266815757,-1.8003907894530935,-1.6419009293644813,-0.8943170717310404,-0.41702107268800304,-0.09971573189106478,0.11446234958566764,1.1838622321677783,0.40683742795524463,-0.651135495119281,-0.4144556004615526,0.7694824560766161,0.5182705546706385,1.4970950656057203,0.0,0.6882113771853678,-0.5664572772702333,-0.7965695658503499
3461,-1.227318021890286,-1.8003907894530935,-1.8480420463697762,-1.0252901947719841,-0.41702107268800304,0.38487152643489825,0.40536527756978363,2.087728311191176,0.40683742795524463,-0.651135495119281,-0.4144556004615526,0.4827913606758659,0.8836388451420673,-1.2162121733666202,0.0,-0.8930772127243898,-0.5664572772702333,-0.7965695658503499
3462,0.22912765502069532,-0.2682053853116615,-0.19891311032741552,0.022494789555566278,-0.41702107268800304,0.32429811914415285,-0.5400692383785933,-0.8498364456348662,0.40683742795524463,-0.651135495119281,-0.4144556004615526,-0.3428543160423422,-0.37548535090144963,-0.44098153366023735,0.0,-0.8930772127243898,1.1921382551160753,0.7244075191283986
3463,0.07846683406287765,-0.31829751796510986,0.007228006677879595,0.15346791259651008,0.16676217049808661,0.8088853774701159,-0.28552917639249187,-0.3979034061231674,-1.7618165702686994,-0.651135495119281,-0.4144556004615526,-0.38042423595186964,0.6294136793749883,-0.24717387373364158,0.0,0.6882113771853678,-0.5664572772702333,0.7244075191283986
3464,0.0022190512786178424,-0.3564515961487489,0.4195102406884698,0.5463872817193415,0.7505454136841763,1.0511790066330975,-0.14007771240043385,-0.3979034061231674,-1.7618165702686994,-0.651135495119281,-0.4144556004615526,-0.5749693071928567,1.1270474110461102,0.14044144611954992,0.0,0.6882113771853678,-0.5664572772702333,0.34416324788371144
3465,-0.19421470256364562,0.47742274615534863,0.83179247469906,-0.6323708256491528,-0.41702107268800304,-0.46315617563553707,-0.32189204239050634,0.0540296333885314,0.40683742795524463,-0.651135495119281,-0.4144556004615526,0.2944282624323291,0.01943630332028816,0.33424910604614566,0.0,0.6882113771853678,-0.5664572772702333,0.34416324788371144
3466,-0.11932211320147422,-1.7821039524206777,0.6256513576937649,-0.8943170717310404,2.501895143242445,0.38487152643489825,0.6599053395558852,-0.8498364456348662,-1.7618165702686994,-0.651135495119281,-0.4144556004615526,0.08476498983447893,0.14860510200551186,-0.6347891935868331,0.0,-0.8930772127243898,1.1921382551160753,-1.176813837095037
3467,0.970780353846232,0.24169736485609505,0.83179247469906,-0.8943170717310404,-0.41702107268800304,-1.73519772874119,-0.9036978983587384,-0.171936886367318,0.40683742795524463,-0.651135495119281,-0.4144556004615526,0.4269890743844118,0.7771910986105978,0.14044144611954992,0.0,0.6882113771853678,-0.5664572772702333,-0.41632529460566275
3468,-0.9858684689810041,-1.8003907894530935,-0.19891311032741552,-0.10847833348537753,-0.41702107268800304,-0.22086254647255554,-0.8309721663627093,-0.6238699258790168,0.40683742795524463,1.5357786628062884,-0.4144556004615526,-0.3035234928357508,-0.5387088502394405,1.4970950656057203,0.0,0.6882113771853678,1.1921382551160753,0.34416324788371144
3469,1.0718031166720068,0.5621912914637145,0.83179247469906,-1.287236440853872,1.334328656870266,0.6271651555978798,-0.14007771240043385,-0.3979034061231674,-1.7618165702686994,1.5357786628062884,-0.4144556004615526,0.31430018497493734,0.13234859521062964,0.14044144611954992,0.0,0.6882113771853678,-0.5664572772702333,-0.7965695658503499
3470,0.7138495612434224,1.4845725536983951,-1.0234775783485959,-1.0252901947719841,-0.41702107268800304,-2.4620786162301345,1.6053398555042624,0.957895712411929,0.40683742795524463,1.5357786628062884,-0.4144556004615526,0.3039480436436687,0.2606056216959917,-0.24717387373364158,0.0,0.6882113771853678,-0.5664572772702333,-0.7965695658503499
3471,0.35471591902715843,0.2898240068847146,0.83179247469906,-0.23945145652632133,-0.41702107268800304,-1.9169179506134262,0.5871796075598562,0.2799961531443808,0.40683742795524463,-0.651135495119281,-0.4144556004615526,0.228979131945889,-0.31273918942836487,-1.2162121733666202,0.0,0.6882113771853678,-0.5664572772702333,-0.41632529460566275
3472,-0.6506476491580782,-1.8003907894530935,1.8624980597255354,-1.287236440853872,-0.41702107268800304,-1.432330692287463,0.6599053395558852,-1.0758029653907155,0.40683742795524463,-0.651135495119281,-0.4144556004615526,-0.5533112555369187,1.1227937715660061,-1.0224045134400246,0.0,-0.8930772127243898,-0.5664572772702333,-0.03608102336097565
3473,0.37083974648073253,0.17508553663727058,0.6256513576937649,1.2012528969240606,-0.41702107268800304,0.44544493372564364,0.11446234958566764,-0.8498364456348662,0.40683742795524463,-0.651135495119281,-0.4144556004615526,-0.12604432211499134,0.207830329196072,-0.24717387373364158,0.0,0.6882113771853678,-0.5664572772702333,-0.03608102336097565
3474,0.4506374113200556,0.2573863351208347,-0.6111953443380057,-0.8943170717310404,-0.41702107268800304,-0.5843029902170278,0.15082521558368214,0.7319291926560796,0.40683742795524463,1.5357786628062884,-0.4144556004615526,-0.6503272627226081,-0.2934344287313734,-1.2162121733666202,0.0,-0.8930772127243898,-0.5664572772702333,-0.41632529460566275
3475,-0.6242848242549313,-0.17554686096788863,1.037933591704355,0.5463872817193415,-0.41702107268800304,0.44544493372564364,-0.28552917639249187,-0.6238699258790168,0.40683742795524463,-0.651135495119281,-0.4144556004615526,0.12409170434522421,0.5483290340755909,1.4970950656057203,0.0,0.6882113771853678,1.1921382551160753,-0.41632529460566275
3476,0.049781817743486785,-0.3503743115462879,-1.229618695353891,-0.6323708256491528,-0.41702107268800304,-1.6746243214504446,-0.9036978983587384,0.0540296333885314,0.40683742795524463,-0.651135495119281,-0.4144556004615526,-0.06915962394477419,-0.11403474480027159,-0.053366213807045836,0.0,-0.8930772127243898,-0.5664572772702333,0.34416324788371144
3477,0.9282763837222145,0.4467052814175061,0.83179247469906,0.2844410356374539,-0.41702107268800304,-0.8871700266707547,-1.0491493623507964,0.5059626729002302,0.40683742795524463,-0.651135495119281,-0.4144556004615526,-0.4288535834542443,-0.04223823435179602,-1.0224045134400246,0.0,0.6882113771853678,-0.5664572772702333,-0.41632529460566275
3478,0.37045825776400193,0.6520138282119334,0.6256513576937649,-0.37042457956726516,-0.41702107268800304,-1.250610470415227,-1.1218750943468254,0.5059626729002302,0.40683742795524463,-0.651135495119281,-0.4144556004615526,-0.5586935232557861,-0.151810557842022,-1.0224045134400246,0.0,-0.8930772127243898,-0.5664572772702333,-0.03608102336097565
3479,0.7843379227732833,0.2485116788609456,1.8624980597255354,-0.23945145652632133,-0.41702107268800304,-2.583225430811625,-0.9764236303547674,-0.3979034061231674,0.40683742795524463,-0.651135495119281,-0.4144556004615526,0.22596579984994414,-0.12910407667690635,-1.0224045134400246,0.0,0.6882113771853678,-0.5664572772702333,-0.03608102336097565
3480,1.053045835915657,1.3092614711074297,0.007228006677879595,0.15346791259651008,-0.41702107268800304,0.6877385628886251,0.07809948358765315,-1.301769485146565,0.40683742795524463,-0.651135495119281,-0.4144556004615526,1.1691361780244036,0.3172735249889301,-0.053366213807045836,0.0,-0.8930772127243898,-0.5664572772702333,-0.7965695658503499
3481,-0.37616790142909107,-0.041719141658159466,-1.6419009293644813,1.9870916351697234,-0.41702107268800304,0.6877385628886251,2.47804863945661,0.0540296333885314,0.40683742795524463,-0.651135495119281,-0.4144556004615526,0.6002954345187644,-0.04626183453939587,0.7218644258993372,0.0,0.6882113771853678,-0.5664572772702333,-0.7965695658503499
3482,0.08631910669944416,-0.32723584102801856,0.007228006677879595,0.4154141586783977,-0.41702107268800304,0.8694587847608612,0.04173661758963865,-1.301769485146565,0.40683742795524463,-0.651135495119281,-0.4144556004615526,-0.006361208252989168,0.14066630421437545,0.14044144611954992,0.0,0.6882113771853678,1.1921382551160753,-0.7965695658503499
3483,1.051135157981755,0.6035027373766999,0.6256513576937649,-0.5013977026082089,-0.41702107268800304,-1.553477506868954,-0.9764236303547674,-0.171936886367318,0.40683742795524463,1.5357786628062884,-0.4144556004615526,0.6687619499285015,0.9985945800478158,-0.6347891935868331,0.0,-0.8930772127243898,1.1921382551160753,-0.41632529460566275
3484,-0.8873195325722613,-0.4230563827906258,-1.8480420463697762,1.9870916351697234,-0.41702107268800304,0.20315130456266212,-0.9036978983587384,0.2799961531443808,0.40683742795524463,1.5357786628062884,-0.4144556004615526,-0.23828374916083322,-0.34845558711183205,-0.053366213807045836,0.0,0.6882113771853678,-0.5664572772702333,-0.41632529460566275
3485,-0.9714173830501973,0.20474839718997417,-0.19891311032741552,2.772930373415386,-0.41702107268800304,0.02143108269042598,-0.7946093003646949,-0.171936886367318,0.40683742795524463,-0.651135495119281,-0.4144556004615526,-0.15876733854845784,-0.5355415081102426,0.915672085825933,0.0,0.6882113771853678,-0.5664572772702333,-0.03608102336097565
3486,0.34737833898813675,-0.12077212549617737,-1.0234775783485959,0.2844410356374539,-0.41702107268800304,-0.4025827683447917,0.5871796075598562,0.2799961531443808,0.40683742795524463,-0.651135495119281,-0.4144556004615526,0.21906664356540181,-0.010169808038438729,-0.44098153366023735,0.0,0.6882113771853678,-0.5664572772702333,0.34416324788371144
3487,1.0975807837565035,0.3309708705302406,-1.0234775783485959,-0.7633439486900966,-0.41702107268800304,0.9300321920516067,-0.06735198040440485,0.957895712411929,0.40683742795524463,1.5357786628062884,2.412803684849147,0.25398245154372756,-0.1151976402842858,-0.24717387373364158,0.0,0.6882113771853678,1.1921382551160753,-0.41632529460566275
3488,0.970780353846232,1.6407110101105302,-0.6111953443380057,2.118064758210667,-0.41702107268800304,-0.4025827683447917,-1.012786496352782,0.5059626729002302,0.40683742795524463,1.5357786628062884,-0.4144556004615526,-0.6593057554287389,0.4205765238732552,-0.6347891935868331,0.0,-0.8930772127243898,-0.5664572772702333,-0.41632529460566275
3489,0.3229669371815085,-0.7014703122033963,1.8624980597255354,-1.287236440853872,-0.41702107268800304,-1.432330692287463,0.6599053395558852,-1.0758029653907155,0.40683742795524463,-0.651135495119281,-0.4144556004615526,-0.1395796661869768,0.5563676457393943,-1.0224045134400246,0.0,-0.8930772127243898,-0.5664572772702333,0.34416324788371144
3490,1.0947764042048078,0.6250048998537066,0.007228006677879595,0.4154141586783977,-0.41702107268800304,0.44544493372564364,1.7507913194963203,-0.6238699258790168,0.40683742795524463,-0.651135495119281,-0.4144556004615526,0.5558410176896819,0.8524833467606506,-1.0224045134400246,0.0,0.6882113771853678,1.1921382551160753,0.34416324788371144
3491,-0.5857510555915164,0.856638513948374,0.4195102406884698,-0.7633439486900966,0.16676217049808661,0.990605599342352,1.3871626595161752,-0.6238699258790168,0.40683742795524463,-0.651135495119281,-0.4144556004615526,-0.18473522712415505,-0.4388089151395946,1.1094797457525287,0.0,0.6882113771853678,-0.5664572772702333,-1.176813837095037
3492,-1.6518878711246179,-1.8003907894530935,1.037933591704355,-0.10847833348537753,-0.41702107268800304,0.5665917483071344,-0.32189204239050634,-0.6238699258790168,0.40683742795524463,-0.651135495119281,-0.4144556004615526,-0.20319474849716482,-0.48037294742301495,1.690902725532316,0.0,0.6882113771853678,-0.5664572772702333,-0.7965695658503499
3493,1.0718031166720068,1.0587077051362357,-0.4050542273327106,-0.6323708256491528,-0.41702107268800304,-0.6448763975077731,-0.6127949703746224,0.957895712411929,0.40683742795524463,-0.651135495119281,-0.4144556004615526,-0.32384877262377426,0.30795053393282473,-0.24717387373364158,0.0,0.6882113771853678,-0.5664572772702333,-0.7965695658503499
3494,-0.10526430511292598,1.9224174674538272,1.037933591704355,-0.37042457956726516,-0.41702107268800304,-1.9169179506134262,-1.1218750943468254,-0.171936886367318,0.40683742795524463,-0.651135495119281,-0.4144556004615526,-0.1245523849357165,0.13041737860881605,1.3032874056791244,0.0,0.6882113771853678,1.1921382551160753,-1.176813837095037
3495,1.137132900776744,0.23710786849009305,0.6256513576937649,0.2844410356374539,3.6694616296146245,1.0511790066330975,1.3871626595161752,-1.0758029653907155,-3.9304705684926433,-0.651135495119281,-0.4144556004615526,0.5377678517553318,-0.08917919704932831,0.33424910604614566,0.0,-0.8930772127243898,2.950733787502384,0.34416324788371144
3496,-0.6186359244783813,-1.4272245022720875,-1.6419009293644813,2.2490378812516107,-0.41702107268800304,0.8088853774701159,2.441685773458596,-0.6238699258790168,0.40683742795524463,-0.651135495119281,-0.4144556004615526,0.5049128746819551,-0.4798570602882299,0.7218644258993372,0.0,0.6882113771853678,-0.5664572772702333,-0.7965695658503499
3497,0.02835763651566118,-0.05208656860566312,0.6256513576937649,-0.10847833348537753,-0.41702107268800304,0.08200448998117135,0.7326310715519142,0.5059626729002302,0.40683742795524463,-0.651135495119281,-0.4144556004615526,-0.9896844513564632,-0.07755789033717525,-0.44098153366023735,0.0,0.6882113771853678,-0.5664572772702333,-0.03608102336097565
3498,-0.24195841991858105,0.28945635277805953,-1.4357598123591861,0.9393066508421729,-0.41702107268800304,-0.4025827683447917,2.0416942474804363,0.2799961531443808,0.40683742795524463,1.5357786628062884,-0.4144556004615526,-0.26994695002627483,-0.7400078575845511,1.3032874056791244,0.0,0.6882113771853678,1.1921382551160753,-0.7965695658503499
3499,-0.06639307809839305,0.43658466138290686,0.83179247469906,-1.6801558099767033,1.334328656870266,0.506018341016389,1.7144284534983059,0.0540296333885314,-1.7618165702686994,-0.651135495119281,-0.4144556004615526,-0.476990839393808,-0.03792484119177349,1.4970950656057203,0.0,0.6882113771853678,-0.5664572772702333,-0.03608102336097565
3500,-0.84328752213251,-0.018600052319056277,-1.6419009293644813,0.5463872817193415,-0.41702107268800304,-0.6448763975077731,-0.24916631039447737,1.4098287519236279,0.40683742795524463,-0.651135495119281,-0.4144556004615526,-0.5245973583353347,0.15835053089972925,1.8847103854589116,0.0,-0.8930772127243898,-0.5664572772702333,-0.41632529460566275
3501,0.08893724693791871,-0.028932852464877742,0.007228006677879595,0.6773604047602854,-0.41702107268800304,0.8694587847608612,-0.7946093003646949,-0.3979034061231674,0.40683742795524463,-0.651135495119281,-0.4144556004615526,-0.0009427246609720753,-0.3638164662509406,-0.44098153366023735,0.0,0.6882113771853678,2.950733787502384,0.34416324788371144
3502,0.4803087254697623,-0.06857303885650846,0.6256513576937649,-0.37042457956726516,-0.41702107268800304,-1.250610470415227,-1.1218750943468254,0.2799961531443808,0.40683742795524463,-0.651135495119281,-0.4144556004615526,-0.18386025524840247,-0.3089854340482518,-1.0224045134400246,0.0,0.6882113771853678,-0.5664572772702333,-1.176813837095037
3503,-0.1802720577480851,-1.8003907894530935,0.2133691236831747,-0.7633439486900966,1.9181119000563556,-0.3420093610540463,-0.5037063723805789,-1.301769485146565,-1.7618165702686994,-0.651135495119281,-0.4144556004615526,0.5581623442964938,-0.2886092292453627,-0.44098153366023735,0.0,0.6882113771853678,-0.5664572772702333,-0.41632529460566275
3504,-0.03657514340986163,0.07565238976179658,0.6256513576937649,0.6773604047602854,-0.41702107268800304,0.5665917483071344,0.005373751591624148,-1.0758029653907155,0.40683742795524463,-0.651135495119281,-0.4144556004615526,0.13857332997279326,-0.3906275964113479,-0.6347891935868331,0.0,-0.8930772127243898,-0.5664572772702333,-0.7965695658503499
3505,0.017095316722317847,-1.8003907894530935,0.2133691236831747,-0.8943170717310404,2.501895143242445,-0.09971573189106478,-0.43098064038454986,-1.5277360049024145,-1.7618165702686994,-0.651135495119281,-0.4144556004615526,0.7029118092330214,-0.3804979355612348,-1.0224045134400246,0.0,0.6882113771853678,-0.5664572772702333,0.34416324788371144
3506,0.970780353846232,0.551638365286634,0.83179247469906,0.9393066508421729,-0.41702107268800304,0.38487152643489825,0.04173661758963865,-1.0758029653907155,0.40683742795524463,-0.651135495119281,-0.4144556004615526,1.235765636271372,1.029138452767652,-0.44098153366023735,0.0,0.6882113771853678,-0.5664572772702333,-0.41632529460566275
3507,0.42773421981723997,0.3898809456311685,0.83179247469906,0.15346791259651008,-0.41702107268800304,-1.0083168412522454,-1.0855122283488108,0.5059626729002302,0.40683742795524463,-0.651135495119281,-0.4144556004615526,-0.041901866731940726,-0.19709929602568085,-1.0224045134400246,0.0,-0.8930772127243898,-0.5664572772702333,-0.41632529460566275
3508,1.0970395308840606,0.47391591494590624,0.83179247469906,-0.5013977026082089,0.16676217049808661,0.14257789727191675,0.5144538755638272,0.0540296333885314,-1.7618165702686994,-0.651135495119281,-0.4144556004615526,1.303920260701343,0.6840275223240604,-0.24717387373364158,0.0,0.6882113771853678,-0.5664572772702333,-0.41632529460566275
3509,-0.07157808747959243,0.46674157102710834,-0.19891311032741552,-1.0252901947719841,0.16676217049808661,1.0511790066330975,-0.14007771240043385,-0.6238699258790168,-1.7618165702686994,-0.651135495119281,-0.4144556004615526,0.1298355767796763,0.025185610583784747,1.1094797457525287,0.0,0.6882113771853678,1.1921382551160753,-0.41632529460566275
3510,-1.0708451612912722,-1.7053715332547816,0.007228006677879595,-0.10847833348537753,-0.41702107268800304,0.08200448998117135,-0.9036978983587384,-0.6238699258790168,0.40683742795524463,1.5357786628062884,-0.4144556004615526,-0.30730391463873896,-0.6523613957364796,1.1094797457525287,0.0,0.6882113771853678,1.1921382551160753,1.1046517903730857
3511,-0.08242821080301074,0.46230074439100605,-0.19891311032741552,-1.0252901947719841,0.16676217049808661,1.0511790066330975,-0.14007771240043385,-0.6238699258790168,-1.7618165702686994,-0.651135495119281,-0.4144556004615526,0.12014441284751282,0.0057100602908075416,1.1094797457525287,0.0,0.6882113771853678,1.1921382551160753,-0.41632529460566275
3512,0.43588322245362654,0.3211180417356222,0.6256513576937649,-0.23945145652632133,1.9181119000563556,0.08200448998117135,-0.32189204239050634,-1.301769485146565,-1.7618165702686994,-0.651135495119281,-0.4144556004615526,-0.2482656053796549,-0.11682753319229115,-1.2162121733666202,0.0,0.6882113771853678,-0.5664572772702333,-0.7965695658503499
3513,1.0718031166720068,1.4064856106201689,0.4195102406884698,-0.23945145652632133,2.501895143242445,1.2328992285053335,-0.35825490838852087,-0.6238699258790168,-3.9304705684926433,-0.651135495119281,-0.4144556004615526,0.4501607962451091,0.25172017588541745,-0.24717387373364158,0.0,-0.8930772127243898,-0.5664572772702333,-0.7965695658503499
3514,0.5953543825668867,0.42092485436267185,0.6256513576937649,1.463199143005948,-0.41702107268800304,0.8088853774701159,-0.43098064038454986,-0.6238699258790168,0.40683742795524463,1.5357786628062884,2.412803684849147,0.23129266398122061,0.01034176560535272,-0.8285968535134288,0.0,0.6882113771853678,-0.5664572772702333,-1.176813837095037
3515,0.6132146743118854,1.8396225333300387,0.007228006677879595,-1.287236440853872,0.7505454136841763,1.4146194503775698,-0.030989114406390354,-0.3979034061231674,-1.7618165702686994,-0.651135495119281,-0.4144556004615526,-0.13557617062768204,0.3378502083969501,-1.6038274932198118,0.0,0.6882113771853678,-0.5664572772702333,-0.41632529460566275
3516,1.0543181921437994,0.15541550377103397,-0.8173364613433008,0.2844410356374539,-0.41702107268800304,-0.4025827683447917,-1.0491493623507964,-1.9796690444141132,0.40683742795524463,1.5357786628062884,2.412803684849147,1.0052624576806384,0.10091632226895197,-0.6347891935868331,0.0,0.6882113771853678,-0.5664572772702333,-0.7965695658503499
3517,1.0738932700478012,0.8891555452098936,0.2133691236831747,1.594172266046892,-0.41702107268800304,-0.46315617563553707,-0.7946093003646949,0.5059626729002302,0.40683742795524463,-0.651135495119281,-0.4144556004615526,-0.599792350559361,0.4087322289085375,-0.8285968535134288,0.0,-0.8930772127243898,1.1921382551160753,-0.03608102336097565
3518,0.30486590107301353,-0.1675152008203305,0.83179247469906,-1.0252901947719841,-0.41702107268800304,0.32429811914415285,0.005373751591624148,-0.6238699258790168,0.40683742795524463,-0.651135495119281,-0.4144556004615526,0.16696322281269219,0.09312380930182788,0.14044144611954992,0.0,-0.8930772127243898,1.1921382551160753,0.34416324788371144
3519,0.30486590107301353,0.00856354119208629,-1.6419009293644813,2.118064758210667,-0.41702107268800304,0.6877385628886251,2.47804863945661,-0.171936886367318,0.40683742795524463,-0.651135495119281,-0.4144556004615526,-0.13005373288417182,0.467606203469085,0.7218644258993372,0.0,-0.8930772127243898,1.1921382551160753,-0.03608102336097565
3520,1.0227552779074824,1.6704665382351689,0.6256513576937649,-1.4182095638948156,3.6694616296146245,1.0511790066330975,1.0235339995360302,-0.6238699258790168,-3.9304705684926433,-0.651135495119281,-0.4144556004615526,0.5633274748455457,1.7905054042835826,-1.0224045134400246,0.0,0.6882113771853678,-0.5664572772702333,-0.7965695658503499
3521,-1.061677409431791,-0.9164107241317024,-1.229618695353891,0.5463872817193415,-0.41702107268800304,0.32429811914415285,-0.7946093003646949,-0.3979034061231674,0.40683742795524463,1.5357786628062884,-0.4144556004615526,-0.12951357436048974,-0.005601763902647971,-1.2162121733666202,0.0,0.6882113771853678,-0.5664572772702333,1.1046517903730857
3522,1.107339979857972,0.05796831645483279,1.037933591704355,-0.6323708256491528,0.7505454136841763,0.506018341016389,-0.43098064038454986,-1.0758029653907155,0.40683742795524463,-0.651135495119281,-0.4144556004615526,-0.6129922137009571,0.9977100999768819,-1.0224045134400246,0.0,0.6882113771853678,1.1921382551160753,-0.03608102336097565
3523,0.33296996241197596,0.23709041805509443,1.037933591704355,-1.0252901947719841,-0.41702107268800304,0.08200448998117135,-0.28552917639249187,-0.3979034061231674,0.40683742795524463,-0.651135495119281,-0.4144556004615526,0.012406963555499622,-0.20226220214841986,-0.053366213807045836,0.0,0.6882113771853678,-0.5664572772702333,-0.41632529460566275
3524,-0.12468803895260275,2.101748397653037,1.037933591704355,-0.37042457956726516,-0.41702107268800304,-2.219784987067153,-1.1218750943468254,-0.171936886367318,0.40683742795524463,1.5357786628062884,-0.4144556004615526,-0.05697129239326622,0.13187366523696223,1.3032874056791244,0.0,0.6882113771853678,1.1921382551160753,-1.176813837095037
3525,1.1236038253459495,0.3455451948616702,0.4195102406884698,0.15346791259651008,-0.41702107268800304,0.6271651555978798,1.787154185494335,0.0540296333885314,-1.7618165702686994,-0.651135495119281,-0.4144556004615526,0.643837665436116,0.6617816902552895,-1.0224045134400246,0.0,-0.8930772127243898,1.1921382551160753,0.34416324788371144
3526,1.0703715783866976,0.35576663768771943,0.6256513576937649,0.6773604047602854,-0.41702107268800304,-0.46315617563553707,-0.7582464343666804,0.0540296333885314,0.40683742795524463,-0.651135495119281,-0.4144556004615526,0.1420936646979803,0.39361268530342436,-0.6347891935868331,0.0,0.6882113771853678,-0.5664572772702333,-0.03608102336097565
3527,0.23272710689341444,-0.20665439231015506,0.6256513576937649,-0.6323708256491528,-0.41702107268800304,0.5665917483071344,0.15082521558368214,-0.6238699258790168,0.40683742795524463,-0.651135495119281,-0.4144556004615526,0.25609251524234494,0.3350925603423463,-0.24717387373364158,0.0,-0.8930772127243898,-0.5664572772702333,-0.03608102336097565
3528,0.40900873627252654,-0.18102595720836015,0.2133691236831747,-0.7633439486900966,-0.41702107268800304,-1.3717572849967177,-1.0491493623507964,0.0540296333885314,0.40683742795524463,-0.651135495119281,-0.4144556004615526,-0.29889115024346524,-0.3979360979620809,-0.6347891935868331,0.0,0.6882113771853678,-0.5664572772702333,-0.7965695658503499
3529,1.1348635669957343,-0.063925648614413,1.037933591704355,0.15346791259651008,1.334328656870266,0.6271651555978798,0.5871796075598562,0.2799961531443808,-1.7618165702686994,-0.651135495119281,-0.4144556004615526,1.5407100248061447,1.1933285336680373,-0.44098153366023735,0.0,0.6882113771853678,-0.5664572772702333,-0.03608102336097565
3530,1.0718031166720068,0.8994177956927203,0.6256513576937649,0.9393066508421729,0.7505454136841763,0.9300321920516067,-0.43098064038454986,-0.8498364456348662,-1.7618165702686994,-0.651135495119281,-0.4144556004615526,0.5155787546663434,0.5057351991584106,-0.6347891935868331,0.0,-0.8930772127243898,-0.5664572772702333,-0.7965695658503499
3531,-0.030239119371169024,0.5433908641982778,-0.6111953443380057,0.6773604047602854,-0.41702107268800304,-0.7054498047985186,-0.39461777438653534,0.5059626729002302,0.40683742795524463,1.5357786628062884,-0.4144556004615526,0.6203347193381252,-0.42535361561472673,0.915672085825933,0.0,0.6882113771853678,-0.5664572772702333,-0.41632529460566275
3532,-0.8950374768090243,-0.5037398863202404,-2.6726065143909565,-0.8943170717310404,-0.41702107268800304,0.7483119701793706,-0.28552917639249187,2.087728311191176,0.40683742795524463,1.5357786628062884,2.412803684849147,-0.49545447789010344,-1.4120889599768793,-1.2162121733666202,0.0,0.6882113771853678,2.950733787502384,1.4848960616177729
3533,1.022067646291677,1.1629544173058401,0.6256513576937649,1.2012528969240606,-0.41702107268800304,0.7483119701793706,0.5871796075598562,-0.3979034061231674,0.40683742795524463,-0.651135495119281,-0.4144556004615526,0.7225767885378965,0.2713074458452082,-1.2162121733666202,0.0,-0.8930772127243898,-0.5664572772702333,-0.7965695658503499
3534,0.8967454539646695,0.358299178554002,-1.4357598123591861,-0.37042457956726516,-0.41702107268800304,0.506018341016389,2.0416942474804363,0.7319291926560796,-6.099124566716587,-0.651135495119281,-0.4144556004615526,1.6140810916521944,0.3347818730956656,-1.0224045134400246,0.0,-0.8930772127243898,-0.5664572772702333,-0.7965695658503499
3535,0.0798256550595021,-0.33209294994120975,-0.19891311032741552,0.15346791259651008,-0.41702107268800304,-0.5237295829262825,1.3507997935181608,-0.8498364456348662,0.40683742795524463,-0.651135495119281,-0.4144556004615526,-0.4836581470387624,-0.01135438615691407,-0.053366213807045836,0.0,-0.8930772127243898,-0.5664572772702333,-1.176813837095037
3536,1.137132900776744,0.28785129907487905,0.6256513576937649,0.2844410356374539,1.334328656870266,0.8694587847608612,1.5689769895062478,-0.6238699258790168,-1.7618165702686994,-0.651135495119281,-0.4144556004615526,0.5377678517553318,0.29773979103977133,-0.24717387373364158,0.0,-0.8930772127243898,2.950733787502384,0.34416324788371144
3537,0.3849757660434625,0.6069025705489545,0.6256513576937649,-0.37042457956726516,-0.41702107268800304,-1.6746243214504446,-0.9400607643567529,-0.3979034061231674,0.40683742795524463,-0.651135495119281,-0.4144556004615526,0.0823898183411233,0.7436323936500454,-1.2162121733666202,0.0,0.6882113771853678,1.1921382551160753,-1.176813837095037
3538,1.018005183749887,1.4419542506621834,0.2133691236831747,0.6773604047602854,-0.41702107268800304,0.7483119701793706,0.33263954557375464,-0.8498364456348662,0.40683742795524463,-0.651135495119281,-0.4144556004615526,1.0058457598269477,0.34669131008186416,-0.6347891935868331,0.0,-0.8930772127243898,1.1921382551160753,-0.7965695658503499
3539,0.31298723948406165,1.1529090884843478,-1.229618695353891,0.15346791259651008,-0.41702107268800304,-0.22086254647255554,0.29627667957574016,-0.3979034061231674,0.40683742795524463,1.5357786628062884,-0.4144556004615526,-0.9051826834388182,-1.3096969868618145,0.33424910604614566,0.0,-0.8930772127243898,1.1921382551160753,-0.03608102336097565
3540,1.0848280499674174,0.3286248304934643,0.83179247469906,0.4154141586783977,-0.41702107268800304,0.38487152643489825,-0.030989114406390354,-1.301769485146565,0.40683742795524463,-0.651135495119281,-0.4144556004615526,0.757233502615501,1.1582251414149995,-0.8285968535134288,0.0,0.6882113771853678,-0.5664572772702333,0.34416324788371144
3541,0.37083974648073253,0.6578141315122034,0.83179247469906,-0.10847833348537753,-0.41702107268800304,-1.0688902485429908,-1.0855122283488108,0.5059626729002302,0.40683742795524463,-0.651135495119281,-0.4144556004615526,-0.3547485534573625,-0.15082643784434138,-1.0224045134400246,0.0,-0.8930772127243898,-0.5664572772702333,0.34416324788371144
3542,0.14296973830700271,-0.06285825974630241,0.4195102406884698,-0.23945145652632133,0.16676217049808661,0.990605599342352,1.6780655875002912,-1.0758029653907155,0.40683742795524463,-0.651135495119281,-0.4144556004615526,0.4600319138750626,0.2650618571979619,0.33424910604614566,0.0,-0.8930772127243898,-0.5664572772702333,-0.03608102336097565
3543,0.21443412821152763,-0.15240295080571728,0.2133691236831747,-0.6323708256491528,-0.41702107268800304,0.32429811914415285,-0.32189204239050634,-0.6238699258790168,0.40683742795524463,-0.651135495119281,-0.4144556004615526,-0.06817382864747244,-0.09292275439693538,-0.24717387373364158,0.0,0.6882113771853678,1.1921382551160753,1.1046517903730857
3544,0.14607233718679458,-0.21159581079262668,0.2133691236831747,1.0702797738831167,-0.41702107268800304,0.8088853774701159,-0.7218835683686659,-0.3979034061231674,0.40683742795524463,-0.651135495119281,-0.4144556004615526,-0.08696584873749691,-0.4824860190784319,-0.24717387373364158,0.0,0.6882113771853678,2.950733787502384,1.4848960616177729
3545,-1.297244079178044,-1.8003907894530935,-1.6419009293644813,-0.5013977026082089,-0.41702107268800304,0.02143108269042598,0.11446234958566764,1.4098287519236279,0.40683742795524463,-0.651135495119281,-0.4144556004615526,0.6198356355477079,0.07916074200808805,1.8847103854589116,0.0,0.6882113771853678,-0.5664572772702333,-0.7965695658503499
3546,-0.1409418618279995,-0.29714600101424593,-2.2603242803803667,0.4154141586783977,-0.41702107268800304,-0.28143595376330094,1.8962427834883784,3.217560909970423,0.40683742795524463,-0.651135495119281,-0.4144556004615526,-0.7641536835786724,-0.5323751853011419,0.14044144611954992,0.0,0.6882113771853678,-0.5664572772702333,-1.176813837095037
3547,0.970780353846232,0.6027032736309847,-1.8480420463697762,-1.0252901947719841,-0.41702107268800304,0.8694587847608612,-0.43098064038454986,1.4098287519236279,0.40683742795524463,1.5357786628062884,2.412803684849147,1.620535812071506,0.6159751884990228,-1.4100198332932161,0.0,0.6882113771853678,-0.5664572772702333,-0.41632529460566275
3548,1.137132900776744,-1.8003907894530935,0.6256513576937649,-0.37042457956726516,-0.41702107268800304,1.2934726357960789,1.2417111955241174,-0.6238699258790168,-1.7618165702686994,-0.651135495119281,-0.4144556004615526,0.5377678517553318,1.2957021721498414,1.1094797457525287,0.0,0.6882113771853678,-0.5664572772702333,0.34416324788371144
3549,0.0218220109712111,-0.35093292387845926,-1.229618695353891,-0.5013977026082089,-0.41702107268800304,-1.6746243214504446,-0.8673350323607238,0.0540296333885314,0.40683742795524463,-0.651135495119281,-0.4144556004615526,-0.031374462793003384,-0.06527786650667232,-0.053366213807045836,0.0,-0.8930772127243898,1.1921382551160753,0.34416324788371144
3550,-0.2514955071148768,0.3259847085867121,0.6256513576937649,-1.6801558099767033,0.7505454136841763,0.506018341016389,1.6053398555042624,-0.171936886367318,-1.7618165702686994,-0.651135495119281,-0.4144556004615526,-0.400616948082561,-0.06616974191465577,1.4970950656057203,0.0,0.6882113771853678,-0.5664572772702333,-0.41632529460566275
3551,-0.16385243128982274,-1.8003907894530935,-1.4357598123591861,0.022494789555566278,-0.41702107268800304,0.506018341016389,2.1507828454744797,0.957895712411929,-6.099124566716587,-0.651135495119281,-0.4144556004615526,-0.34804721505678876,-0.6662778438097088,-0.6347891935868331,0.0,-0.8930772127243898,-0.5664572772702333,-0.03608102336097565
3552,0.9926247563211796,0.31207220821107934,0.6256513576937649,0.4154141586783977,-0.41702107268800304,0.5665917483071344,-0.06735198040440485,-1.301769485146565,0.40683742795524463,-0.651135495119281,-0.4144556004615526,1.1441088217955528,0.9158798361838177,-0.6347891935868331,0.0,0.6882113771853678,-0.5664572772702333,-0.03608102336097565
3553,0.5067313189393364,0.059123603516790336,-1.6419009293644813,2.5109841273334985,-0.41702107268800304,0.8088853774701159,2.5144115054546248,-0.6238699258790168,0.40683742795524463,-0.651135495119281,-0.4144556004615526,-0.20602770976078708,0.5675032789679023,0.7218644258993372,0.0,-0.8930772127243898,1.1921382551160753,-0.03608102336097565
3554,0.30535803337624473,0.007415461721621557,-1.4357598123591861,0.9393066508421729,0.16676217049808661,0.38487152643489825,0.07809948358765315,0.5059626729002302,0.40683742795524463,-0.651135495119281,-0.4144556004615526,-0.08493924296359938,0.46425120913689183,0.5280567659727414,0.0,-0.8930772127243898,-0.5664572772702333,-0.03608102336097565
3555,1.137132900776744,-0.1356110783821898,-1.6419009293644813,2.3800110042925544,-0.41702107268800304,0.8088853774701159,2.47804863945661,-0.6238699258790168,0.40683742795524463,-0.651135495119281,-0.4144556004615526,0.10650947137670032,0.9522241938221344,0.7218644258993372,0.0,0.6882113771853678,-0.5664572772702333,0.34416324788371144
3556,-0.931572610122073,0.2659272669427398,0.2133691236831747,-1.156263317812928,1.9181119000563556,0.9300321920516067,0.9508082675400011,-1.0758029653907155,-1.7618165702686994,-0.651135495119281,-0.4144556004615526,-0.13101703920575183,-0.05217918203650175,1.1094797457525287,0.0,-0.8930772127243898,-0.5664572772702333,-0.03608102336097565
3557,0.573316152691627,-0.048244737805473115,1.037933591704355,-0.37042457956726516,-0.41702107268800304,-2.4620786162301345,-0.9036978983587384,-0.6238699258790168,0.40683742795524463,-0.651135495119281,-0.4144556004615526,0.2639508883186646,-0.1801537648685781,-1.0224045134400246,0.0,0.6882113771853678,1.1921382551160753,-1.176813837095037
3558,1.057235543321151,1.6336574242543274,0.6256513576937649,-1.5491826869357594,3.6694616296146245,1.2934726357960789,0.9508082675400011,-0.6238699258790168,-3.9304705684926433,-0.651135495119281,-0.4144556004615526,0.35600452531676385,2.382208896304469,-1.4100198332932161,0.0,0.6882113771853678,-0.5664572772702333,-0.7965695658503499
3559,0.6581744304951703,1.4557437434547538,-1.0234775783485959,-1.156263317812928,-0.41702107268800304,-2.7043722453931163,1.8962427834883784,1.1838622321677783,0.40683742795524463,1.5357786628062884,-0.4144556004615526,0.1286765996685181,0.09366141438338653,0.33424910604614566,0.0,0.6882113771853678,-0.5664572772702333,-0.7965695658503499
3560,1.0858927404555851,0.3927821267623512,0.6256513576937649,0.8083335278012291,-0.41702107268800304,-0.5843029902170278,-0.7218835683686659,0.2799961531443808,0.40683742795524463,-0.651135495119281,-0.4144556004615526,-0.5101685992313327,0.46024909453098023,-1.0224045134400246,0.0,-0.8930772127243898,1.1921382551160753,0.34416324788371144
3561,0.5138513120822684,0.05960838785627081,-0.19891311032741552,-0.23945145652632133,-0.41702107268800304,-1.3111838777059723,-1.0491493623507964,1.4098287519236279,0.40683742795524463,-0.651135495119281,-0.4144556004615526,-0.13237682232576958,0.6779181560883761,-1.4100198332932161,0.0,0.6882113771853678,-0.5664572772702333,-1.176813837095037
3562,0.3796814010458194,0.027302146256099342,-1.6419009293644813,2.3800110042925544,-0.41702107268800304,0.7483119701793706,2.47804863945661,-0.6238699258790168,0.40683742795524463,-0.651135495119281,-0.4144556004615526,-0.258717368385804,0.5046301262799473,0.7218644258993372,0.0,-0.8930772127243898,1.1921382551160753,-0.03608102336097565
3563,0.9678090731004972,1.5964237785981075,0.2133691236831747,-1.4182095638948156,2.501895143242445,1.8386333014127874,0.8053568035479431,-0.3979034061231674,-1.7618165702686994,-0.651135495119281,-0.4144556004615526,-0.2760230799941304,0.7166646403885549,-1.6038274932198118,0.0,-0.8930772127243898,-0.5664572772702333,-0.41632529460566275
3564,1.110101907599772,0.5529320125871129,0.2133691236831747,1.0702797738831167,-0.41702107268800304,-0.3420093610540463,-0.6127949703746224,0.0540296333885314,0.40683742795524463,-0.651135495119281,-0.4144556004615526,-0.5615033210546537,0.7901606871618505,-1.2162121733666202,0.0,-0.8930772127243898,1.1921382551160753,0.34416324788371144
3565,1.0017648259694099,1.5304562961989314,-0.19891311032741552,-1.0252901947719841,0.16676217049808661,1.3540460430868244,-0.32189204239050634,-0.3979034061231674,0.40683742795524463,-0.651135495119281,-0.4144556004615526,-0.016145992349737237,0.7186405941091482,-1.6038274932198118,0.0,0.6882113771853678,-0.5664572772702333,-0.7965695658503499
3566,-1.2144597344901835,-0.12882633802314594,-1.8480420463697762,0.2844410356374539,-0.41702107268800304,-0.6448763975077731,-0.24916631039447737,1.4098287519236279,0.40683742795524463,-0.651135495119281,-0.4144556004615526,0.00845732644369113,0.8837209692671195,1.8847103854589116,0.0,0.6882113771853678,2.950733787502384,-0.7965695658503499
3567,-0.0005288950141725517,0.4958211618270581,0.4195102406884698,-1.5491826869357594,1.334328656870266,1.1117524139238428,-0.17644057839844834,-0.3979034061231674,-1.7618165702686994,-0.651135495119281,-0.4144556004615526,0.1932956270395752,0.15271615377578537,0.5280567659727414,0.0,0.6882113771853678,1.1921382551160753,-0.41632529460566275
3568,-1.291856966183636,-1.3116257659401096,0.83179247469906,-0.5013977026082089,-0.41702107268800304,-0.16028913918181015,-1.0491493623507964,-1.0758029653907155,0.40683742795524463,1.5357786628062884,-0.4144556004615526,-0.20617290289478016,-0.8972229865775327,1.3032874056791244,0.0,0.6882113771853678,-0.5664572772702333,1.1046517903730857
3569,1.0839748976521975,0.44908769318257163,0.4195102406884698,-0.7633439486900966,-0.41702107268800304,1.0511790066330975,0.15082521558368214,-0.171936886367318,-1.7618165702686994,-0.651135495119281,-0.4144556004615526,0.4055282404235149,-0.06986502733821012,0.33424910604614566,0.0,0.6882113771853678,1.1921382551160753,-0.7965695658503499
3570,1.0553598862348144,0.6125928147366992,0.6256513576937649,-0.6323708256491528,-0.41702107268800304,-1.4929040995782086,-1.012786496352782,-0.171936886367318,0.40683742795524463,1.5357786628062884,-0.4144556004615526,0.6831098467309467,1.0131902984673566,-0.44098153366023735,0.0,-0.8930772127243898,1.1921382551160753,-0.03608102336097565
3571,1.1304436093784198,0.664141541693608,-2.4664653973856616,-0.23945145652632133,-0.41702107268800304,0.32429811914415285,0.6962682055538997,2.3136948309470253,0.40683742795524463,-0.651135495119281,-0.4144556004615526,0.33327107208615775,-0.24525852143457405,-0.8285968535134288,0.0,0.6882113771853678,-0.5664572772702333,-0.03608102336097565
3572,-0.9646617670726684,0.6398318257902844,0.2133691236831747,-0.23945145652632133,-0.41702107268800304,-1.0688902485429908,-0.6491578363726369,1.6357952716794772,0.40683742795524463,-0.651135495119281,-0.4144556004615526,-0.10549438865571006,0.325766055114588,0.5280567659727414,0.0,0.6882113771853678,-0.5664572772702333,0.34416324788371144
3573,-1.0756944483544,-1.8003907894530935,-1.8480420463697762,-0.7633439486900966,-0.41702107268800304,0.44544493372564364,0.47809100956581263,1.8617617914353266,0.40683742795524463,-0.651135495119281,-0.4144556004615526,0.31600653210306257,0.6373152004803215,-0.8285968535134288,0.0,-0.8930772127243898,-0.5664572772702333,-0.7965695658503499
3574,0.23031376591437488,0.010978640325315656,0.4195102406884698,1.0702797738831167,-0.41702107268800304,0.990605599342352,-0.030989114406390354,-1.301769485146565,0.40683742795524463,-0.651135495119281,-0.4144556004615526,-0.08380829909274928,-0.20758283400662694,0.14044144611954992,0.0,0.6882113771853678,-0.5664572772702333,-0.41632529460566275
3575,0.3262327822073257,0.7742202240121212,0.4195102406884698,-0.37042457956726516,-0.41702107268800304,-1.8563445433226808,0.6235424735578706,0.2799961531443808,0.40683742795524463,-0.651135495119281,-0.4144556004615526,0.1801058085560792,-0.06191375834146775,-1.4100198332932161,0.0,0.6882113771853678,-0.5664572772702333,-0.03608102336097565
3576,1.085972184554557,0.2859444805162045,0.4195102406884698,-0.8943170717310404,-0.41702107268800304,-1.73519772874119,-1.0491493623507964,0.2799961531443808,0.40683742795524463,-0.651135495119281,-0.4144556004615526,1.7488988891602335,1.438771176748701,-0.24717387373364158,0.0,0.6882113771853678,1.1921382551160753,0.34416324788371144
3577,0.8988080739859611,0.45786533184662764,-1.229618695353891,1.2012528969240606,-0.41702107268800304,0.20315130456266212,-0.7218835683686659,2.765627870458724,0.40683742795524463,1.5357786628062884,2.412803684849147,0.36815471287098345,0.40107568378033054,-1.0224045134400246,0.0,0.6882113771853678,-0.5664572772702333,-0.7965695658503499
3578,1.007558432484846,0.17418211944949205,0.6256513576937649,1.2012528969240606,-0.41702107268800304,0.506018341016389,0.22355094757971114,-0.6238699258790168,-1.7618165702686994,-0.651135495119281,-0.4144556004615526,1.3035113190559293,1.3211026645966661,-0.053366213807045836,0.0,0.6882113771853678,-0.5664572772702333,-0.41632529460566275
3579,0.8174318223565827,1.6995600950370289,-0.19891311032741552,-1.287236440853872,0.16676217049808661,1.4146194503775698,-0.21280344439646284,-0.3979034061231674,-1.7618165702686994,-0.651135495119281,-0.4144556004615526,-0.21646201479355795,0.6581021867504568,-1.6038274932198118,0.0,0.6882113771853678,-0.5664572772702333,-0.41632529460566275
3580,0.08561126057757376,-1.7132146140960953,0.007228006677879595,-0.5013977026082089,-0.41702107268800304,-1.3717572849967177,-0.9764236303547674,0.0540296333885314,0.40683742795524463,-0.651135495119281,-0.4144556004615526,0.3257794064961008,0.09854512788806317,1.4970950656057203,0.0,0.6882113771853678,1.1921382551160753,0.7244075191283986
3581,0.35505791044294666,-0.026927713109313717,0.6256513576937649,1.0702797738831167,0.16676217049808661,0.38487152643489825,1.4235255255141899,-0.6238699258790168,0.40683742795524463,-0.651135495119281,-0.4144556004615526,0.01649430274439816,-0.19153857365271623,-0.24717387373364158,0.0,0.6882113771853678,-0.5664572772702333,-0.03608102336097565
3582,0.8144718607883509,0.9725635332139219,-1.4357598123591861,-1.156263317812928,-0.41702107268800304,-1.6140509141596993,1.8962427834883784,2.087728311191176,0.40683742795524463,-0.651135495119281,-0.4144556004615526,-0.12610428030545173,0.14996936203371022,0.5280567659727414,0.0,0.6882113771853678,-0.5664572772702333,-1.176813837095037
3583,1.137132900776744,-1.8003907894530935,0.6256513576937649,-0.6323708256491528,0.16676217049808661,1.2934726357960789,1.2780740615221318,-0.6238699258790168,-1.7618165702686994,-0.651135495119281,-0.4144556004615526,0.5377678517553318,1.2957021721498414,1.1094797457525287,0.0,0.6882113771853678,-0.5664572772702333,0.34416324788371144
3584,0.1879185467111171,0.755248310956349,0.4195102406884698,0.4154141586783977,-0.41702107268800304,0.8694587847608612,1.8598799174903637,-0.171936886367318,0.40683742795524463,1.5357786628062884,2.412803684849147,0.24631438229856548,-0.14128696416511574,-0.44098153366023735,0.0,0.6882113771853678,-0.5664572772702333,-0.41632529460566275
3585,0.017095316722317847,-0.3510273590696371,-1.0234775783485959,-0.6323708256491528,-0.41702107268800304,-1.6746243214504446,-0.9036978983587384,0.0540296333885314,0.40683742795524463,-0.651135495119281,-0.4144556004615526,0.032394744138028855,-0.06100713073889485,0.14044144611954992,0.0,-0.8930772127243898,1.1921382551160753,0.7244075191283986
3586,0.296555827420655,0.38493101571632704,1.2440747087096502,-1.0252901947719841,-0.41702107268800304,-0.09971573189106478,-0.43098064038454986,-0.3979034061231674,0.40683742795524463,-0.651135495119281,-0.4144556004615526,-0.11685010598014448,-0.11108451069111043,-0.053366213807045836,0.0,0.6882113771853678,-0.5664572772702333,-0.7965695658503499
3587,-0.6015149220019622,-1.8003907894530935,0.2133691236831747,-0.23945145652632133,-0.41702107268800304,-0.7660232120892639,-0.6855207023706513,-0.6238699258790168,0.40683742795524463,-0.651135495119281,-0.4144556004615526,0.058683899272965065,-0.07676747852108888,0.915672085825933,0.0,0.6882113771853678,-0.5664572772702333,-1.176813837095037
3588,0.37083974648073253,0.6020776909199005,0.6256513576937649,0.15346791259651008,0.7505454136841763,0.6271651555978798,-0.32189204239050634,-0.8498364456348662,-1.7618165702686994,-0.651135495119281,-0.4144556004615526,-0.12604432211499134,0.017845283564640664,-1.2162121733666202,0.0,0.6882113771853678,-0.5664572772702333,-0.03608102336097565
3589,1.137132900776744,0.29048094228711113,-0.19891311032741552,0.5463872817193415,-0.41702107268800304,0.6271651555978798,2.0416942474804363,0.5059626729002302,0.40683742795524463,-0.651135495119281,-0.4144556004615526,0.41335483345699836,0.75850486472473,-0.24717387373364158,0.0,-0.8930772127243898,1.1921382551160753,0.34416324788371144
3590,0.970780353846232,0.6027032736309847,-1.229618695353891,-0.6323708256491528,-0.41702107268800304,0.44544493372564364,-0.35825490838852087,0.7319291926560796,0.40683742795524463,-0.651135495119281,-0.4144556004615526,1.524012114264818,0.45331738878111777,-1.4100198332932161,0.0,0.6882113771853678,-0.5664572772702333,-0.41632529460566275
3591,0.37083974648073253,2.0058555049397166,0.4195102406884698,-1.4182095638948156,1.9181119000563556,1.3540460430868244,0.33263954557375464,-0.3979034061231674,-1.7618165702686994,-0.651135495119281,-0.4144556004615526,-0.03957688344747327,-0.07331789371763472,-1.6038274932198118,0.0,-0.8930772127243898,-0.5664572772702333,-0.03608102336097565
3592,1.0933486578615403,0.6683936076408802,0.2133691236831747,0.15346791259651008,-0.41702107268800304,-0.9477434339615001,-0.28552917639249187,-0.171936886367318,0.40683742795524463,-0.651135495119281,-0.4144556004615526,-0.1887138933742848,0.6547888699555802,-0.24717387373364158,0.0,-0.8930772127243898,-0.5664572772702333,-0.41632529460566275
3593,-1.297244079178044,-1.8003907894530935,-1.229618695353891,-0.10847833348537753,-0.41702107268800304,0.32429811914415285,0.22355094757971114,1.6357952716794772,0.40683742795524463,-0.651135495119281,-0.4144556004615526,0.6560975958868003,-0.47453060606979985,0.7218644258993372,0.0,-0.8930772127243898,-0.5664572772702333,-0.7965695658503499
3594,0.2522075966234759,-1.691353431174562,-1.4357598123591861,0.9393066508421729,-0.41702107268800304,0.02143108269042598,-0.7946093003646949,0.0540296333885314,0.40683742795524463,1.5357786628062884,-0.4144556004615526,-0.5704584939766058,0.4331256313209594,-1.2162121733666202,0.0,-0.8930772127243898,2.950733787502384,-0.03608102336097565
3595,0.37083974648073253,0.5806042954370778,0.4195102406884698,0.5463872817193415,-0.41702107268800304,0.38487152643489825,-0.14007771240043385,-1.301769485146565,-1.7618165702686994,-0.651135495119281,-0.4144556004615526,-0.5943752430177699,-0.1307000020329486,-1.0224045134400246,0.0,0.6882113771853678,-0.5664572772702333,-0.03608102336097565
3596,1.071092346617726,0.32581452015061085,0.4195102406884698,0.15346791259651008,-0.41702107268800304,0.6271651555978798,1.787154185494335,0.0540296333885314,-1.7618165702686994,-0.651135495119281,-0.4144556004615526,0.5518925159981458,0.6550541415676686,-1.0224045134400246,0.0,-0.8930772127243898,2.950733787502384,0.34416324788371144
3597,0.6901326291280786,0.5368935662033569,0.6256513576937649,0.6773604047602854,-0.41702107268800304,-0.6448763975077731,-0.7946093003646949,0.2799961531443808,0.40683742795524463,-0.651135495119281,-0.4144556004615526,-0.005117024259209927,-0.08862844403072043,-1.0224045134400246,0.0,-0.8930772127243898,-0.5664572772702333,-0.03608102336097565
3598,1.0718031166720068,1.2916005545804623,0.4195102406884698,-1.0252901947719841,0.16676217049808661,1.1117524139238428,-0.030989114406390354,-0.171936886367318,-1.7618165702686994,-0.651135495119281,-0.4144556004615526,0.5739486863681554,0.512143873575352,-1.0224045134400246,0.0,0.6882113771853678,-0.5664572772702333,-0.7965695658503499
3599,-0.0343951803396703,-0.6725969973206902,0.007228006677879595,1.594172266046892,-0.41702107268800304,0.7483119701793706,-0.9764236303547674,0.0540296333885314,0.40683742795524463,-0.651135495119281,-0.4144556004615526,-0.23663299268951465,-0.9577276041172131,-0.24717387373364158,0.0,0.6882113771853678,2.950733787502384,-0.41632529460566275
3600,0.30486590107301353,0.09937465536305513,-1.4357598123591861,0.2844410356374539,-0.41702107268800304,0.506018341016389,2.223508577470509,0.957895712411929,-3.9304705684926433,-0.651135495119281,-0.4144556004615526,0.5409857430173314,0.4134775208520847,-0.24717387373364158,0.0,-0.8930772127243898,1.1921382551160753,-0.03608102336097565
3601,1.026114277754064,0.5496669109610453,-1.229618695353891,0.8083335278012291,-0.41702107268800304,0.08200448998117135,-0.6127949703746224,2.3136948309470253,0.40683742795524463,-0.651135495119281,-0.4144556004615526,0.38541660928377675,0.22694335841352908,-0.8285968535134288,0.0,-0.8930772127243898,-0.5664572772702333,-0.41632529460566275
3602,1.137132900776744,0.482423200160127,-1.8480420463697762,0.022494789555566278,-0.41702107268800304,0.2637247118534075,0.47809100956581263,1.6357952716794772,0.40683742795524463,-0.651135495119281,-0.4144556004615526,0.26881294834522756,0.21437279986046281,-0.24717387373364158,0.0,0.6882113771853678,-0.5664572772702333,0.34416324788371144
3603,0.30486590107301353,0.13791898514905887,-1.4357598123591861,0.022494789555566278,-0.41702107268800304,0.506018341016389,2.1507828454744797,0.957895712411929,-6.099124566716587,-0.651135495119281,-0.4144556004615526,0.6203491184651404,0.3905028683250426,-0.6347891935868331,0.0,-0.8930772127243898,1.1921382551160753,-0.03608102336097565
3604,-0.12468803895260275,-0.36041581098518805,0.007228006677879595,0.5463872817193415,-0.41702107268800304,0.8694587847608612,0.04173661758963865,-1.301769485146565,0.40683742795524463,-0.651135495119281,-0.4144556004615526,0.053384800832156694,-0.3588069751158736,0.14044144611954992,0.0,0.6882113771853678,1.1921382551160753,-1.176813837095037
3605,1.0550125479008194,1.1985791744606193,0.6256513576937649,-1.0252901947719841,3.6694616296146245,0.6271651555978798,1.0962597315320592,-0.8498364456348662,-3.9304705684926433,-0.651135495119281,-0.4144556004615526,0.4324828512495197,0.8511022374639183,-0.6347891935868331,0.0,0.6882113771853678,-0.5664572772702333,-0.7965695658503499
3606,0.947147152943388,0.5850976079010545,1.037933591704355,0.2844410356374539,-0.41702107268800304,-0.28143595376330094,-0.24916631039447737,-0.6238699258790168,0.40683742795524463,-0.651135495119281,-0.4144556004615526,-0.15797950726209822,0.9045346171219409,-1.4100198332932161,0.0,0.6882113771853678,-0.5664572772702333,-0.7965695658503499
3607,-0.03501965058250834,-0.26578218983140095,0.2133691236831747,0.2844410356374539,-0.41702107268800304,0.6877385628886251,-0.030989114406390354,-1.301769485146565,0.40683742795524463,-0.651135495119281,-0.4144556004615526,0.16248901255294643,-0.18573569957940295,-0.24717387373364158,0.0,0.6882113771853678,1.1921382551160753,-0.7965695658503499
3608,0.984197468446422,0.41593215688009005,-1.8480420463697762,-0.10847833348537753,-0.41702107268800304,0.02143108269042598,-0.7582464343666804,1.1838622321677783,0.40683742795524463,-0.651135495119281,-0.4144556004615526,-0.3095296924314389,0.8091517700833062,-0.44098153366023735,0.0,0.6882113771853678,-0.5664572772702333,-0.7965695658503499
3609,0.11368666586449203,-0.0371424768871804,0.4195102406884698,0.15346791259651008,-0.41702107268800304,0.32429811914415285,0.5144538755638272,-0.171936886367318,0.40683742795524463,-0.651135495119281,-0.4144556004615526,-0.8939724236635704,-0.14828083788337096,-0.24717387373364158,0.0,-0.8930772127243898,-0.5664572772702333,-0.03608102336097565
3610,-0.5857510555915164,0.11371356949325974,0.4195102406884698,-1.4182095638948156,0.16676217049808661,0.6877385628886251,1.3871626595161752,-0.6238699258790168,0.40683742795524463,-0.651135495119281,-0.4144556004615526,-0.18473522712415505,-0.10172523763448878,1.3032874056791244,0.0,0.6882113771853678,-0.5664572772702333,-1.176813837095037
3611,-0.5194708802079581,-0.7475540941240568,0.4195102406884698,-0.6323708256491528,-0.41702107268800304,-1.0083168412522454,-1.012786496352782,0.0540296333885314,0.40683742795524463,-0.651135495119281,-0.4144556004615526,-0.16987691962258444,-0.41076507822837677,1.4970950656057203,0.0,-0.8930772127243898,-0.5664572772702333,-0.41632529460566275
3612,0.3108965775904347,-0.3280586860183015,0.2133691236831747,-1.0252901947719841,-0.41702107268800304,0.6877385628886251,0.18718808158169664,-0.6238699258790168,0.40683742795524463,-0.651135495119281,-0.4144556004615526,0.24012747288990655,0.43209161650101263,-0.053366213807045836,0.0,-0.8930772127243898,-0.5664572772702333,-0.03608102336097565
3613,1.0396200850297417,1.6105494019921553,0.6256513576937649,-1.5491826869357594,3.6694616296146245,1.4146194503775698,0.9144454015419866,-0.6238699258790168,-1.7618165702686994,-0.651135495119281,-0.4144556004615526,0.09459569019290584,2.140313185142178,-1.6038274932198118,0.0,0.6882113771853678,-0.5664572772702333,-0.7965695658503499
3614,1.137132900776744,0.58175847364792,-2.4664653973856616,-0.10847833348537753,-0.41702107268800304,0.32429811914415285,0.7326310715519142,1.8617617914353266,0.40683742795524463,-0.651135495119281,-0.4144556004615526,0.2686812720583114,-0.22068511128768226,-0.44098153366023735,0.0,0.6882113771853678,-0.5664572772702333,0.34416324788371144
3615,1.0352561455926983,0.22721296448016284,-2.4664653973856616,-0.37042457956726516,-0.41702107268800304,0.32429811914415285,-0.5764321043766079,1.6357952716794772,0.40683742795524463,-0.651135495119281,-0.4144556004615526,-0.1667583884170068,0.4563641284199323,-0.8285968535134288,0.0,0.6882113771853678,-0.5664572772702333,-0.03608102336097565
3616,1.1134439969921393,0.6773656689594056,0.6256513576937649,-0.10847833348537753,-0.41702107268800304,1.1117524139238428,0.005373751591624148,-0.3979034061231674,0.40683742795524463,1.5357786628062884,-0.4144556004615526,0.4862368616485469,0.5488535618385538,0.14044144611954992,0.0,0.6882113771853678,-0.5664572772702333,-0.41632529460566275
3617,-0.4425382261478436,-0.19431942663986365,-2.2603242803803667,0.15346791259651008,-0.41702107268800304,0.14257789727191675,2.0416942474804363,2.765627870458724,0.40683742795524463,-0.651135495119281,-0.4144556004615526,-0.535323482599447,-0.4053088159861139,0.33424910604614566,0.0,0.6882113771853678,-0.5664572772702333,-1.176813837095037
3618,-0.29712033571811125,-0.35659865150724346,-1.6419009293644813,2.118064758210667,-0.41702107268800304,0.8088853774701159,2.4053229074605813,-0.6238699258790168,0.40683742795524463,-0.651135495119281,-0.4144556004615526,0.05666698733042446,-0.9375451765523698,0.915672085825933,0.0,0.6882113771853678,-0.5664572772702333,-0.41632529460566275
3619,0.3158505663876219,-0.0967794051645247,-1.229618695353891,0.6773604047602854,-0.41702107268800304,-0.4025827683447917,0.5871796075598562,0.5059626729002302,0.40683742795524463,-0.651135495119281,-0.4144556004615526,0.29060509126429845,0.03401682305878213,-0.24717387373364158,0.0,0.6882113771853678,-0.5664572772702333,-0.03608102336097565
3620,-0.7281978354948837,-1.8003907894530935,0.2133691236831747,-0.23945145652632133,2.501895143242445,1.2934726357960789,1.0962597315320592,-0.8498364456348662,-3.9304705684926433,-0.651135495119281,-0.4144556004615526,0.28895912284352143,-0.3108055147665924,0.7218644258993372,0.0,0.6882113771853678,-0.5664572772702333,-0.7965695658503499
3621,0.970780353846232,1.610634955943456,-0.4050542273327106,-0.23945145652632133,-0.41702107268800304,-1.1900370631244817,-1.1218750943468254,-0.171936886367318,0.40683742795524463,-0.651135495119281,-0.4144556004615526,0.34403354312024337,0.6277435657989627,-1.7976351531464076,0.0,-0.8930772127243898,-0.5664572772702333,-0.41632529460566275
3622,0.970780353846232,1.4651509624059185,0.6256513576937649,1.2012528969240606,-0.41702107268800304,0.6877385628886251,0.5144538755638272,-0.3979034061231674,0.40683742795524463,-0.651135495119281,-0.4144556004615526,0.8758423127864758,0.45331738878111777,-1.2162121733666202,0.0,-0.8930772127243898,1.1921382551160753,-0.41632529460566275
3623,1.0588644656267903,0.38157984673855444,-0.4050542273327106,-0.10847833348537753,-0.41702107268800304,0.5665917483071344,1.8962427834883784,0.2799961531443808,-3.9304705684926433,-0.651135495119281,-0.4144556004615526,1.1514031571322,0.5734716599353421,-1.0224045134400246,0.0,-0.8930772127243898,1.1921382551160753,-0.03608102336097565
3624,1.0026735274607572,0.34751811715251435,0.007228006677879595,0.9393066508421729,-0.41702107268800304,-0.4025827683447917,-0.6855207023706513,0.5059626729002302,0.40683742795524463,-0.651135495119281,-0.4144556004615526,0.002933650868110587,0.006692398161566874,-1.0224045134400246,0.0,0.6882113771853678,-0.5664572772702333,-0.41632529460566275
3625,-1.0787352493445628,-1.786090747116425,0.4195102406884698,-0.37042457956726516,-0.41702107268800304,0.08200448998117135,-0.9400607643567529,-0.8498364456348662,0.40683742795524463,1.5357786628062884,-0.4144556004615526,-0.3623363597954913,-0.7117861079463889,1.3032874056791244,0.0,0.6882113771853678,1.1921382551160753,1.1046517903730857
3626,-0.5725502306275557,-0.9018458233951654,0.4195102406884698,-0.6323708256491528,-0.41702107268800304,-1.0083168412522454,-1.012786496352782,0.2799961531443808,0.40683742795524463,-0.651135495119281,-0.4144556004615526,-0.10681341614771966,-0.3919233740371639,1.4970950656057203,0.0,-0.8930772127243898,-0.5664572772702333,-0.41632529460566275
3627,0.3433723233244763,-0.008116503992547099,-0.19891311032741552,0.15346791259651008,-0.41702107268800304,-1.0688902485429908,0.5871796075598562,0.2799961531443808,0.40683742795524463,-0.651135495119281,-0.4144556004615526,0.2635497399645065,-0.15461443632188485,-0.8285968535134288,0.0,0.6882113771853678,-0.5664572772702333,-0.03608102336097565
3628,0.24648198924274678,0.4872333096130394,0.4195102406884698,-0.7633439486900966,-0.41702107268800304,-1.9169179506134262,-1.0491493623507964,0.5059626729002302,0.40683742795524463,1.5357786628062884,-0.4144556004615526,0.12318704368292634,-0.24539171083113087,0.7218644258993372,0.0,0.6882113771853678,1.1921382551160753,0.34416324788371144
3629,-1.1540299279470638,-1.8003907894530935,-0.4050542273327106,1.2012528969240606,-0.41702107268800304,-1.9774913579041715,-1.0855122283488108,2.539661350702875,0.40683742795524463,-0.651135495119281,-0.4144556004615526,-0.46175353285629006,-0.35164227335909604,-0.24717387373364158,0.0,-0.8930772127243898,-0.5664572772702333,0.34416324788371144
3630,-0.6982691312057687,0.05975393750695679,0.83179247469906,-0.37042457956726516,-0.41702107268800304,0.38487152643489825,-0.17644057839844834,-0.3979034061231674,0.40683742795524463,-0.651135495119281,-0.4144556004615526,0.3519314809658363,0.15513844295273405,1.690902725532316,0.0,0.6882113771853678,1.1921382551160753,-0.03608102336097565
3631,1.0610774631798647,0.4009365113317604,0.6256513576937649,1.0702797738831167,-0.41702107268800304,-0.4025827683447917,-0.5764321043766079,0.2799961531443808,0.40683742795524463,-0.651135495119281,-0.4144556004615526,-0.30981263626337874,0.353710617302218,-1.0224045134400246,0.0,-0.8930772127243898,1.1921382551160753,0.34416324788371144
3632,0.30486590107301353,0.009857598777971422,-1.4357598123591861,1.0702797738831167,-0.41702107268800304,0.506018341016389,2.441685773458596,1.4098287519236279,-1.7618165702686994,-0.651135495119281,-0.4144556004615526,0.35666872907032704,0.4668348702133051,0.5280567659727414,0.0,-0.8930772127243898,-0.5664572772702333,-0.03608102336097565
3633,0.970780353846232,0.2897249463535688,0.6256513576937649,0.8083335278012291,-0.41702107268800304,0.5665917483071344,-0.030989114406390354,-1.301769485146565,0.40683742795524463,-0.651135495119281,-0.4144556004615526,1.235765636271372,0.9966186819310332,-0.44098153366023735,0.0,0.6882113771853678,-0.5664572772702333,-0.41632529460566275
3634,0.441405847394603,-1.1733109543130653,-1.4357598123591861,1.0702797738831167,0.7505454136841763,0.44544493372564364,0.07809948358765315,0.7319291926560796,0.40683742795524463,-0.651135495119281,-0.4144556004615526,0.20246391231121877,0.24992136816838822,0.7218644258993372,0.0,-0.8930772127243898,-0.5664572772702333,0.34416324788371144
3635,0.970780353846232,1.6099838382768197,-0.8173364613433008,1.9870916351697234,-0.41702107268800304,-0.28143595376330094,-0.9764236303547674,0.2799961531443808,0.40683742795524463,1.5357786628062884,-0.4144556004615526,-0.6519159505264901,0.5844247822614406,-0.8285968535134288,0.0,-0.8930772127243898,-0.5664572772702333,-0.41632529460566275
3636,-0.23363582969852262,-1.8003907894530935,-0.6111953443380057,-0.5013977026082089,-0.41702107268800304,-0.7660232120892639,-0.7582464343666804,-0.171936886367318,0.40683742795524463,-0.651135495119281,-0.4144556004615526,0.08395901910838467,-0.0587965263234064,1.3032874056791244,0.0,0.6882113771853678,-0.5664572772702333,-0.41632529460566275
3637,0.5686716635925553,1.8701723806371588,0.6256513576937649,-1.287236440853872,1.9181119000563556,0.990605599342352,0.6962682055538997,-0.6238699258790168,-1.7618165702686994,-0.651135495119281,-0.4144556004615526,-0.11793368047335775,0.1366547030309693,-1.6038274932198118,0.0,-0.8930772127243898,-0.5664572772702333,-0.03608102336097565
3638,1.1352950169591232,1.1516449561841786,0.6256513576937649,1.463199143005948,-0.41702107268800304,0.44544493372564364,-0.8673350323607238,0.0540296333885314,0.40683742795524463,-0.651135495119281,-0.4144556004615526,0.4479688732645752,0.68577306005007,0.14044144611954992,0.0,0.6882113771853678,1.1921382551160753,-0.03608102336097565
3639,1.0667475499752477,0.3584900588626627,1.037933591704355,-0.7633439486900966,-0.41702107268800304,-1.73519772874119,-1.0491493623507964,-0.171936886367318,0.40683742795524463,-0.651135495119281,-0.4144556004615526,1.4135205989576054,1.2734735588013228,-0.6347891935868331,0.0,-0.8930772127243898,1.1921382551160753,-0.03608102336097565
3640,0.9919231210901758,0.9370901359444209,0.6256513576937649,-1.5491826869357594,0.16676217049808661,0.6271651555978798,-0.5037063723805789,-0.6238699258790168,-1.7618165702686994,1.5357786628062884,-0.4144556004615526,0.748715075985181,0.9075653536330378,-0.6347891935868331,0.0,0.6882113771853678,-0.5664572772702333,-0.7965695658503499
3641,0.728711456435209,-0.10720770200075423,1.037933591704355,0.15346791259651008,1.334328656870266,0.6271651555978798,0.5871796075598562,0.2799961531443808,-1.7618165702686994,-0.651135495119281,-0.4144556004615526,1.2759907211651318,0.7870526656334703,-0.44098153366023735,0.0,0.6882113771853678,-0.5664572772702333,-0.41632529460566275
3642,1.1100180260347838,0.2998912445167891,0.83179247469906,-0.37042457956726516,0.16676217049808661,0.32429811914415285,0.5508167415618417,0.0540296333885314,-1.7618165702686994,-0.651135495119281,-0.4144556004615526,1.3810495019115354,0.8496265287341046,-0.24717387373364158,0.0,0.6882113771853678,-0.5664572772702333,-0.41632529460566275
3643,1.0078315769450212,1.3975124858108645,-1.0234775783485959,1.0702797738831167,-0.41702107268800304,0.08200448998117135,-0.7946093003646949,-0.171936886367318,0.40683742795524463,-0.651135495119281,-0.4144556004615526,-0.3797162039681514,1.206052996875284,-1.0224045134400246,0.0,-0.8930772127243898,-0.5664572772702333,-0.41632529460566275
3644,0.970780353846232,0.43060844877703947,1.2440747087096502,-0.37042457956726516,-0.41702107268800304,-1.9774913579041715,-0.9400607643567529,-0.6238699258790168,0.40683742795524463,-0.651135495119281,-0.4144556004615526,0.3958633471645417,0.4996532128051694,-1.0224045134400246,0.0,-0.8930772127243898,1.1921382551160753,-0.41632529460566275
3645,0.7722583791073433,1.73054232482605,0.2133691236831747,-1.4182095638948156,2.501895143242445,1.6569130795405511,0.7689939375499286,-0.3979034061231674,-1.7618165702686994,-0.651135495119281,-0.4144556004615526,-0.19856982441640944,0.43249847838177125,-1.6038274932198118,0.0,-0.8930772127243898,-0.5664572772702333,-0.41632529460566275
3646,0.6989196446521329,0.6161999604847701,-2.0541831633750713,0.8083335278012291,-0.41702107268800304,-0.46315617563553707,1.9326056494863928,2.3136948309470253,0.40683742795524463,1.5357786628062884,-0.4144556004615526,-0.6694714518935374,-0.34626292883635823,0.7218644258993372,0.0,0.6882113771853678,-0.5664572772702333,-0.03608102336097565
3647,0.988800912499349,0.41826205063927785,-2.0541831633750713,0.022494789555566278,-0.41702107268800304,0.08200448998117135,-0.7582464343666804,0.957895712411929,0.40683742795524463,-0.651135495119281,-0.4144556004615526,-0.2787319093481879,0.8965119358682602,-0.6347891935868331,0.0,0.6882113771853678,-0.5664572772702333,-0.41632529460566275
3648,0.010597677994991466,0.8527139090666406,1.8624980597255354,0.022494789555566278,-0.41702107268800304,-1.7957711360319355,-1.1218750943468254,-0.6238699258790168,0.40683742795524463,-0.651135495119281,-0.4144556004615526,-0.5276715517857827,0.12173067305038862,1.3032874056791244,0.0,0.6882113771853678,-0.5664572772702333,-0.41632529460566275
3649,-0.9554288732775005,-1.3274910352666787,1.037933591704355,-0.23945145652632133,-0.41702107268800304,0.5665917483071344,-0.32189204239050634,-0.6238699258790168,0.40683742795524463,-0.651135495119281,-0.4144556004615526,-0.1080206594734129,-0.4364919242108846,1.690902725532316,0.0,-0.8930772127243898,-0.5664572772702333,-0.7965695658503499
3650,0.4627657088812619,0.2426756912840856,1.8624980597255354,0.022494789555566278,-0.41702107268800304,-2.583225430811625,-0.8673350323607238,-0.171936886367318,0.40683742795524463,-0.651135495119281,-0.4144556004615526,0.13449200213715812,-0.3104472111052442,-1.0224045134400246,0.0,0.6882113771853678,-0.5664572772702333,-0.41632529460566275
3651,1.137132900776744,0.31052947289025506,-0.19891311032741552,2.641957250374442,-0.41702107268800304,-0.5237295829262825,-1.0855122283488108,0.7319291926560796,0.40683742795524463,-0.651135495119281,-0.4144556004615526,-0.5882464068191835,0.6802365076442346,-0.44098153366023735,0.0,-0.8930772127243898,-0.5664572772702333,0.7244075191283986
3652,0.22781248529444798,0.20240479684877283,0.2133691236831747,-0.37042457956726516,-0.41702107268800304,0.7483119701793706,0.11446234958566764,-1.0758029653907155,0.40683742795524463,-0.651135495119281,-0.4144556004615526,-0.4949990355033933,-0.38567665153689845,0.14044144611954992,0.0,-0.8930772127243898,-0.5664572772702333,0.7244075191283986
3653,0.970780353846232,0.26579699500914983,0.6256513576937649,1.2012528969240606,-0.41702107268800304,0.506018341016389,0.04173661758963865,-1.0758029653907155,0.40683742795524463,-0.651135495119281,-0.4144556004615526,1.235765636271372,1.1760284354482782,-0.24717387373364158,0.0,0.6882113771853678,-0.5664572772702333,-0.41632529460566275
3654,1.0273757469944587,0.5546157418875256,-0.6111953443380057,1.594172266046892,-0.41702107268800304,0.6877385628886251,-0.9764236303547674,0.7319291926560796,0.40683742795524463,-0.651135495119281,-0.4144556004615526,-0.07735636086592994,0.8242981243056623,0.14044144611954992,0.0,0.6882113771853678,2.950733787502384,-0.41632529460566275
3655,1.137132900776744,0.16267472270122638,-2.0541831633750713,-0.37042457956726516,-0.41702107268800304,0.44544493372564364,-0.10371484640241935,1.6357952716794772,0.40683742795524463,-0.651135495119281,-0.4144556004615526,0.11276178457640719,0.3614782676148155,-0.44098153366023735,0.0,0.6882113771853678,-0.5664572772702333,0.34416324788371144
3656,0.476397872044367,1.9334584090560427,0.6256513576937649,-1.5491826869357594,2.501895143242445,1.2328992285053335,0.6599053395558852,-0.6238699258790168,-1.7618165702686994,-0.651135495119281,-0.4144556004615526,-0.08138609573219942,0.06717178268945725,-1.6038274932198118,0.0,-0.8930772127243898,-0.5664572772702333,-0.41632529460566275
3657,-1.2648050016957513,-1.3718505520946735,0.83179247469906,-0.37042457956726516,-0.41702107268800304,-0.09971573189106478,-1.012786496352782,-1.0758029653907155,0.40683742795524463,1.5357786628062884,-0.4144556004615526,-0.22599504187263633,-0.8736851138075711,1.3032874056791244,0.0,0.6882113771853678,1.1921382551160753,1.1046517903730857
3658,1.0149002763943054,0.7890192389787227,0.007228006677879595,-0.10847833348537753,-0.41702107268800304,-1.0688902485429908,-0.17644057839844834,-0.171936886367318,0.40683742795524463,-0.651135495119281,-0.4144556004615526,0.014896742909733,0.5483863009398594,0.14044144611954992,0.0,0.6882113771853678,-0.5664572772702333,-0.7965695658503499
3659,0.3518051910806954,-0.10093960432833489,-1.229618695353891,0.6773604047602854,-0.41702107268800304,-0.16028913918181015,0.40536527756978363,0.5059626729002302,0.40683742795524463,-0.651135495119281,-0.4144556004615526,0.1865733335697673,0.14760881476076432,-0.24717387373364158,0.0,0.6882113771853678,-0.5664572772702333,-0.03608102336097565
3660,1.137132900776744,0.21701663742118163,-1.6419009293644813,0.15346791259651008,-0.41702107268800304,0.44544493372564364,0.47809100956581263,0.957895712411929,0.40683742795524463,-0.651135495119281,-0.4144556004615526,0.06631939350668478,0.2691837706916032,0.7218644258993372,0.0,0.6882113771853678,1.1921382551160753,0.34416324788371144
3661,0.35014811803144097,0.06447670921626002,0.4195102406884698,1.594172266046892,-0.41702107268800304,0.44544493372564364,0.15082521558368214,-0.8498364456348662,0.40683742795524463,-0.651135495119281,-0.4144556004615526,-0.13083753716608254,0.06741769630926364,0.14044144611954992,0.0,0.6882113771853678,-0.5664572772702333,-0.41632529460566275
3662,0.36194141806442565,0.0019450821629097856,0.2133691236831747,-0.23945145652632133,0.16676217049808661,0.8088853774701159,1.787154185494335,-0.3979034061231674,0.40683742795524463,-0.651135495119281,-0.4144556004615526,0.3164935947806464,0.1877789497947725,0.14044144611954992,0.0,-0.8930772127243898,-0.5664572772702333,-0.41632529460566275
3663,0.970780353846232,0.7921819447493506,0.6256513576937649,-0.8943170717310404,-0.41702107268800304,0.44544493372564364,-0.4673435063825644,-0.6238699258790168,0.40683742795524463,-0.651135495119281,-0.4144556004615526,1.0740197078316058,0.738613111986346,-1.2162121733666202,0.0,0.6882113771853678,-0.5664572772702333,-0.41632529460566275
3664,0.3146441705923159,-0.028907611858558113,0.6256513576937649,0.5463872817193415,3.6694616296146245,0.990605599342352,1.3144369275201464,-1.0758029653907155,-3.9304705684926433,-0.651135495119281,-0.4144556004615526,0.22208995017932096,0.28674066394181363,0.5280567659727414,0.0,-0.8930772127243898,-0.5664572772702333,-0.03608102336097565
3665,1.128255411632519,1.4480662517997809,0.4195102406884698,1.594172266046892,-0.41702107268800304,0.7483119701793706,0.25991381357772564,-0.8498364456348662,0.40683742795524463,1.5357786628062884,-0.4144556004615526,0.544490328257326,0.029171990100537514,-0.053366213807045836,0.0,-0.8930772127243898,-0.5664572772702333,0.34416324788371144
3666,0.7949878466180084,1.7149533075905887,0.4195102406884698,-1.5491826869357594,3.085678386428535,1.5357662649590604,0.8780825355439722,-0.6238699258790168,-1.7618165702686994,-0.651135495119281,-0.4144556004615526,-0.2075724580573347,0.9557784426689142,-1.6038274932198118,0.0,0.6882113771853678,-0.5664572772702333,-0.41632529460566275
3667,0.42303712150110323,0.5438693295012476,1.4502158257149453,0.15346791259651008,-0.41702107268800304,-1.1900370631244817,-1.1218750943468254,-1.5277360049024145,0.40683742795524463,-0.651135495119281,-0.4144556004615526,3.060175799350253,-0.03203544928083093,-1.4100198332932161,0.0,0.6882113771853678,-0.5664572772702333,-0.41632529460566275
3668,1.0718031166720068,1.383812626830547,0.007228006677879595,0.15346791259651008,-0.41702107268800304,0.7483119701793706,0.11446234958566764,-1.301769485146565,0.40683742795524463,-0.651135495119281,-0.4144556004615526,1.12023008425138,0.21764319277930938,0.14044144611954992,0.0,-0.8930772127243898,-0.5664572772702333,-0.7965695658503499
3669,1.0718031166720068,0.5865232081931617,0.6256513576937649,-0.10847833348537753,-0.41702107268800304,0.990605599342352,0.22355094757971114,-0.171936886367318,0.40683742795524463,-0.651135495119281,-0.4144556004615526,0.4437163202025371,0.001954735660533661,-0.053366213807045836,0.0,0.6882113771853678,1.1921382551160753,-0.7965695658503499
3670,0.36345806948221865,0.0017692117407160078,0.2133691236831747,-0.23945145652632133,0.16676217049808661,0.8088853774701159,1.787154185494335,-0.3979034061231674,0.40683742795524463,-0.651135495119281,-0.4144556004615526,0.31768030397600666,0.18312606075589713,0.14044144611954992,0.0,-0.8930772127243898,-0.5664572772702333,-0.41632529460566275
3671,-0.9775146198178918,1.5783432867015954,1.037933591704355,2.118064758210667,-0.41702107268800304,0.506018341016389,-0.9036978983587384,-0.6238699258790168,0.40683742795524463,-0.651135495119281,-0.4144556004615526,0.6699184509067592,1.1949154701796165,1.8847103854589116,0.0,0.6882113771853678,1.1921382551160753,0.7244075191283986
3672,0.3489363567369427,-0.16031815980162362,0.6256513576937649,1.0702797738831167,1.9181119000563556,0.5665917483071344,1.3144369275201464,-0.8498364456348662,-1.7618165702686994,-0.651135495119281,-0.4144556004615526,0.04763630549260217,0.0197244038894166,0.14044144611954992,0.0,-0.8930772127243898,-0.5664572772702333,-0.03608102336097565
3673,0.970780353846232,0.2746151128146652,0.4195102406884698,0.5463872817193415,0.7505454136841763,0.8694587847608612,-0.14007771240043385,-0.8498364456348662,-1.7618165702686994,-0.651135495119281,-0.4144556004615526,1.0541309893727389,1.1099109346559433,-0.24717387373364158,0.0,0.6882113771853678,-0.5664572772702333,-0.41632529460566275
3674,-0.981665558454514,-1.3210214290236557,-1.4357598123591861,0.8083335278012291,-0.41702107268800304,-0.28143595376330094,-0.7218835683686659,-0.3979034061231674,0.40683742795524463,1.5357786628062884,-0.4144556004615526,-0.004490510177162901,-0.2733028883895942,-0.44098153366023735,0.0,0.6882113771853678,-0.5664572772702333,0.34416324788371144
3675,-0.11736040970978823,0.09198420010331332,-0.4050542273327106,-0.23945145652632133,-0.41702107268800304,0.990605599342352,-0.8309721663627093,-0.6238699258790168,0.40683742795524463,1.5357786628062884,2.412803684849147,0.013151602956108493,0.021260245434253876,-0.8285968535134288,0.0,0.6882113771853678,1.1921382551160753,-0.41632529460566275
3676,0.970780353846232,0.40965345963030675,0.6256513576937649,0.15346791259651008,-0.41702107268800304,0.44544493372564364,-0.21280344439646284,-1.0758029653907155,0.40683742795524463,-0.651135495119281,-0.4144556004615526,1.235765636271372,0.7188507863289946,-0.8285968535134288,0.0,0.6882113771853678,-0.5664572772702333,-0.41632529460566275
3677,1.1252219726244084,0.9397853211595232,0.007228006677879595,-0.6323708256491528,-0.41702107268800304,-1.3717572849967177,-1.0491493623507964,0.7319291926560796,0.40683742795524463,-0.651135495119281,-0.4144556004615526,1.1089572882192094,2.2384614694534215,-0.24717387373364158,0.0,0.6882113771853678,1.1921382551160753,-0.03608102336097565
3678,1.137132900776744,0.589398781937332,0.83179247469906,0.8083335278012291,-0.41702107268800304,-0.22086254647255554,-0.8309721663627093,0.0540296333885314,0.40683742795524463,-0.651135495119281,-0.4144556004615526,0.31807539791572786,0.6802365076442346,-0.24717387373364158,0.0,0.6882113771853678,1.1921382551160753,0.34416324788371144
3679,-0.1596709960424108,0.41216981908823225,0.6256513576937649,-1.6801558099767033,0.7505454136841763,0.506018341016389,1.6780655875002912,-0.171936886367318,-1.7618165702686994,-0.651135495119281,-0.4144556004615526,-0.45992257088173955,-0.0690481037437091,1.4970950656057203,0.0,0.6882113771853678,-0.5664572772702333,-0.41632529460566275
3680,0.45241218820685986,0.23037072849746112,-0.6111953443380057,-1.4182095638948156,0.7505454136841763,0.6271651555978798,0.29627667957574016,0.957895712411929,-1.7618165702686994,-0.651135495119281,-0.4144556004615526,0.3467463783782805,-0.602971379501693,-1.0224045134400246,0.0,0.6882113771853678,-0.5664572772702333,-1.176813837095037
3681,0.37083974648073253,0.6020776909199005,-0.8173364613433008,-1.0252901947719841,-0.41702107268800304,-0.09971573189106478,0.29627667957574016,1.1838622321677783,0.40683742795524463,-0.651135495119281,-0.4144556004615526,-0.04433380516509658,0.020826692400845996,-1.2162121733666202,0.0,0.6882113771853678,-0.5664572772702333,-1.176813837095037
3682,-0.5714122738793679,0.050219226321169375,-1.8480420463697762,0.15346791259651008,-0.41702107268800304,0.2637247118534075,2.1871457114724944,1.4098287519236279,0.40683742795524463,-0.651135495119281,-0.4144556004615526,-0.23737138213929015,-0.35717241937224536,1.1094797457525287,0.0,0.6882113771853678,1.1921382551160753,-0.7965695658503499
3683,0.06310120515162028,0.01604524957826821,-0.4050542273327106,-0.23945145652632133,-0.41702107268800304,0.8088853774701159,-0.7218835683686659,-0.6238699258790168,0.40683742795524463,1.5357786628062884,2.412803684849147,-4.688799057020275e-06,-0.01088646850472486,-0.8285968535134288,0.0,0.6882113771853678,2.950733787502384,-0.03608102336097565
3684,0.6160118944064381,0.24174359139192128,-0.8173364613433008,-0.23945145652632133,-0.41702107268800304,0.5665917483071344,1.9326056494863928,0.2799961531443808,-3.9304705684926433,-0.651135495119281,-0.4144556004615526,0.6492245065122595,0.48152436599553083,-1.0224045134400246,0.0,-0.8930772127243898,2.950733787502384,-0.03608102336097565
3685,1.0718031166720068,1.6181059352659815,0.4195102406884698,-1.5491826869357594,3.085678386428535,1.3540460430868244,0.9144454015419866,-0.6238699258790168,-1.7618165702686994,-0.651135495119281,-0.4144556004615526,0.3439839241255673,2.7971278743038037,-1.6038274932198118,0.0,0.6882113771853678,1.1921382551160753,-0.7965695658503499
3686,-0.7556138717055922,-1.8003907894530935,-1.0234775783485959,0.15346791259651008,-0.41702107268800304,-1.0688902485429908,-0.6855207023706513,0.7319291926560796,0.40683742795524463,-0.651135495119281,-0.4144556004615526,-0.2193010602052317,-0.336599878444437,1.1094797457525287,0.0,-0.8930772127243898,-0.5664572772702333,-0.03608102336097565
3687,0.7178782558281609,0.43115322373480913,0.83179247469906,1.3322260199650044,0.16676217049808661,0.38487152643489825,-0.030989114406390354,-0.6238699258790168,0.40683742795524463,-0.651135495119281,-0.4144556004615526,2.1177489224048003,1.5587323454982625,0.5280567659727414,0.0,0.6882113771853678,-0.5664572772702333,-0.41632529460566275
3688,0.4019931356517051,0.5763004385950337,0.4195102406884698,1.2012528969240606,-0.41702107268800304,0.8694587847608612,1.3144369275201464,-0.8498364456348662,-1.7618165702686994,1.5357786628062884,-0.4144556004615526,1.562865521565174,0.7106557449844634,-1.0224045134400246,0.0,0.6882113771853678,-0.5664572772702333,-0.03608102336097565
3689,1.1036099353116084,-0.016092126596898845,0.6256513576937649,0.15346791259651008,-0.41702107268800304,-0.16028913918181015,-1.012786496352782,0.2799961531443808,0.40683742795524463,-0.651135495119281,-0.4144556004615526,-0.06656520545124206,0.44675400978078966,-0.8285968535134288,0.0,0.6882113771853678,-0.5664572772702333,-0.41632529460566275
3690,0.14607233718679458,-0.2632350822905824,-0.4050542273327106,0.022494789555566278,-0.41702107268800304,0.6271651555978798,-0.5037063723805789,-0.6238699258790168,0.40683742795524463,-0.651135495119281,-0.4144556004615526,-0.13907220933956027,-0.07170084667966369,-0.44098153366023735,0.0,0.6882113771853678,2.950733787502384,1.4848960616177729
3691,1.004208395328041,0.784644235811671,0.007228006677879595,-0.10847833348537753,-0.41702107268800304,-1.0688902485429908,-0.17644057839844834,-0.171936886367318,0.40683742795524463,-0.651135495119281,-0.4144556004615526,0.019683099045812964,0.5307464825733887,0.14044144611954992,0.0,0.6882113771853678,-0.5664572772702333,-0.7965695658503499
3692,-0.08153493310737836,-1.8003907894530935,0.6256513576937649,-0.8943170717310404,2.501895143242445,0.6271651555978798,0.9144454015419866,-0.8498364456348662,-1.7618165702686994,-0.651135495119281,-0.4144556004615526,0.12094227480053159,0.08200050042608002,-0.24717387373364158,0.0,-0.8930772127243898,1.1921382551160753,-1.176813837095037
3693,0.34037688354641,0.6694319582832459,0.83179247469906,-0.37042457956726516,-0.41702107268800304,-1.1294636558337363,-1.1218750943468254,0.2799961531443808,0.40683742795524463,-0.651135495119281,-0.4144556004615526,-0.5060489675178372,-0.12739700972911788,-0.8285968535134288,0.0,-0.8930772127243898,-0.5664572772702333,-0.03608102336097565
3694,0.6108136916374075,0.16095824007612738,1.6563569427202405,-1.156263317812928,-0.41702107268800304,-1.7957711360319355,-0.35825490838852087,-0.6238699258790168,0.40683742795524463,-0.651135495119281,-0.4144556004615526,-0.4213424979116625,0.848519736246639,0.7218644258993372,0.0,0.6882113771853678,-0.5664572772702333,-0.7965695658503499
3695,0.7430020832766385,0.35820670352199635,0.2133691236831747,0.15346791259651008,-0.41702107268800304,-0.8265966193800093,-1.0855122283488108,-1.7537025246582638,0.40683742795524463,-0.651135495119281,-0.4144556004615526,2.0500438484369075,0.030520834809455624,-1.0224045134400246,0.0,0.6882113771853678,-0.5664572772702333,-0.7965695658503499
3696,-0.590747392347976,-1.4217199288227953,-1.6419009293644813,0.8083335278012291,-0.41702107268800304,0.5665917483071344,2.4053229074605813,1.6357952716794772,0.40683742795524463,-0.651135495119281,-0.4144556004615526,0.02970198323034397,-0.37157955452939245,0.7218644258993372,0.0,0.6882113771853678,1.1921382551160753,-0.7965695658503499
3697,0.34167038818962553,0.9558429437142983,1.2440747087096502,0.15346791259651008,-0.41702107268800304,-1.3717572849967177,-1.1218750943468254,0.0540296333885314,0.40683742795524463,-0.651135495119281,-0.4144556004615526,0.3477896569369542,-0.29270421791647155,1.3032874056791244,0.0,0.6882113771853678,-0.5664572772702333,-0.41632529460566275
3698,0.70339237049822,-0.11949952015984855,1.8624980597255354,-0.10847833348537753,-0.41702107268800304,-2.583225430811625,-0.9400607643567529,-0.3979034061231674,0.40683742795524463,-0.651135495119281,-0.4144556004615526,-0.09430882867884123,0.04179377804199986,-1.0224045134400246,0.0,0.6882113771853678,-0.5664572772702333,-0.03608102336097565
3699,-0.36443454526068825,-0.6128185928326194,-1.229618695353891,1.463199143005948,-0.41702107268800304,0.08200448998117135,-1.0491493623507964,1.6357952716794772,0.40683742795524463,1.5357786628062884,-0.4144556004615526,-0.38081038283380264,-0.009805040770758448,-0.053366213807045836,0.0,-0.8930772127243898,1.1921382551160753,-1.176813837095037
3700,0.014670285706058092,-0.07499805685158634,0.4195102406884698,0.4154141586783977,-0.41702107268800304,0.6271651555978798,-0.06735198040440485,-1.301769485146565,0.40683742795524463,-0.651135495119281,-0.4144556004615526,0.2068713024124452,-0.3919194929034224,-0.44098153366023735,0.0,0.6882113771853678,1.1921382551160753,-0.7965695658503499
3701,-0.4908170391759694,0.9118373088741736,0.4195102406884698,-0.5013977026082089,0.7505454136841763,1.0511790066330975,1.3507997935181608,-0.8498364456348662,-1.7618165702686994,-0.651135495119281,-0.4144556004615526,-0.14198470631732457,-0.4636914867618777,0.915672085825933,0.0,0.6882113771853678,-0.5664572772702333,-0.7965695658503499
3702,1.0644329903608125,0.360229427308204,0.2133691236831747,1.7251453890878359,-0.41702107268800304,-0.7054498047985186,-1.0855122283488108,0.7319291926560796,0.40683742795524463,1.5357786628062884,2.412803684849147,-0.5159055294881001,0.36811677332400294,-0.6347891935868331,0.0,-0.8930772127243898,-0.5664572772702333,-0.03608102336097565
3703,-1.312414940940541,-1.5688472684510595,0.83179247469906,0.15346791259651008,-0.41702107268800304,0.5665917483071344,-0.32189204239050634,-0.6238699258790168,0.40683742795524463,-0.651135495119281,-0.4144556004615526,-0.4458970538031119,-0.5682409806764191,1.3032874056791244,0.0,0.6882113771853678,-0.5664572772702333,-0.7965695658503499
3704,0.37083974648073253,0.5919039029966923,0.6256513576937649,0.4154141586783977,0.16676217049808661,0.32429811914415285,-0.17644057839844834,-1.301769485146565,-1.7618165702686994,-0.651135495119281,-0.4144556004615526,-0.34793281995209807,-0.05253335002738604,-1.2162121733666202,0.0,0.6882113771853678,-0.5664572772702333,-0.03608102336097565
3705,0.9945132675267577,0.41277340105598886,0.83179247469906,0.4154141586783977,-0.41702107268800304,-0.8265966193800093,-1.012786496352782,0.5059626729002302,0.40683742795524463,-0.651135495119281,-0.4144556004615526,-0.3231454446756475,0.06793311161309258,-1.0224045134400246,0.0,0.6882113771853678,-0.5664572772702333,-0.41632529460566275
3706,-1.2576335266591905,-0.08549652203393784,-1.229618695353891,-1.4182095638948156,-0.41702107268800304,-0.09971573189106478,0.33263954557375464,0.957895712411929,0.40683742795524463,-0.651135495119281,-0.4144556004615526,0.49896395549512046,0.1056503674456771,1.3032874056791244,0.0,0.6882113771853678,1.1921382551160753,-0.03608102336097565
3707,0.30486590107301353,0.05575024921074861,-1.4357598123591861,0.6773604047602854,-0.41702107268800304,0.506018341016389,2.3325971754645525,1.1838622321677783,-1.7618165702686994,-0.651135495119281,-0.4144556004615526,0.4511624111971884,0.43948019306385505,0.14044144611954992,0.0,-0.8930772127243898,-0.5664572772702333,-0.03608102336097565
3708,-1.4430563674171168,-1.8003907894530935,-0.8173364613433008,0.2844410356374539,-0.41702107268800304,0.32429811914415285,0.11446234958566764,1.4098287519236279,0.40683742795524463,-0.651135495119281,-0.4144556004615526,0.6713308389502924,-1.105732037087897,1.690902725532316,0.0,0.6882113771853678,-0.5664572772702333,-0.7965695658503499
3709,0.970780353846232,1.594385924137376,0.4195102406884698,-1.5491826869357594,3.085678386428535,1.475192857668315,0.8780825355439722,-0.6238699258790168,-1.7618165702686994,-0.651135495119281,-0.4144556004615526,-0.2771999378323368,1.0287375131419705,-1.6038274932198118,0.0,0.6882113771853678,-0.5664572772702333,-0.41632529460566275
3710,1.049384257123653,1.43220409734821,0.4195102406884698,-1.156263317812928,0.16676217049808661,1.1723258212145882,-0.5764321043766079,-0.3979034061231674,0.40683742795524463,1.5357786628062884,2.412803684849147,0.24633542372309342,0.8818205752892491,-1.6038274932198118,0.0,0.6882113771853678,-0.5664572772702333,-0.7965695658503499
3711,0.25376492825929037,-0.21924497139759186,0.4195102406884698,0.9393066508421729,-0.41702107268800304,0.38487152643489825,-0.7582464343666804,-0.6238699258790168,0.40683742795524463,-0.651135495119281,-0.4144556004615526,-0.35241262790999384,-0.8668026872950881,-0.053366213807045836,0.0,-0.8930772127243898,1.1921382551160753,0.7244075191283986
3712,-1.1690761082626768,-1.1586448954800437,-1.4357598123591861,1.0702797738831167,-0.41702107268800304,0.08200448998117135,-0.7946093003646949,-0.171936886367318,0.40683742795524463,1.5357786628062884,-0.4144556004615526,0.09843279486689989,-0.32094223214225054,-1.2162121733666202,0.0,0.6882113771853678,-0.5664572772702333,0.7244075191283986
3713,1.0254836343483815,0.7162005405419325,0.6256513576937649,0.022494789555566278,-0.41702107268800304,-0.7660232120892639,-0.17644057839844834,-0.3979034061231674,0.40683742795524463,-0.651135495119281,-0.4144556004615526,-0.07613249899538767,0.7509462511316682,-0.6347891935868331,0.0,0.6882113771853678,-0.5664572772702333,-0.7965695658503499
3714,0.5953154227084089,0.06389497704476596,0.83179247469906,-0.23945145652632133,-0.41702107268800304,-1.1294636558337363,-1.1218750943468254,0.5059626729002302,0.40683742795524463,-0.651135495119281,-0.4144556004615526,-0.18132737897454812,-0.2255663224863257,-1.0224045134400246,0.0,0.6882113771853678,-0.5664572772702333,-1.176813837095037
3715,0.970780353846232,1.7140153749445757,0.4195102406884698,-1.0252901947719841,3.6694616296146245,0.6271651555978798,1.1689854635280883,-0.8498364456348662,-3.9304705684926433,-0.651135495119281,-0.4144556004615526,0.8636177729389595,0.9195510041218006,-0.44098153366023735,0.0,0.6882113771853678,-0.5664572772702333,-0.41632529460566275
3716,0.9726683222922322,1.5838345968499306,0.4195102406884698,-0.7633439486900966,0.7505454136841763,0.5665917483071344,0.8780825355439722,-0.8498364456348662,-1.7618165702686994,-0.651135495119281,-0.4144556004615526,-0.28064310651755503,0.7101455201442277,-1.6038274932198118,0.0,0.6882113771853678,-0.5664572772702333,-0.03608102336097565
3717,1.1018755140398853,0.0010398253727885163,0.83179247469906,0.4154141586783977,0.7505454136841763,0.5665917483071344,0.47809100956581263,0.0540296333885314,-1.7618165702686994,-0.651135495119281,-0.4144556004615526,1.477244567901733,1.2297483945343175,-0.44098153366023735,0.0,0.6882113771853678,-0.5664572772702333,-0.03608102336097565
3718,-1.1708611849080242,-0.0197276597214389,-0.19891311032741552,-1.4182095638948156,-0.41702107268800304,0.02143108269042598,0.36900241157176916,0.2799961531443808,0.40683742795524463,-0.651135495119281,-0.4144556004615526,0.346823200001198,-0.5378875719443473,1.1094797457525287,0.0,0.6882113771853678,1.1921382551160753,0.7244075191283986
3719,0.30486590107301353,-0.3452779560582453,0.007228006677879595,-0.6323708256491528,-0.41702107268800304,-1.3717572849967177,-0.8673350323607238,0.7319291926560796,0.40683742795524463,1.5357786628062884,-0.4144556004615526,-0.6804966276294082,-0.40301005836297643,-0.24717387373364158,0.0,-0.8930772127243898,1.1921382551160753,-0.03608102336097565
3720,-0.9982003611975958,0.00611852613301066,1.4502158257149453,2.90390349645633,-0.41702107268800304,-0.22086254647255554,-0.6127949703746224,-0.6238699258790168,0.40683742795524463,-0.651135495119281,-0.4144556004615526,0.5006049377390345,0.02912806821616304,1.1094797457525287,0.0,0.6882113771853678,-0.5664572772702333,-0.03608102336097565
3721,-1.4499148633578207,-1.8003907894530935,-0.4050542273327106,0.2844410356374539,-0.41702107268800304,-0.22086254647255554,-0.39461777438653534,0.5059626729002302,0.40683742795524463,-0.651135495119281,-0.4144556004615526,1.329615080334905,-0.4120935273429062,1.3032874056791244,0.0,0.6882113771853678,2.950733787502384,1.1046517903730857
3722,0.5056512951909411,0.36324171393681864,0.6256513576937649,0.5463872817193415,-0.41702107268800304,0.32429811914415285,0.04173661758963865,-0.8498364456348662,0.40683742795524463,-0.651135495119281,-0.4144556004615526,-0.23263332187995903,-0.0876176603117451,-0.8285968535134288,0.0,0.6882113771853678,-0.5664572772702333,-1.176813837095037
3723,1.0853082325823662,0.6448887734911241,-1.6419009293644813,-0.6323708256491528,-0.41702107268800304,-0.3420093610540463,1.6053398555042624,2.9915943902145736,0.40683742795524463,-0.651135495119281,-0.4144556004615526,-0.5354028533512162,0.23883831896421773,-0.053366213807045836,0.0,0.6882113771853678,-0.5664572772702333,-0.7965695658503499
3724,1.0480009512053992,1.457669704255192,0.4195102406884698,-0.37042457956726516,3.085678386428535,1.2328992285053335,-0.39461777438653534,-0.8498364456348662,-3.9304705684926433,-0.651135495119281,-0.4144556004615526,0.2371220191228321,0.38387540860464986,-0.24717387373364158,0.0,-0.8930772127243898,-0.5664572772702333,-0.7965695658503499
3725,-1.1659563714879828,-1.5919135947842527,0.6256513576937649,-0.37042457956726516,-0.41702107268800304,0.02143108269042598,-0.9764236303547674,-0.8498364456348662,0.40683742795524463,1.5357786628062884,-0.4144556004615526,-0.29842568869780783,-0.7876770724190261,1.3032874056791244,0.0,0.6882113771853678,1.1921382551160753,1.1046517903730857
3726,1.060094827988337,0.5352957263109775,0.83179247469906,-0.8943170717310404,-0.41702107268800304,-1.553477506868954,-1.012786496352782,0.0540296333885314,0.40683742795524463,-0.651135495119281,-0.4144556004615526,0.6285804341455631,1.02954871785618,0.14044144611954992,0.0,0.6882113771853678,-0.5664572772702333,-0.03608102336097565
3727,1.0837343538991537,0.619972060052348,-0.19891311032741552,-1.811128933017647,1.334328656870266,1.5357662649590604,0.9508082675400011,-0.3979034061231674,-1.7618165702686994,-0.651135495119281,-0.4144556004615526,-0.5743434806401804,-0.13742556966344718,-0.8285968535134288,0.0,0.6882113771853678,-0.5664572772702333,-0.03608102336097565
3728,0.3357671859829207,0.258761843958569,1.037933591704355,-1.0252901947719841,-0.41702107268800304,0.08200448998117135,-0.28552917639249187,-0.3979034061231674,0.40683742795524463,-0.651135495119281,-0.4144556004615526,0.00856721517243264,-0.1904423210582475,-0.053366213807045836,0.0,0.6882113771853678,-0.5664572772702333,-0.41632529460566275
3729,0.30486590107301353,-0.3452779560582453,0.007228006677879595,-1.0252901947719841,-0.41702107268800304,-1.432330692287463,-0.9764236303547674,0.0540296333885314,0.40683742795524463,1.5357786628062884,-0.4144556004615526,-0.4835906876826366,-0.518108743908629,-0.24717387373364158,0.0,-0.8930772127243898,-0.5664572772702333,-0.03608102336097565
3730,0.3695656501330359,0.6381773469185396,0.83179247469906,0.2844410356374539,-0.41702107268800304,-0.8265966193800093,-1.0491493623507964,0.5059626729002302,0.40683742795524463,1.5357786628062884,2.412803684849147,0.029644318226765064,-0.14090568096189782,-1.0224045134400246,0.0,-0.8930772127243898,1.1921382551160753,-0.03608102336097565
3731,1.1226532971788454,0.27497029901424375,0.4195102406884698,0.4154141586783977,-0.41702107268800304,-0.46315617563553707,-0.9036978983587384,-0.3979034061231674,0.40683742795524463,-0.651135495119281,-0.4144556004615526,0.4214590080426631,0.5504821966427841,-0.44098153366023735,0.0,0.6882113771853678,-0.5664572772702333,-0.03608102336097565
3732,-0.16990719000796747,-0.46717523561002117,-1.6419009293644813,1.9870916351697234,-0.41702107268800304,0.8694587847608612,2.3689600414625667,-0.6238699258790168,0.40683742795524463,1.5357786628062884,-0.4144556004615526,-0.11998288631234509,-1.1010614879636096,1.1094797457525287,0.0,0.6882113771853678,-0.5664572772702333,-0.41632529460566275
3733,0.8661641463242237,-0.04281018175240909,-0.8173364613433008,-0.23945145652632133,-0.41702107268800304,1.3540460430868244,1.787154185494335,0.0540296333885314,0.40683742795524463,-0.651135495119281,-0.4144556004615526,-0.7407924856504273,0.47653782229362374,-0.8285968535134288,0.0,-0.8930772127243898,-0.5664572772702333,0.7244075191283986
3734,0.4973279681307247,0.3441568178353953,0.6256513576937649,0.5463872817193415,-0.41702107268800304,0.32429811914415285,0.07809948358765315,-0.6238699258790168,0.40683742795524463,-0.651135495119281,-0.4144556004615526,-0.2260524679801776,-0.07732524025314827,-0.8285968535134288,0.0,0.6882113771853678,1.1921382551160753,-1.176813837095037
3735,-0.12468803895260275,2.101748397653037,1.037933591704355,-0.23945145652632133,-0.41702107268800304,-2.4620786162301345,-1.1218750943468254,-0.171936886367318,0.40683742795524463,1.5357786628062884,-0.4144556004615526,-0.05697129239326622,0.13187366523696223,1.3032874056791244,0.0,0.6882113771853678,1.1921382551160753,-1.176813837095037
3736,0.970780353846232,0.43060844877703947,1.2440747087096502,-0.37042457956726516,-0.41702107268800304,-2.0986381724856624,-0.9400607643567529,-0.6238699258790168,0.40683742795524463,-0.651135495119281,-0.4144556004615526,0.3958633471645417,0.4071713939099095,-1.0224045134400246,0.0,-0.8930772127243898,1.1921382551160753,-0.41632529460566275
3737,1.137132900776744,-1.8003907894530935,-0.8173364613433008,0.2844410356374539,-0.41702107268800304,1.2934726357960789,1.2053483295261027,0.957895712411929,0.40683742795524463,-0.651135495119281,-0.4144556004615526,0.6084342137633949,1.2957021721498414,-0.24717387373364158,0.0,-0.8930772127243898,-0.5664572772702333,-0.03608102336097565
3738,-1.0886006156794565,-1.3689873055732293,-0.6111953443380057,1.2012528969240606,-0.41702107268800304,0.14257789727191675,-0.7946093003646949,-0.171936886367318,0.40683742795524463,-0.651135495119281,-0.4144556004615526,0.46535271802759415,-0.502166120788964,-0.8285968535134288,0.0,0.6882113771853678,-0.5664572772702333,0.7244075191283986
3739,1.0144714230918346,0.5511008177336202,0.6256513576937649,0.5463872817193415,-0.41702107268800304,0.38487152643489825,0.6599053395558852,0.0540296333885314,0.40683742795524463,-0.651135495119281,-0.4144556004615526,0.6319962777400172,0.45016842348761055,-0.8285968535134288,0.0,0.6882113771853678,-0.5664572772702333,-0.7965695658503499
3740,0.6242203915271426,0.025533262383423377,-0.6111953443380057,0.022494789555566278,-0.41702107268800304,0.506018341016389,2.1144199794764655,1.6357952716794772,0.40683742795524463,-0.651135495119281,-0.4144556004615526,0.39741124469774786,-0.07325288104090755,-0.8285968535134288,0.0,-0.8930772127243898,1.1921382551160753,-1.176813837095037
3741,0.37083974648073253,0.054126815316044956,0.4195102406884698,1.463199143005948,-0.41702107268800304,0.5665917483071344,0.11446234958566764,-0.8498364456348662,0.40683742795524463,-0.651135495119281,-0.4144556004615526,-0.12604432211499134,0.0790869612941522,0.14044144611954992,0.0,0.6882113771853678,-0.5664572772702333,-0.03608102336097565
3742,0.970780353846232,1.4651509624059185,0.6256513576937649,1.2012528969240606,-0.41702107268800304,0.6877385628886251,0.36900241157176916,-0.3979034061231674,0.40683742795524463,-0.651135495119281,-0.4144556004615526,0.8758423127864758,0.45331738878111777,-1.2162121733666202,0.0,-0.8930772127243898,1.1921382551160753,-0.41632529460566275
3743,1.0692263800513189,0.3566272428050044,0.6256513576937649,0.6773604047602854,-0.41702107268800304,-0.46315617563553707,-0.7582464343666804,0.0540296333885314,0.40683742795524463,-0.651135495119281,-0.4144556004615526,0.140186114087899,0.3886960492561802,-0.6347891935868331,0.0,0.6882113771853678,-0.5664572772702333,-0.03608102336097565
3744,0.970780353846232,0.5851692117134306,0.83179247469906,-0.37042457956726516,-0.41702107268800304,-1.6140509141596993,-0.9400607643567529,-0.6238699258790168,0.40683742795524463,1.5357786628062884,2.412803684849147,0.3958633471645417,0.7209823823945722,-1.2162121733666202,0.0,-0.8930772127243898,-0.5664572772702333,-0.41632529460566275
3745,0.7777150081673949,0.42285407327657887,-2.2603242803803667,0.6773604047602854,-0.41702107268800304,-0.46315617563553707,1.8598799174903637,3.669493949482122,0.40683742795524463,1.5357786628062884,-0.4144556004615526,-0.9141894035999242,-0.3510291587475599,0.14044144611954992,0.0,0.6882113771853678,-0.5664572772702333,-0.03608102336097565
3746,-0.01519419908139662,-0.766745575316631,0.007228006677879595,-0.37042457956726516,-0.41702107268800304,-1.3111838777059723,-0.7946093003646949,1.4098287519236279,0.40683742795524463,1.5357786628062884,2.412803684849147,-0.4622646974486916,0.057010054992495535,-0.24717387373364158,0.0,-0.8930772127243898,1.1921382551160753,-1.176813837095037
3747,0.9861727335656635,1.038865368276835,0.6256513576937649,-1.4182095638948156,-0.41702107268800304,0.6271651555978798,-0.5400692383785933,-0.3979034061231674,0.40683742795524463,-0.651135495119281,-0.4144556004615526,0.7832910077018412,1.0559998069617882,-0.6347891935868331,0.0,0.6882113771853678,-0.5664572772702333,-0.7965695658503499
3748,-0.7955930207411414,-1.1263858100555408,1.037933591704355,-0.5013977026082089,-0.41702107268800304,-2.1592115797764078,-1.012786496352782,0.0540296333885314,0.40683742795524463,-0.651135495119281,-0.4144556004615526,-0.4368536251749488,-0.3427078499576584,0.915672085825933,0.0,0.6882113771853678,-0.5664572772702333,0.34416324788371144
3749,0.30486590107301353,-1.5072445708347846,-1.4357598123591861,0.9393066508421729,-0.41702107268800304,0.02143108269042598,-0.8309721663627093,0.2799961531443808,0.40683742795524463,1.5357786628062884,-0.4144556004615526,-0.6274984211485627,0.3087304014157479,-1.0224045134400246,0.0,-0.8930772127243898,1.1921382551160753,-0.03608102336097565
3750,0.07000543984715432,-0.8782782419569951,-0.4050542273327106,-0.5013977026082089,-0.41702107268800304,-1.7957711360319355,-0.9764236303547674,0.0540296333885314,0.40683742795524463,-0.651135495119281,-0.4144556004615526,0.20761372909660983,0.06220403988486852,0.5280567659727414,0.0,-0.8930772127243898,1.1921382551160753,0.7244075191283986
3751,0.3672253792020309,0.02418235859065138,-1.6419009293644813,1.2012528969240606,-0.41702107268800304,0.5665917483071344,2.47804863945661,1.4098287519236279,0.40683742795524463,-0.651135495119281,-0.4144556004615526,0.3354601414441362,0.4984660186893746,0.7218644258993372,0.0,0.6882113771853678,-0.5664572772702333,-0.03608102336097565
3752,0.6985557681865883,-0.11042127660677388,1.037933591704355,0.15346791259651008,1.334328656870266,0.6271651555978798,0.5871796075598562,0.2799961531443808,-1.7618165702686994,-0.651135495119281,-0.4144556004615526,1.2563360337058616,0.7568877887293964,-0.44098153366023735,0.0,0.6882113771853678,-0.5664572772702333,-0.41632529460566275
3753,0.3400832691492458,0.004479746247871543,-1.229618695353891,0.9393066508421729,-0.41702107268800304,0.506018341016389,2.4053229074605813,1.6357952716794772,0.40683742795524463,-0.651135495119281,-0.4144556004615526,0.3677133136415255,0.34191573805296693,0.33424910604614566,0.0,0.6882113771853678,-0.5664572772702333,-0.41632529460566275
3754,0.017095316722317847,-1.8003907894530935,0.007228006677879595,-0.37042457956726516,-0.41702107268800304,0.02143108269042598,-0.5400692383785933,-1.301769485146565,0.40683742795524463,-0.651135495119281,-0.4144556004615526,0.08849777090746412,-0.06100713073889485,1.1094797457525287,0.0,0.6882113771853678,-0.5664572772702333,-0.03608102336097565
3755,0.21437699812019395,0.7174853814040147,1.2440747087096502,-0.10847833348537753,-0.41702107268800304,-1.432330692287463,-1.1218750943468254,-0.171936886367318,0.40683742795524463,-0.651135495119281,-0.4144556004615526,-0.5541216094477157,-0.030488676967202685,-0.053366213807045836,0.0,0.6882113771853678,-0.5664572772702333,-0.03608102336097565
3756,-0.3519163677838675,-1.8003907894530935,-0.4050542273327106,-0.37042457956726516,-0.41702107268800304,-0.7660232120892639,-0.7218835683686659,-0.171936886367318,0.40683742795524463,-0.651135495119281,-0.4144556004615526,0.0802571256672829,-0.05775369026777331,1.1094797457525287,0.0,0.6882113771853678,-0.5664572772702333,-0.7965695658503499
3757,0.30486590107301353,0.00856354119208629,0.6256513576937649,-0.10847833348537753,1.9181119000563556,1.0511790066330975,1.5689769895062478,-1.0758029653907155,-1.7618165702686994,-0.651135495119281,-0.4144556004615526,0.2718346573023064,0.3628792030777206,0.7218644258993372,0.0,-0.8930772127243898,-0.5664572772702333,-0.03608102336097565
3758,1.137132900776744,0.3250487468406041,0.007228006677879595,2.2490378812516107,-0.41702107268800304,-0.5237295829262825,-0.9764236303547674,0.7319291926560796,0.40683742795524463,-0.651135495119281,-0.4144556004615526,-0.5799170946039146,0.6802365076442346,-0.6347891935868331,0.0,-0.8930772127243898,-0.5664572772702333,0.7244075191283986
3759,1.093232411514463,0.6942431581877868,0.6256513576937649,0.9393066508421729,-0.41702107268800304,0.8694587847608612,-0.32189204239050634,-0.6238699258790168,0.40683742795524463,1.5357786628062884,-0.4144556004615526,0.5620807492061201,0.7200732959228571,-0.6347891935868331,0.0,0.6882113771853678,-0.5664572772702333,-0.7965695658503499
3760,-1.0238769620657884,-0.04379894992749629,1.037933591704355,1.0702797738831167,-0.41702107268800304,-2.401505208939389,-1.012786496352782,0.7319291926560796,0.40683742795524463,-0.651135495119281,-0.4144556004615526,-0.6323531031359421,0.10767311511200287,0.915672085825933,0.0,-0.8930772127243898,-0.5664572772702333,-1.176813837095037
3761,-1.1968228059410382,-1.8003907894530935,0.4195102406884698,-0.10847833348537753,-0.41702107268800304,0.6877385628886251,-0.28552917639249187,-0.6238699258790168,0.40683742795524463,-0.651135495119281,-0.4144556004615526,-0.15171157364043947,0.051087524336009715,1.690902725532316,0.0,0.6882113771853678,-0.5664572772702333,-0.41632529460566275
3762,0.0596414529198593,0.22909932411192874,0.83179247469906,0.4154141586783977,-0.41702107268800304,0.32429811914415285,0.04173661758963865,-0.8498364456348662,0.40683742795524463,-0.651135495119281,-0.4144556004615526,0.16873581053576284,0.02286664988058748,-0.8285968535134288,0.0,-0.8930772127243898,-0.5664572772702333,-0.41632529460566275
3763,-0.5857510555915164,0.19326954025650095,0.4195102406884698,-1.287236440853872,0.16676217049808661,0.7483119701793706,1.3871626595161752,-0.6238699258790168,0.40683742795524463,-0.651135495119281,-0.4144556004615526,-0.18473522712415505,-0.1378217765816775,1.3032874056791244,0.0,0.6882113771853678,-0.5664572772702333,-1.176813837095037
3764,0.865094436580879,0.6430307538883542,-0.8173364613433008,-0.8943170717310404,-0.41702107268800304,1.2328992285053335,-0.9400607643567529,-0.171936886367318,0.40683742795524463,1.5357786628062884,2.412803684849147,-0.12150895536190275,0.1670574238644835,-0.24717387373364158,0.0,0.6882113771853678,-0.5664572772702333,-0.7965695658503499
3765,0.24468426597304088,-0.3159307959194737,-0.4050542273327106,-0.7633439486900966,-0.41702107268800304,0.9300321920516067,-0.7218835683686659,-0.6238699258790168,0.40683742795524463,1.5357786628062884,2.412803684849147,0.45112549608731123,0.2554826216949935,-0.24717387373364158,0.0,0.6882113771853678,1.1921382551160753,0.7244075191283986
3766,0.729713610086839,-0.9148541881649872,-1.6419009293644813,1.594172266046892,-0.41702107268800304,0.6877385628886251,2.4053229074605813,0.2799961531443808,0.40683742795524463,-0.651135495119281,-0.4144556004615526,0.22766547646555482,0.8903247244038845,0.915672085825933,0.0,0.6882113771853678,-0.5664572772702333,-0.03608102336097565
3767,0.3586979079771265,0.5383259348288029,-0.6111953443380057,0.4154141586783977,-0.41702107268800304,0.6877385628886251,0.005373751591624148,0.7319291926560796,0.40683742795524463,-0.651135495119281,-0.4144556004615526,-0.49210045058762797,0.1006193650353284,-0.8285968535134288,0.0,-0.8930772127243898,-0.5664572772702333,-1.176813837095037
3768,-0.7368835280551677,-0.558305714391327,0.83179247469906,-0.6323708256491528,-0.41702107268800304,0.8088853774701159,-0.28552917639249187,-0.3979034061231674,0.40683742795524463,-0.651135495119281,-0.4144556004615526,0.07358393632888008,-0.4549428931687993,1.690902725532316,0.0,-0.8930772127243898,2.950733787502384,-0.41632529460566275
3769,1.0206695527167828,0.2608606435282164,-0.19891311032741552,-0.7633439486900966,-0.41702107268800304,-1.73519772874119,-0.9036978983587384,0.2799961531443808,0.40683742795524463,-0.651135495119281,-0.4144556004615526,1.224285302120612,1.132536327777964,-0.053366213807045836,0.0,0.6882113771853678,1.1921382551160753,-0.41632529460566275
3770,0.017095316722317847,-1.8003907894530935,-1.4357598123591861,-0.5013977026082089,-0.41702107268800304,0.506018341016389,2.0053313814824216,0.5059626729002302,-6.099124566716587,-0.651135495119281,-0.4144556004615526,-0.5552373013350804,-0.7772068454385372,-1.0224045134400246,0.0,-0.8930772127243898,-0.5664572772702333,-0.03608102336097565
3771,1.0155164898183535,0.5268643290172889,0.83179247469906,-0.5013977026082089,-0.41702107268800304,-1.6140509141596993,-0.9764236303547674,-0.3979034061231674,0.40683742795524463,1.5357786628062884,-0.4144556004615526,0.5477948854364814,0.875538132425262,-0.8285968535134288,0.0,-0.8930772127243898,1.1921382551160753,-0.41632529460566275
3772,-0.632453311305671,-1.8003907894530935,-1.6419009293644813,-0.10847833348537753,-0.41702107268800304,0.7483119701793706,0.7326310715519142,0.7319291926560796,0.40683742795524463,-0.651135495119281,-0.4144556004615526,-0.17620288256741823,-0.3330950887658622,0.7218644258993372,0.0,0.6882113771853678,-0.5664572772702333,-0.7965695658503499
3773,-1.1168194911940343,-0.06090178668011045,-0.8173364613433008,-1.156263317812928,0.16676217049808661,-0.0391423246003194,0.07809948358765315,0.7319291926560796,0.40683742795524463,-0.651135495119281,-0.4144556004615526,0.6580159008273759,0.7854399899744627,1.690902725532316,0.0,0.6882113771853678,2.950733787502384,-0.41632529460566275
3774,-0.8013162385777457,-0.6451125087364145,0.83179247469906,1.0702797738831167,0.16676217049808661,0.32429811914415285,-0.17644057839844834,-0.6238699258790168,0.40683742795524463,-0.651135495119281,-0.4144556004615526,-0.18984264380742447,1.041337012591472,1.1094797457525287,0.0,0.6882113771853678,1.1921382551160753,-0.7965695658503499
3775,-0.682086259943728,0.3234201999122181,-1.8480420463697762,0.4154141586783977,-0.41702107268800304,-0.09971573189106478,1.6780655875002912,0.0540296333885314,0.40683742795524463,-0.651135495119281,-0.4144556004615526,-0.5707504354576712,-1.3603516543960796,-0.44098153366023735,0.0,0.6882113771853678,1.1921382551160753,-0.03608102336097565
3776,0.9885708100061391,0.30017891365604915,-0.6111953443380057,-0.6323708256491528,-0.41702107268800304,-1.6746243214504446,-0.8309721663627093,0.5059626729002302,0.40683742795524463,-0.651135495119281,-0.4144556004615526,0.8381831570908611,0.9410520391537094,0.14044144611954992,0.0,0.6882113771853678,1.1921382551160753,-0.41632529460566275
3777,0.970780353846232,1.102691809897398,-1.4357598123591861,0.2844410356374539,-0.41702107268800304,0.08200448998117135,1.8235170514923493,-1.301769485146565,-3.9304705684926433,-0.651135495119281,-0.4144556004615526,1.0408252677382923,1.0402101452638537,-1.2162121733666202,0.0,-0.8930772127243898,-0.5664572772702333,-0.41632529460566275
3778,-0.768541033919063,0.2515921416089485,1.2440747087096502,-0.7633439486900966,-0.41702107268800304,-1.3111838777059723,-0.35825490838852087,0.0540296333885314,0.40683742795524463,-0.651135495119281,-0.4144556004615526,0.36098281195298315,0.5854025146265236,0.915672085825933,0.0,0.6882113771853678,-0.5664572772702333,-0.7965695658503499
3779,0.35038625195836476,-0.2728492619407092,-1.229618695353891,-1.287236440853872,-0.41702107268800304,0.990605599342352,0.25991381357772564,-0.6238699258790168,0.40683742795524463,-0.651135495119281,-0.4144556004615526,0.032504599410859196,0.1995373631549137,-0.053366213807045836,0.0,-0.8930772127243898,-0.5664572772702333,-0.03608102336097565
3780,0.9172317187964866,0.378307942825371,1.6563569427202405,-0.37042457956726516,-0.41702107268800304,-2.583225430811625,-0.9764236303547674,-0.6238699258790168,0.40683742795524463,-0.651135495119281,-0.4144556004615526,0.38741777162060875,-0.06258888435931691,-1.0224045134400246,0.0,0.6882113771853678,1.1921382551160753,-0.7965695658503499
3781,0.808254777040294,0.35442455266287776,1.4502158257149453,-0.8943170717310404,-0.41702107268800304,-1.73519772874119,-0.9400607643567529,-0.3979034061231674,0.40683742795524463,-0.651135495119281,-0.4144556004615526,0.20624350531965177,0.6980554338229976,-0.24717387373364158,0.0,0.6882113771853678,-0.5664572772702333,-0.7965695658503499
3782,-0.9763991739274329,-0.7747646859644166,-1.6419009293644813,1.463199143005948,-0.41702107268800304,0.08200448998117135,-0.8309721663627093,0.0540296333885314,0.40683742795524463,1.5357786628062884,-0.4144556004615526,-0.08277946828726011,-0.3318059370215374,-0.6347891935868331,0.0,0.6882113771853678,-0.5664572772702333,0.34416324788371144
3783,0.4375169986056046,0.24956754960640648,0.4195102406884698,0.2844410356374539,-0.41702107268800304,0.44544493372564364,0.07809948358765315,-1.0758029653907155,0.40683742795524463,-0.651135495119281,-0.4144556004615526,-0.3722606791879471,-0.17930603447218402,-0.44098153366023735,0.0,-0.8930772127243898,-0.5664572772702333,-0.7965695658503499
3784,0.35231109972751934,-0.17325045941321335,0.6256513576937649,0.9393066508421729,0.7505454136841763,0.506018341016389,1.4235255255141899,-0.8498364456348662,0.40683742795524463,-0.651135495119281,-0.4144556004615526,0.030468073286463494,-0.0065530474279602196,0.14044144611954992,0.0,-0.8930772127243898,-0.5664572772702333,-0.03608102336097565
3785,-0.10472886225282091,-0.4326374748294224,-1.6419009293644813,1.9870916351697234,-0.41702107268800304,0.8088853774701159,2.3689600414625667,-0.6238699258790168,0.40683742795524463,-0.651135495119281,-0.4144556004615526,-0.18850544309104297,-1.0599518495729372,0.915672085825933,0.0,-0.8930772127243898,-0.5664572772702333,-0.03608102336097565
3786,-0.01353911081984119,0.04465540767038915,0.2133691236831747,0.2844410356374539,-0.41702107268800304,0.6877385628886251,-0.10371484640241935,-1.301769485146565,0.40683742795524463,-0.651135495119281,-0.4144556004615526,0.18167510159417039,-0.33028350480814656,-0.053366213807045836,0.0,0.6882113771853678,1.1921382551160753,-0.41632529460566275
3787,0.5647072544337643,0.6782520202575124,0.4195102406884698,0.9393066508421729,-0.41702107268800304,0.7483119701793706,1.2780740615221318,-0.6238699258790168,0.40683742795524463,-0.651135495119281,-0.4144556004615526,2.7560057726396496,1.6233122517047935,0.7218644258993372,0.0,0.6882113771853678,-0.5664572772702333,-0.41632529460566275
3788,0.29046810027326375,-0.1775824462563179,-0.19891311032741552,-0.5013977026082089,0.7505454136841763,0.2637247118534075,-0.43098064038454986,-1.0758029653907155,-1.7618165702686994,1.5357786628062884,-0.4144556004615526,-0.25111395960776695,-0.06095906986802374,-0.8285968535134288,0.0,0.6882113771853678,1.1921382551160753,0.34416324788371144
3789,0.35977377632917124,-0.17740601605115447,0.83179247469906,-0.10847833348537753,0.7505454136841763,0.6271651555978798,0.5144538755638272,0.0540296333885314,-1.7618165702686994,-0.651135495119281,-0.4144556004615526,0.9134334099602435,0.4355353701217904,-0.44098153366023735,0.0,-0.8930772127243898,-0.5664572772702333,-0.7965695658503499
3790,0.4565581127359247,0.6253514182221716,1.037933591704355,0.4154141586783977,-0.41702107268800304,-0.8265966193800093,-1.012786496352782,0.7319291926560796,0.40683742795524463,1.5357786628062884,2.412803684849147,-0.046048104556931084,-0.13412856982470664,-1.0224045134400246,0.0,-0.8930772127243898,-0.5664572772702333,-0.03608102336097565
3791,0.456281275998808,0.2554442725818648,1.037933591704355,-0.37042457956726516,-0.41702107268800304,-2.1592115797764078,-0.9036978983587384,-0.6238699258790168,0.40683742795524463,-0.651135495119281,-0.4144556004615526,0.2362290197427389,0.08992073072655406,-1.0224045134400246,0.0,0.6882113771853678,2.950733787502384,-1.176813837095037
3792,1.0827276552523102,-0.20471594618556024,1.037933591704355,-0.6323708256491528,0.7505454136841763,0.506018341016389,-0.43098064038454986,-1.0758029653907155,0.40683742795524463,-0.651135495119281,-0.4144556004615526,-0.6118974702707324,0.7515349219796964,-1.0224045134400246,0.0,0.6882113771853678,1.1921382551160753,-0.7965695658503499
3793,0.32598407761330356,1.6058236563262611,0.4195102406884698,-0.10847833348537753,-0.41702107268800304,-2.038064765194917,-1.1218750943468254,0.2799961531443808,0.40683742795524463,-0.651135495119281,-0.4144556004615526,-0.0312429672991391,0.6682910653035177,1.3032874056791244,0.0,0.6882113771853678,-0.5664572772702333,-1.176813837095037
3794,1.1329934039122438,1.4162244583754662,0.6256513576937649,1.7251453890878359,-0.41702107268800304,0.7483119701793706,0.29627667957574016,-0.6238699258790168,0.40683742795524463,-0.651135495119281,-0.4144556004615526,0.45658910680930637,0.004453709698922139,-0.24717387373364158,0.0,0.6882113771853678,-0.5664572772702333,0.34416324788371144
3795,1.137132900776744,0.4020126326751556,0.83179247469906,0.2844410356374539,-0.41702107268800304,0.38487152643489825,-0.030989114406390354,-1.0758029653907155,0.40683742795524463,-0.651135495119281,-0.4144556004615526,0.5377678517553318,1.23657548826118,-0.8285968535134288,0.0,0.6882113771853678,-0.5664572772702333,0.34416324788371144
3796,-1.6268285839696017,-0.689609965438799,1.2440747087096502,0.8083335278012291,-0.41702107268800304,-2.4620786162301345,-0.9764236303547674,0.2799961531443808,0.40683742795524463,-0.651135495119281,-0.4144556004615526,-0.4117978574338796,-0.31384197003958736,1.1094797457525287,0.0,0.6882113771853678,-0.5664572772702333,-0.7965695658503499
3797,0.970780353846232,1.594385924137376,0.6256513576937649,-0.8943170717310404,0.7505454136841763,0.6877385628886251,0.8780825355439722,-0.8498364456348662,-1.7618165702686994,-0.651135495119281,-0.4144556004615526,-0.2771999378323368,0.7785718814878316,-1.6038274932198118,0.0,0.6882113771853678,-0.5664572772702333,-0.41632529460566275
3798,0.970780353846232,1.4651509624059185,-1.4357598123591861,-0.37042457956726516,-0.41702107268800304,-0.22086254647255554,1.6417027215022768,0.7319291926560796,0.40683742795524463,-0.651135495119281,-0.4144556004615526,0.5738141219463697,1.3567254221388998,-1.2162121733666202,0.0,0.6882113771853678,-0.5664572772702333,-0.03608102336097565
3799,-0.7542231379522211,-0.12813605374201936,-1.8480420463697762,2.5109841273334985,-0.41702107268800304,0.32429811914415285,-1.012786496352782,0.5059626729002302,0.40683742795524463,1.5357786628062884,-0.4144556004615526,-0.3882316491516413,-0.41573129229962447,0.5280567659727414,0.0,0.6882113771853678,-0.5664572772702333,-1.176813837095037
3800,1.1012604228363831,1.116574964425637,0.4195102406884698,-0.37042457956726516,-0.41702107268800304,1.1723258212145882,-0.14007771240043385,-0.3979034061231674,0.40683742795524463,-0.651135495119281,-0.4144556004615526,0.5576346890531799,0.5678151932793003,-0.8285968535134288,0.0,0.6882113771853678,-0.5664572772702333,-0.41632529460566275
3801,-0.6868044455951884,-0.012310758584567164,-2.0541831633750713,-0.10847833348537753,-0.41702107268800304,0.506018341016389,2.1871457114724944,1.8617617914353266,0.40683742795524463,-0.651135495119281,-0.4144556004615526,-0.2514740819173994,-0.30542803339016433,0.7218644258993372,0.0,0.6882113771853678,1.1921382551160753,-0.7965695658503499
3802,1.0718031166720068,0.8123032714970676,-0.4050542273327106,-0.7633439486900966,-0.41702107268800304,1.1723258212145882,-0.9036978983587384,-0.3979034061231674,0.40683742795524463,-0.651135495119281,-0.4144556004615526,-0.07078141817344413,0.17084692219239744,0.14044144611954992,0.0,0.6882113771853678,-0.5664572772702333,-0.7965695658503499
3803,1.0238366028580104,0.6031771846610336,0.6256513576937649,0.6773604047602854,-0.41702107268800304,0.44544493372564364,0.6235424735578706,0.0540296333885314,0.40683742795524463,-0.651135495119281,-0.4144556004615526,0.6225141554749418,0.39211945713944174,-1.0224045134400246,0.0,0.6882113771853678,-0.5664572772702333,-0.7965695658503499
3804,0.982635523006522,0.6946181567548715,0.4195102406884698,-1.4182095638948156,-0.41702107268800304,0.8694587847608612,-0.6855207023706513,-0.171936886367318,0.40683742795524463,1.5357786628062884,2.412803684849147,1.1371773693704896,0.07294850049225046,-1.4100198332932161,0.0,-0.8930772127243898,1.1921382551160753,-0.7965695658503499
3805,0.1986020392309414,-0.30018821445082083,-0.4050542273327106,-0.5013977026082089,-0.41702107268800304,0.7483119701793706,-0.5764321043766079,-0.6238699258790168,0.40683742795524463,1.5357786628062884,2.412803684849147,0.1663579500617009,0.17324700934607884,-0.44098153366023735,0.0,0.6882113771853678,1.1921382551160753,1.1046517903730857
3806,1.0356062213235917,1.5633015031680033,-1.229618695353891,0.9393066508421729,-0.41702107268800304,1.1117524139238428,0.9508082675400011,1.6357952716794772,0.40683742795524463,-0.651135495119281,-0.4144556004615526,1.613474163032979,0.5745652022108027,-1.6038274932198118,0.0,-0.8930772127243898,1.1921382551160753,-0.7965695658503499
3807,0.2039544509350983,-0.35620172529007843,-0.4050542273327106,-0.10847833348537753,-0.41702107268800304,-0.7660232120892639,-1.0491493623507964,-1.301769485146565,0.40683742795524463,1.5357786628062884,-0.4144556004615526,0.5762309297880679,0.21423654477547147,-0.44098153366023735,0.0,0.6882113771853678,1.1921382551160753,-0.03608102336097565
3808,-0.532383836463084,-0.7422101862411079,0.6256513576937649,-0.5013977026082089,-0.41702107268800304,-1.3717572849967177,-1.012786496352782,0.0540296333885314,0.40683742795524463,-0.651135495119281,-0.4144556004615526,-0.25253784608393537,-0.4302956305981107,1.690902725532316,0.0,-0.8930772127243898,-0.5664572772702333,-0.03608102336097565
3809,1.1226515679356048,0.9209633315555604,-1.229618695353891,0.15346791259651008,-0.41702107268800304,-0.09971573189106478,-0.24916631039447737,1.6357952716794772,0.40683742795524463,-0.651135495119281,-0.4144556004615526,0.230209838459947,-0.15585373969360256,-0.24717387373364158,0.0,-0.8930772127243898,1.1921382551160753,-0.03608102336097565
3810,1.0755279024952984,1.039107056370403,0.6256513576937649,0.6773604047602854,-0.41702107268800304,0.9300321920516067,-0.10371484640241935,-0.6238699258790168,0.40683742795524463,-0.651135495119281,-0.4144556004615526,0.6629662750744769,0.7216537191491718,-0.44098153366023735,0.0,-0.8930772127243898,-0.5664572772702333,-0.03608102336097565
3811,1.1224437953489947,0.7196020575323101,0.6256513576937649,-0.10847833348537753,-0.41702107268800304,1.1117524139238428,-0.030989114406390354,-0.6238699258790168,0.40683742795524463,1.5357786628062884,-0.4144556004615526,0.5058143196984036,0.6744600693254499,0.14044144611954992,0.0,0.6882113771853678,-0.5664572772702333,-0.03608102336097565
3812,1.118351275002596,0.4047141869974817,-1.229618695353891,0.4154141586783977,-0.41702107268800304,0.6271651555978798,0.6962682055538997,0.5059626729002302,0.40683742795524463,-0.651135495119281,-0.4144556004615526,0.16078267162893478,-0.06201409957961917,0.14044144611954992,0.0,0.6882113771853678,1.1921382551160753,-0.03608102336097565
3813,0.7482399925547668,0.35516735825799645,0.2133691236831747,0.15346791259651008,-0.41702107268800304,-0.8265966193800093,-1.0855122283488108,-1.7537025246582638,0.40683742795524463,-0.651135495119281,-0.4144556004615526,2.033507726830147,0.03154489737875527,-1.0224045134400246,0.0,0.6882113771853678,-0.5664572772702333,-0.7965695658503499
3814,0.7130129929335078,0.9531225907488177,-0.19891311032741552,0.5463872817193415,-0.41702107268800304,0.6271651555978798,1.3871626595161752,0.2799961531443808,0.40683742795524463,1.5357786628062884,-0.4144556004615526,2.5423164724710032,3.415400770505449,0.14044144611954992,0.0,0.6882113771853678,-0.5664572772702333,-0.41632529460566275
3815,0.09367652469734987,-1.1141612762247528,0.6256513576937649,-0.5013977026082089,-0.41702107268800304,-1.6746243214504446,-1.1218750943468254,0.0540296333885314,0.40683742795524463,1.5357786628062884,-0.4144556004615526,0.4451458336722932,0.11732661193872106,0.7218644258993372,0.0,0.6882113771853678,1.1921382551160753,0.7244075191283986
3816,-1.2557711432315317,-1.8003907894530935,-0.19891311032741552,0.022494789555566278,-0.41702107268800304,-0.6448763975077731,-0.7946093003646949,0.7319291926560796,0.40683742795524463,-0.651135495119281,-0.4144556004615526,0.9127593987593159,-0.09385250802517177,1.1094797457525287,0.0,0.6882113771853678,2.950733787502384,0.7244075191283986
3817,0.970780353846232,0.3597735990195588,0.6256513576937649,0.4154141586783977,-0.41702107268800304,0.5665917483071344,-0.06735198040440485,-1.301769485146565,0.40683742795524463,-0.651135495119281,-0.4144556004615526,1.235765636271372,0.845199692563185,-0.6347891935868331,0.0,0.6882113771853678,-0.5664572772702333,-0.41632529460566275
3818,-0.9526594970171947,-0.5446626738532515,-1.8480420463697762,-0.6323708256491528,-0.41702107268800304,0.8088853774701159,-0.5764321043766079,0.957895712411929,0.40683742795524463,1.5357786628062884,2.412803684849147,-0.5070353923607012,-0.5120315246116874,-1.2162121733666202,0.0,0.6882113771853678,1.1921382551160753,1.4848960616177729
3819,0.1363601156980373,0.3918173232586665,0.2133691236831747,-0.37042457956726516,-0.41702107268800304,-1.6746243214504446,-1.0491493623507964,0.957895712411929,0.40683742795524463,-0.651135495119281,-0.4144556004615526,0.1251746959084029,-0.302111987860212,1.4970950656057203,0.0,-0.8930772127243898,1.1921382551160753,0.7244075191283986
3820,-0.5609590629601692,-0.9338551510183161,0.4195102406884698,-0.6323708256491528,-0.41702107268800304,-1.0083168412522454,-0.9764236303547674,0.2799961531443808,0.40683742795524463,-0.651135495119281,-0.4144556004615526,-0.1889827864428125,-0.45759299550405985,1.3032874056791244,0.0,-0.8930772127243898,-0.5664572772702333,-0.03608102336097565
3821,0.4836495398801947,0.50083616457637,0.6256513576937649,-0.8943170717310404,1.9181119000563556,1.2328992285053335,1.3871626595161752,-0.8498364456348662,-3.9304705684926433,-0.651135495119281,-0.4144556004615526,-0.16527594750396749,-0.03118812956523898,0.915672085825933,0.0,-0.8930772127243898,-0.5664572772702333,-0.7965695658503499
3822,-0.4326629598381059,-0.186599778468929,0.007228006677879595,0.6773604047602854,0.16676217049808661,1.2328992285053335,1.4598883915122043,0.0540296333885314,-1.7618165702686994,1.5357786628062884,-0.4144556004615526,1.3755196984128333,-0.07634377241163101,-1.2162121733666202,0.0,0.6882113771853678,1.1921382551160753,1.1046517903730857
3823,0.14183867995840593,0.3973457005796539,0.4195102406884698,-0.8943170717310404,-0.41702107268800304,0.6877385628886251,0.15082521558368214,-0.6238699258790168,0.40683742795524463,-0.651135495119281,-0.4144556004615526,-0.3725304267849609,-0.44826185380370664,0.14044144611954992,0.0,0.6882113771853678,1.1921382551160753,0.34416324788371144
3824,0.11816421221260748,-1.4137953767772535,-1.229618695353891,0.9393066508421729,-0.41702107268800304,0.02143108269042598,-0.9036978983587384,0.7319291926560796,0.40683742795524463,1.5357786628062884,-0.4144556004615526,-0.5005971491444464,0.34535424112006546,-0.8285968535134288,0.0,-0.8930772127243898,2.950733787502384,-0.41632529460566275
3825,-0.0707539868481811,0.28926922357391177,0.6256513576937649,-1.6801558099767033,0.7505454136841763,0.506018341016389,1.6053398555042624,-0.171936886367318,-1.7618165702686994,-0.651135495119281,-0.4144556004615526,-0.37622811889736657,0.039448936672663235,1.4970950656057203,0.0,0.6882113771853678,-0.5664572772702333,0.34416324788371144
3826,0.221455406447871,-0.08800068381038872,0.007228006677879595,0.15346791259651008,-0.41702107268800304,0.8694587847608612,0.005373751591624148,-1.0758029653907155,-1.7618165702686994,-0.651135495119281,-0.4144556004615526,-0.5973948963934006,0.09915877400481021,0.14044144611954992,0.0,-0.8930772127243898,-0.5664572772702333,0.7244075191283986
3827,1.137132900776744,0.4591381833442229,0.83179247469906,0.6773604047602854,-0.41702107268800304,-0.3420093610540463,-0.8309721663627093,0.0540296333885314,0.40683742795524463,-0.651135495119281,-0.4144556004615526,0.288343500194143,0.6802365076442346,-0.24717387373364158,0.0,0.6882113771853678,1.1921382551160753,0.34416324788371144
3828,0.30486590107301353,-0.3452779560582453,0.007228006677879595,-0.6323708256491528,-0.41702107268800304,-1.3717572849967177,-0.8673350323607238,0.957895712411929,0.40683742795524463,1.5357786628062884,-0.4144556004615526,-0.730711529713184,-0.3736576212236571,-0.24717387373364158,0.0,-0.8930772127243898,1.1921382551160753,-0.03608102336097565
3829,1.0718031166720068,0.866469872324295,1.037933591704355,-1.287236440853872,0.7505454136841763,0.2637247118534075,-0.35825490838852087,-0.6238699258790168,-1.7618165702686994,-0.651135495119281,-0.4144556004615526,0.2684126161959317,0.5548253271264525,-0.24717387373364158,0.0,0.6882113771853678,-0.5664572772702333,-0.7965695658503499
3830,-1.1854177940294726,-1.6953673821353161,1.037933591704355,-1.0252901947719841,-0.41702107268800304,-1.7957711360319355,-1.1218750943468254,0.0540296333885314,0.40683742795524463,-0.651135495119281,-0.4144556004615526,-0.3854171412267318,-0.21298636313095887,-0.24717387373364158,0.0,0.6882113771853678,-0.5664572772702333,0.34416324788371144
3831,0.5747646554454913,0.04382321378605472,1.8624980597255354,-0.23945145652632133,-0.41702107268800304,-2.583225430811625,-0.9764236303547674,-0.3979034061231674,0.40683742795524463,-0.651135495119281,-0.4144556004615526,0.034990044509321326,-0.23605382086671636,-1.0224045134400246,0.0,0.6882113771853678,-0.5664572772702333,0.34416324788371144
3832,0.20734799048060207,0.7401297826152439,0.4195102406884698,0.4154141586783977,-0.41702107268800304,0.8088853774701159,1.8598799174903637,-0.171936886367318,0.40683742795524463,1.5357786628062884,2.412803684849147,0.25055427939476294,-0.17114719562757919,-0.44098153366023735,0.0,0.6882113771853678,-0.5664572772702333,-0.41632529460566275
3833,-1.276022090411634,-1.3718807596360842,-1.8480420463697762,-1.156263317812928,0.16676217049808661,-0.16028913918181015,0.11446234958566764,1.4098287519236279,0.40683742795524463,-0.651135495119281,-0.4144556004615526,0.6210916976696526,1.095852246160265,1.8847103854589116,0.0,0.6882113771853678,-0.5664572772702333,-1.176813837095037
3834,-1.1843861029704594,0.5555923887641516,-0.19891311032741552,-0.23945145652632133,-0.41702107268800304,-1.3111838777059723,-0.8309721663627093,2.087728311191176,0.40683742795524463,-0.651135495119281,-0.4144556004615526,-0.2478069188227194,0.1456422126467258,0.14044144611954992,0.0,0.6882113771853678,-0.5664572772702333,0.7244075191283986
3835,0.871255531105927,0.3334033831533761,1.6563569427202405,-0.37042457956726516,-0.41702107268800304,-2.583225430811625,-0.9764236303547674,-0.6238699258790168,0.40683742795524463,-0.651135495119281,-0.4144556004615526,0.3801665061868223,-0.08717057777700987,-1.0224045134400246,0.0,0.6882113771853678,1.1921382551160753,-0.7965695658503499
3836,-1.4035990704657106,0.7137693475453539,0.4195102406884698,-0.6323708256491528,0.16676217049808661,0.7483119701793706,-0.5037063723805789,-0.6238699258790168,0.40683742795524463,1.5357786628062884,2.412803684849147,-0.5439741423877763,-1.1176004854943087,-1.4100198332932161,0.0,0.6882113771853678,-0.5664572772702333,0.34416324788371144
3837,0.7298060843126234,1.6883980801517566,0.4195102406884698,-1.0252901947719841,0.7505454136841763,1.2934726357960789,0.005373751591624148,-0.171936886367318,-1.7618165702686994,-0.651135495119281,-0.4144556004615526,0.2746121830979638,0.13911353831618942,-1.6038274932198118,0.0,0.6882113771853678,-0.5664572772702333,-0.7965695658503499
3838,1.116999136926987,0.9817685742618133,0.6256513576937649,0.022494789555566278,0.7505454136841763,1.1117524139238428,-0.17644057839844834,-0.8498364456348662,-1.7618165702686994,-0.651135495119281,-0.4144556004615526,0.4939704352438752,0.6778401576899128,0.14044144611954992,0.0,-0.8930772127243898,-0.5664572772702333,-0.03608102336097565
3839,0.970780353846232,0.8724439257919783,0.83179247469906,-0.10847833348537753,-0.41702107268800304,0.08200448998117135,-0.5037063723805789,-0.6238699258790168,0.40683742795524463,-0.651135495119281,-0.4144556004615526,1.2519505293756081,0.3363013438305234,-1.2162121733666202,0.0,0.6882113771853678,-0.5664572772702333,-0.41632529460566275
3840,-0.5976856244182329,-1.0017428812804876,0.007228006677879595,-0.5013977026082089,-0.41702107268800304,-0.9477434339615001,-0.9400607643567529,-0.171936886367318,0.40683742795524463,-0.651135495119281,-0.4144556004615526,-0.16472167152603756,-0.36791071869780523,1.690902725532316,0.0,-0.8930772127243898,-0.5664572772702333,-0.41632529460566275
3841,0.970780353846232,1.015583882429324,0.4195102406884698,-1.4182095638948156,-0.41702107268800304,0.7483119701793706,-0.5400692383785933,-0.3979034061231674,0.40683742795524463,1.5357786628062884,2.412803684849147,0.8959031706662094,1.0749866837433608,-0.8285968535134288,0.0,0.6882113771853678,-0.5664572772702333,-0.41632529460566275
3842,0.5138513120822684,0.42342239470961907,0.6256513576937649,-1.287236440853872,2.501895143242445,1.2934726357960789,1.2053483295261027,-0.6238699258790168,-1.7618165702686994,-0.651135495119281,-0.4144556004615526,-0.3368716430344104,0.2623888969879162,-0.053366213807045836,0.0,0.6882113771853678,-0.5664572772702333,-1.176813837095037
3843,-1.4105360134663996,-0.979008581020923,1.037933591704355,-0.5013977026082089,-0.41702107268800304,-0.46315617563553707,-1.1218750943468254,-1.0758029653907155,0.40683742795524463,1.5357786628062884,-0.4144556004615526,-0.031134134728566937,-0.9676859020271588,1.1094797457525287,0.0,0.6882113771853678,-0.5664572772702333,1.1046517903730857
3844,0.5138513120822684,0.14275103271962616,-0.4050542273327106,-1.156263317812928,-0.41702107268800304,-1.6746243214504446,-0.9764236303547674,1.6357952716794772,0.40683742795524463,-0.651135495119281,-0.4144556004615526,-0.13528383310220302,1.7216999741241688,-1.6038274932198118,0.0,0.6882113771853678,-0.5664572772702333,-1.176813837095037
3845,1.1194205477196286,0.3189068268572021,0.83179247469906,0.4154141586783977,-0.41702107268800304,-0.5237295829262825,-0.8673350323607238,0.0540296333885314,0.40683742795524463,-0.651135495119281,-0.4144556004615526,0.1817074677982696,0.6041927422703312,-0.44098153366023735,0.0,0.6882113771853678,-0.5664572772702333,-0.03608102336097565
3846,0.09640848347838218,0.14625508702715173,-1.6419009293644813,0.5463872817193415,-0.41702107268800304,0.6877385628886251,2.47804863945661,-0.171936886367318,0.40683742795524463,-0.651135495119281,-0.4144556004615526,-0.1465431580018101,0.2975639203750584,1.1094797457525287,0.0,0.6882113771853678,-0.5664572772702333,-0.41632529460566275
3847,0.32144674820316915,0.028093893327640226,0.007228006677879595,0.2844410356374539,-0.41702107268800304,0.8088853774701159,0.04173661758963865,-1.301769485146565,0.40683742795524463,-0.651135495119281,-0.4144556004615526,-0.48360373296859993,-0.2204618390556309,0.14044144611954992,0.0,-0.8930772127243898,-0.5664572772702333,0.34416324788371144
3848,0.19186383724046624,0.11723112847568155,1.2440747087096502,-0.23945145652632133,0.7505454136841763,-0.7054498047985186,-0.32189204239050634,-0.3979034061231674,-1.7618165702686994,-0.651135495119281,-0.4144556004615526,-0.13489519700482902,-0.2543166014302435,0.33424910604614566,0.0,-0.8930772127243898,1.1921382551160753,0.7244075191283986
3849,0.029230020159522342,0.7880961287184295,1.2440747087096502,-0.5013977026082089,-0.41702107268800304,-0.4025827683447917,-1.1218750943468254,-1.301769485146565,0.40683742795524463,1.5357786628062884,2.412803684849147,0.03575906281123657,0.11191053942401014,1.1094797457525287,0.0,-0.8930772127243898,-0.5664572772702333,-0.03608102336097565
3850,0.4826339469241792,-0.06556681750194245,0.2133691236831747,-0.6323708256491528,1.9181119000563556,-0.09971573189106478,-0.5037063723805789,-1.5277360049024145,-1.7618165702686994,-0.651135495119281,-0.4144556004615526,-0.4521945650506781,-0.46894358238616285,-0.8285968535134288,0.0,-0.8930772127243898,-0.5664572772702333,-1.176813837095037
3851,0.19099832605527023,-1.8003907894530935,0.6256513576937649,-0.6323708256491528,0.16676217049808661,0.44544493372564364,-0.35825490838852087,-0.8498364456348662,0.40683742795524463,-0.651135495119281,-0.4144556004615526,0.19899065390162998,0.25843986833403615,1.3032874056791244,0.0,0.6882113771853678,1.1921382551160753,-0.41632529460566275
3852,1.000679128987313,1.0525560017754054,0.6256513576937649,-1.0252901947719841,2.501895143242445,0.506018341016389,0.5871796075598562,-0.8498364456348662,-1.7618165702686994,-0.651135495119281,-0.4144556004615526,0.1812489126569568,1.0256827272660907,-0.6347891935868331,0.0,0.6882113771853678,-0.5664572772702333,-0.7965695658503499
3853,0.31759569889377814,-0.09832066974646692,-1.229618695353891,0.6773604047602854,-0.41702107268800304,-0.4025827683447917,0.5871796075598562,0.5059626729002302,0.40683742795524463,-0.651135495119281,-0.4144556004615526,0.29083476664452984,0.033503604291053195,-0.24717387373364158,0.0,0.6882113771853678,-0.5664572772702333,-0.03608102336097565
3854,0.6866071933831757,0.4797039027985061,0.83179247469906,0.9393066508421729,0.16676217049808661,0.44544493372564364,-0.14007771240043385,-1.0758029653907155,0.40683742795524463,-0.651135495119281,-0.4144556004615526,2.2268051723618156,1.395327602549647,0.33424910604614566,0.0,0.6882113771853678,-0.5664572772702333,-0.03608102336097565
3855,0.37083974648073253,0.054126815316044956,0.4195102406884698,1.0702797738831167,-0.41702107268800304,0.8694587847608612,-0.030989114406390354,-1.301769485146565,0.40683742795524463,-0.651135495119281,-0.4144556004615526,-0.12604432211499134,0.0790869612941522,0.14044144611954992,0.0,0.6882113771853678,-0.5664572772702333,-0.03608102336097565
3856,0.14607233718679458,0.4045884619440745,-0.4050542273327106,-0.7633439486900966,-0.41702107268800304,0.990605599342352,-0.06735198040440485,-0.6238699258790168,0.40683742795524463,-0.651135495119281,-0.4144556004615526,-0.1894096283005423,0.0044233837955373586,1.3032874056791244,0.0,-0.8930772127243898,1.1921382551160753,0.7244075191283986
3857,1.0418057447277405,0.29666940135964087,-0.4050542273327106,0.022494789555566278,-0.41702107268800304,-0.22086254647255554,-0.8673350323607238,-1.7537025246582638,0.40683742795524463,-0.651135495119281,-0.4144556004615526,1.0784557372352486,0.20126026653987097,-1.0224045134400246,0.0,0.6882113771853678,-0.5664572772702333,-0.7965695658503499
3858,-0.8034484304392723,0.3525247665791251,-1.229618695353891,0.2844410356374539,-0.41702107268800304,-0.9477434339615001,-0.5037063723805789,1.8617617914353266,0.40683742795524463,-0.651135495119281,-0.4144556004615526,-0.5705012955127806,-0.06845655041511517,1.1094797457525287,0.0,-0.8930772127243898,-0.5664572772702333,-0.03608102336097565
3859,0.03211462566351814,-0.7044474702871946,-0.4050542273327106,1.3322260199650044,-0.41702107268800304,0.38487152643489825,-1.0491493623507964,0.957895712411929,0.40683742795524463,1.5357786628062884,2.412803684849147,-0.47460509679599244,-0.8374788867129561,-0.24717387373364158,0.0,-0.8930772127243898,1.1921382551160753,-0.7965695658503499
3860,-0.532383836463084,0.11718856311722622,1.037933591704355,0.15346791259651008,-0.41702107268800304,0.38487152643489825,-0.35825490838852087,-0.6238699258790168,0.40683742795524463,-0.651135495119281,-0.4144556004615526,0.26663824713233214,0.2877400603618869,1.690902725532316,0.0,0.6882113771853678,-0.5664572772702333,-0.41632529460566275
3861,-0.5857510555915164,0.8578739930342539,0.2133691236831747,-0.5013977026082089,-0.41702107268800304,0.990605599342352,1.3507997935181608,-0.6238699258790168,0.40683742795524463,-0.651135495119281,-0.4144556004615526,-0.13534050932888958,-0.4544477838878467,1.1094797457525287,0.0,0.6882113771853678,-0.5664572772702333,-1.176813837095037
3862,0.4694321249009134,-1.4892433151280964,-1.0234775783485959,0.5463872817193415,0.16676217049808661,0.44544493372564364,0.07809948358765315,0.2799961531443808,0.40683742795524463,-0.651135495119281,-0.4144556004615526,0.3384895888177141,0.20523923837844785,0.5280567659727414,0.0,-0.8930772127243898,1.1921382551160753,0.7244075191283986
3863,1.1278154987775175,0.7684909184082045,0.4195102406884698,-0.6323708256491528,-0.41702107268800304,-1.3717572849967177,-1.0491493623507964,0.2799961531443808,0.40683742795524463,1.5357786628062884,-0.4144556004615526,0.9291814492696339,1.2635121310782274,-0.053366213807045836,0.0,-0.8930772127243898,1.1921382551160753,-0.03608102336097565
3864,0.3622829165714799,0.048217243357977155,0.2133691236831747,1.463199143005948,-0.41702107268800304,0.44544493372564364,0.11446234958566764,-0.6238699258790168,0.40683742795524463,-0.651135495119281,-0.4144556004615526,-0.12108610405540461,0.1294780375034774,0.14044144611954992,0.0,-0.8930772127243898,-0.5664572772702333,-0.03608102336097565
3865,-1.1033597631122116,-0.42512444353693213,-0.19891311032741552,-0.23945145652632133,-0.41702107268800304,0.990605599342352,-0.6855207023706513,-0.6238699258790168,0.40683742795524463,1.5357786628062884,2.412803684849147,-0.48915443287827387,0.27918332561710946,-0.24717387373364158,0.0,0.6882113771853678,-0.5664572772702333,0.34416324788371144
3866,-0.37043455916729123,0.2212623295058618,-0.4050542273327106,-0.10847833348537753,-0.41702107268800304,0.32429811914415285,-0.8673350323607238,-0.6238699258790168,0.40683742795524463,1.5357786628062884,2.412803684849147,0.2036253141261264,0.3808306215257896,0.7218644258993372,0.0,0.6882113771853678,2.950733787502384,-1.176813837095037
3867,0.9836315458866635,0.2839423532754351,0.4195102406884698,0.4154141586783977,0.7505454136841763,1.1117524139238428,-0.14007771240043385,-0.3979034061231674,-1.7618165702686994,-0.651135495119281,-0.4144556004615526,0.8497251303156153,1.3198561204851686,0.14044144611954992,0.0,0.6882113771853678,-0.5664572772702333,-0.41632529460566275
3868,-0.11343491511331749,0.44337899134401576,0.83179247469906,-1.6801558099767033,1.334328656870266,0.506018341016389,1.7144284534983059,0.0540296333885314,-1.7618165702686994,-0.651135495119281,-0.4144556004615526,-0.4814499233524661,-0.06392504620444288,1.4970950656057203,0.0,0.6882113771853678,-0.5664572772702333,-0.03608102336097565
3869,0.5250662204953572,0.5814956299436576,1.4502158257149453,0.15346791259651008,-0.41702107268800304,-1.0688902485429908,-1.1218750943468254,-1.301769485146565,0.40683742795524463,-0.651135495119281,-0.4144556004615526,2.6232526920205625,0.153960843065735,-1.4100198332932161,0.0,0.6882113771853678,-0.5664572772702333,-0.41632529460566275
3870,0.6133356870910772,-1.8003907894530935,0.6256513576937649,-1.0252901947719841,1.9181119000563556,1.2934726357960789,1.4235255255141899,-0.6238699258790168,-1.7618165702686994,-0.651135495119281,-0.4144556004615526,0.3840335950117555,0.6612229700661983,1.1094797457525287,0.0,-0.8930772127243898,-0.5664572772702333,-0.03608102336097565
3871,0.11675238092209943,0.2696899090014687,0.4195102406884698,-0.37042457956726516,-0.41702107268800304,-1.6140509141596993,-1.0491493623507964,0.957895712411929,0.40683742795524463,1.5357786628062884,-0.4144556004615526,0.1779938124443063,-0.2624731327057451,1.3032874056791244,0.0,0.6882113771853678,1.1921382551160753,0.7244075191283986
3872,0.10095939550183562,0.6318290983030195,0.4195102406884698,0.4154141586783977,0.16676217049808661,1.1117524139238428,1.9326056494863928,-0.6238699258790168,0.40683742795524463,-0.651135495119281,-0.4144556004615526,0.22733813897043262,0.19166264580768927,0.33424910604614566,0.0,-0.8930772127243898,-0.5664572772702333,-0.41632529460566275
3873,0.23612460822159115,0.4495058593430282,0.6256513576937649,-1.5491826869357594,1.334328656870266,0.6877385628886251,1.6417027215022768,-0.171936886367318,-1.7618165702686994,-0.651135495119281,-0.4144556004615526,-0.40353803449940473,0.03610195098830253,1.3032874056791244,0.0,0.6882113771853678,-0.5664572772702333,0.34416324788371144
3874,-1.2387312557768853,-0.15257496926983188,1.2440747087096502,0.2844410356374539,-0.41702107268800304,-2.2803583943578984,-1.0491493623507964,0.2799961531443808,0.40683742795524463,-0.651135495119281,-0.4144556004615526,-0.7301337541656859,-0.3803257509191598,-0.24717387373364158,0.0,0.6882113771853678,-0.5664572772702333,-0.41632529460566275
3875,-0.12468803895260275,-0.6907236898678157,0.007228006677879595,0.022494789555566278,-0.41702107268800304,0.7483119701793706,0.15082521558368214,-1.301769485146565,-1.7618165702686994,-0.651135495119281,-0.4144556004615526,0.0823985817509374,0.1835048378571253,0.14044144611954992,0.0,0.6882113771853678,1.1921382551160753,-1.176813837095037
3876,-0.7986357834816118,-0.648462148537219,1.037933591704355,1.8561185121287795,0.16676217049808661,0.08200448998117135,-0.35825490838852087,-0.6238699258790168,0.40683742795524463,-0.651135495119281,-0.4144556004615526,0.3763094143821916,1.0427082417701465,1.1094797457525287,0.0,0.6882113771853678,-0.5664572772702333,-0.7965695658503499
3877,1.065992633195751,1.4333833208246634,0.83179247469906,1.3322260199650044,-0.41702107268800304,0.38487152643489825,-0.8309721663627093,0.0540296333885314,0.40683742795524463,-0.651135495119281,-0.4144556004615526,0.6158905654224904,0.21031691825459867,0.14044144611954992,0.0,0.6882113771853678,-0.5664572772702333,-0.7965695658503499
3878,-0.28538543337255323,-1.8003907894530935,-1.229618695353891,-0.37042457956726516,-0.41702107268800304,-0.8265966193800093,-0.7582464343666804,-0.171936886367318,0.40683742795524463,-0.651135495119281,-0.4144556004615526,-0.0037695640203231186,-0.10362402977841778,1.690902725532316,0.0,0.6882113771853678,-0.5664572772702333,-0.03608102336097565
3879,1.0718031166720068,0.5662571790208041,0.4195102406884698,-0.6323708256491528,-0.41702107268800304,1.1117524139238428,0.07809948358765315,0.0540296333885314,0.40683742795524463,-0.651135495119281,-0.4144556004615526,0.41228349373228446,-0.0002081725177398873,0.33424910604614566,0.0,0.6882113771853678,1.1921382551160753,-0.7965695658503499
3880,0.13233009181045827,-1.8003907894530935,1.037933591704355,-0.7633439486900966,0.16676217049808661,0.5665917483071344,-0.39461777438653534,-0.8498364456348662,0.40683742795524463,-0.651135495119281,-0.4144556004615526,-0.28494300344270745,0.15067065006518496,-0.053366213807045836,0.0,0.6882113771853678,-0.5664572772702333,-0.03608102336097565
3881,0.6290750831475183,0.5600168908297152,1.037933591704355,0.4154141586783977,-0.41702107268800304,-0.8265966193800093,-1.012786496352782,0.7319291926560796,0.40683742795524463,1.5357786628062884,2.412803684849147,-0.17119349966835629,-0.10052240432099188,-1.0224045134400246,0.0,-0.8930772127243898,-0.5664572772702333,-0.03608102336097565
3882,-0.9932390407780743,1.473749296054661,1.037933591704355,2.118064758210667,-0.41702107268800304,0.44544493372564364,-0.9036978983587384,-0.6238699258790168,0.40683742795524463,-0.651135495119281,-0.4144556004615526,0.6131227025836455,1.014047672949366,1.8847103854589116,0.0,0.6882113771853678,1.1921382551160753,0.7244075191283986
3883,1.137132900776744,0.31910198262183576,0.6256513576937649,0.2844410356374539,-0.41702107268800304,0.2637247118534075,0.005373751591624148,-0.8498364456348662,0.40683742795524463,-0.651135495119281,-0.4144556004615526,0.4815476197813051,1.2306424176715374,-0.6347891935868331,0.0,0.6882113771853678,-0.5664572772702333,0.34416324788371144
3884,0.970780353846232,1.694405640281084,0.2133691236831747,-1.156263317812928,3.6694616296146245,0.5665917483071344,1.2053483295261027,-0.171936886367318,-3.9304705684926433,-0.651135495119281,-0.4144556004615526,0.8359621534754128,0.9539989762184535,-0.44098153366023735,0.0,0.6882113771853678,-0.5664572772702333,-0.41632529460566275
3885,-1.1844895502852328,-0.11992615105657498,-1.6419009293644813,0.5463872817193415,-0.41702107268800304,-0.6448763975077731,-0.24916631039447737,1.4098287519236279,0.40683742795524463,-0.651135495119281,-0.4144556004615526,-0.11298017549667572,0.7757558553613885,1.8847103854589116,0.0,-0.8930772127243898,1.1921382551160753,-0.41632529460566275
3886,1.097483179059382,0.6407777983858026,0.2133691236831747,0.2844410356374539,-0.41702107268800304,-0.8871700266707547,-0.32189204239050634,-0.171936886367318,0.40683742795524463,-0.651135495119281,-0.4144556004615526,-0.22289788891570625,0.657191875933381,-0.44098153366023735,0.0,-0.8930772127243898,-0.5664572772702333,-0.41632529460566275
3887,-1.2613945097151242,-0.16306468785239123,1.2440747087096502,0.15346791259651008,-0.41702107268800304,-2.2803583943578984,-1.0491493623507964,0.2799961531443808,0.40683742795524463,-0.651135495119281,-0.4144556004615526,-0.729286309757086,-0.4389740160526237,-0.44098153366023735,0.0,0.6882113771853678,-0.5664572772702333,-0.03608102336097565
3888,-0.07074376460768325,1.0317684163944392,0.4195102406884698,0.5463872817193415,2.501895143242445,1.1723258212145882,1.5689769895062478,-0.8498364456348662,-3.9304705684926433,-0.651135495119281,-0.4144556004615526,0.09371333072271282,-0.29925454309380517,0.5280567659727414,0.0,0.6882113771853678,-0.5664572772702333,0.34416324788371144
3889,1.137132900776744,0.7791524525032444,-0.4050542273327106,1.0702797738831167,-0.41702107268800304,-0.28143595376330094,-0.6855207023706513,0.0540296333885314,0.40683742795524463,-0.651135495119281,-0.4144556004615526,-0.37658058784009274,0.7649152474783345,-1.2162121733666202,0.0,-0.8930772127243898,1.1921382551160753,0.7244075191283986
3890,0.5540921336995521,0.5506076661017923,1.037933591704355,-1.287236440853872,0.16676217049808661,0.20315130456266212,-0.39461777438653534,-0.6238699258790168,-1.7618165702686994,-0.651135495119281,-0.4144556004615526,0.04094060640735728,0.027682588916352988,-0.24717387373364158,0.0,0.6882113771853678,-0.5664572772702333,-1.176813837095037
3891,0.342343037105862,0.0214886737985397,0.4195102406884698,0.9393066508421729,-0.41702107268800304,0.990605599342352,-0.06735198040440485,-1.301769485146565,-1.7618165702686994,-0.651135495119281,-0.4144556004615526,-0.16278372661222373,0.16363406921980678,0.14044144611954992,0.0,0.6882113771853678,-0.5664572772702333,-0.03608102336097565
3892,0.418528210880461,0.43323481040976586,1.037933591704355,-0.37042457956726516,-0.41702107268800304,-1.9774913579041715,-0.9036978983587384,-0.6238699258790168,0.40683742795524463,-0.651135495119281,-0.4144556004615526,0.1788036981058637,0.33136546629336616,-1.0224045134400246,0.0,0.6882113771853678,2.950733787502384,-1.176813837095037
3893,1.0031805772294466,1.601993453744783,0.2133691236831747,-1.4182095638948156,3.085678386428535,1.7174864868312967,0.8417196695459577,-0.6238699258790168,-1.7618165702686994,-0.651135495119281,-0.4144556004615526,-0.10220998371981835,1.3339512320618376,-1.6038274932198118,0.0,0.6882113771853678,-0.5664572772702333,-0.7965695658503499
3894,0.7349044825121659,1.756161514433577,-0.8173364613433008,-0.6323708256491528,-0.41702107268800304,-1.553477506868954,0.7689939375499286,0.7319291926560796,0.40683742795524463,1.5357786628062884,2.412803684849147,0.2820036470722433,0.6877081490238528,-1.7976351531464076,0.0,0.6882113771853678,-0.5664572772702333,-0.41632529460566275
3895,0.970780353846232,1.7166660682247379,0.6256513576937649,0.4154141586783977,-0.41702107268800304,-0.5237295829262825,-0.8673350323607238,-0.171936886367318,0.40683742795524463,-0.651135495119281,-0.4144556004615526,1.2391257612509072,0.01932482741458344,-0.44098153366023735,0.0,0.6882113771853678,-0.5664572772702333,-0.41632529460566275
3896,0.8014982303786918,0.33550586798888415,-0.4050542273327106,0.4154141586783977,-0.41702107268800304,-0.7054498047985186,-0.8309721663627093,0.0540296333885314,0.40683742795524463,-0.651135495119281,-0.4144556004615526,4.494978933675248,1.1534610399948415,-0.44098153366023735,0.0,2.2694999670951255,1.1921382551160753,-0.41632529460566275
3897,0.44824426374765625,-0.3852349697156982,-1.229618695353891,0.2844410356374539,-0.41702107268800304,-0.09971573189106478,0.07809948358765315,1.8617617914353266,0.40683742795524463,-0.651135495119281,-0.4144556004615526,1.2251597999542305,-0.25698095221817,-1.4100198332932161,0.0,0.6882113771853678,-0.5664572772702333,-1.176813837095037
3898,0.32589452100428645,-1.2092785748241388,-0.6111953443380057,-0.7633439486900966,-0.41702107268800304,-1.7957711360319355,-0.9764236303547674,1.4098287519236279,0.40683742795524463,-0.651135495119281,-0.4144556004615526,0.7975557351393269,-0.2835041839922619,-1.2162121733666202,0.0,0.6882113771853678,2.950733787502384,-0.41632529460566275
3899,0.5161997470648306,0.4936053950831326,0.6256513576937649,0.4154141586783977,-0.41702107268800304,-0.09971573189106478,-1.1218750943468254,-0.6238699258790168,0.40683742795524463,-0.651135495119281,-0.4144556004615526,3.6536312329361804,0.6998870001820281,-1.2162121733666202,0.0,2.2694999670951255,-0.5664572772702333,-0.41632529460566275
3900,0.970780353846232,0.8603946103170026,0.4195102406884698,1.2012528969240606,-0.41702107268800304,0.7483119701793706,-0.5764321043766079,-0.6238699258790168,-1.7618165702686994,1.5357786628062884,-0.4144556004615526,0.9474072603462366,0.7483184725950124,-0.8285968535134288,0.0,0.6882113771853678,-0.5664572772702333,-0.41632529460566275
3901,1.0718031166720068,2.0548847265007777,-0.19891311032741552,-0.6323708256491528,-0.41702107268800304,1.0511790066330975,-0.28552917639249187,-0.171936886367318,0.40683742795524463,1.5357786628062884,2.412803684849147,1.0174137967503687,0.28315263790091644,-0.6347891935868331,0.0,0.6882113771853678,-0.5664572772702333,-1.176813837095037
3902,-0.5354751974285487,0.6143832697299079,1.037933591704355,1.2012528969240606,0.16676217049808661,0.32429811914415285,-0.17644057839844834,-0.8498364456348662,0.40683742795524463,-0.651135495119281,-0.4144556004615526,-0.2305930787457349,-0.526505648396707,1.1094797457525287,0.0,0.6882113771853678,-0.5664572772702333,-0.7965695658503499
3903,1.068618324875299,0.5980190160640787,-2.0541831633750713,-0.37042457956726516,-0.41702107268800304,0.32429811914415285,1.7144284534983059,0.5059626729002302,0.40683742795524463,-0.651135495119281,-0.4144556004615526,1.0700962178074143,0.39338215081876315,-0.24717387373364158,0.0,0.6882113771853678,-0.5664572772702333,-0.7965695658503499
3904,1.0718031166720068,1.532007482507652,0.6256513576937649,-0.37042457956726516,-0.41702107268800304,0.9300321920516067,0.07809948358765315,-0.3979034061231674,0.40683742795524463,-0.651135495119281,-0.4144556004615526,0.3956545446563562,0.34480250991476724,-1.4100198332932161,0.0,0.6882113771853678,1.1921382551160753,-1.176813837095037
3905,0.5114582790991369,0.2653267647012388,0.6256513576937649,-0.5013977026082089,-0.41702107268800304,1.0511790066330975,0.11446234958566764,-0.3979034061231674,-1.7618165702686994,-0.651135495119281,-0.4144556004615526,-0.23695777886691344,0.13435850394039314,-1.4100198332932161,0.0,0.6882113771853678,-0.5664572772702333,-1.176813837095037
3906,0.4952967005584496,0.1300862160207735,-0.6111953443380057,-0.5013977026082089,-0.41702107268800304,-1.6140509141596993,-0.8309721663627093,0.7319291926560796,0.40683742795524463,-0.651135495119281,-0.4144556004615526,1.348643758725665,0.12097888678357305,0.14044144611954992,0.0,0.6882113771853678,1.1921382551160753,-0.41632529460566275
3907,-0.667381585933831,0.2802702385096161,0.83179247469906,2.5109841273334985,-0.41702107268800304,0.38487152643489825,-0.6855207023706513,-0.3979034061231674,0.40683742795524463,1.5357786628062884,-0.4144556004615526,0.867570131873109,0.42215767463703824,1.1094797457525287,0.0,2.2694999670951255,-0.5664572772702333,-1.176813837095037
3908,1.137132900776744,-1.8003907894530935,-1.229618695353891,-0.37042457956726516,-0.41702107268800304,-0.7054498047985186,-0.6855207023706513,0.5059626729002302,0.40683742795524463,-0.651135495119281,-0.4144556004615526,5.20026985884265,1.2005814322768553,1.8847103854589116,0.0,0.6882113771853678,1.1921382551160753,0.34416324788371144
3909,0.970780353846232,0.34553933446926494,0.4195102406884698,-0.10847833348537753,-0.41702107268800304,1.1117524139238428,-0.10371484640241935,-0.6238699258790168,0.40683742795524463,-0.651135495119281,-0.4144556004615526,1.1322350681783842,1.6078146639832736,-0.44098153366023735,0.0,0.6882113771853678,-0.5664572772702333,-0.41632529460566275
3910,-0.005983446060883787,0.23524144175672548,0.007228006677879595,0.2844410356374539,-0.41702107268800304,0.6271651555978798,0.8053568035479431,-0.171936886367318,0.40683742795524463,-0.651135495119281,-0.4144556004615526,0.03086234374933984,0.2785604252209928,1.3032874056791244,0.0,0.6882113771853678,1.1921382551160753,-0.41632529460566275
3911,-1.3940425670290304,0.6488544612414862,1.037933591704355,1.463199143005948,0.16676217049808661,0.44544493372564364,-0.4673435063825644,-0.6238699258790168,0.40683742795524463,-0.651135495119281,-0.4144556004615526,-0.16076881136857096,-0.2895681285600853,1.4970950656057203,0.0,0.6882113771853678,1.1921382551160753,-0.03608102336097565
3912,0.3745196269906413,0.5721181152427541,1.037933591704355,0.15346791259651008,-0.41702107268800304,-0.4025827683447917,-1.1218750943468254,-0.8498364456348662,0.40683742795524463,-0.651135495119281,-0.4144556004615526,3.2358153305161252,0.6379591949545252,-1.4100198332932161,0.0,2.2694999670951255,-0.5664572772702333,-0.41632529460566275
3913,1.125680328828615,1.8676951848054455,0.007228006677879595,0.5463872817193415,0.16676217049808661,0.8088853774701159,1.7507913194963203,-0.6238699258790168,0.40683742795524463,-0.651135495119281,-0.4144556004615526,0.637043765055773,0.06209644591275882,1.1094797457525287,0.0,0.6882113771853678,-0.5664572772702333,-0.03608102336097565
3914,0.03541625161076,0.19871442786931487,-0.19891311032741552,-0.37042457956726516,1.9181119000563556,1.1723258212145882,2.0416942474804363,-0.6238699258790168,-1.7618165702686994,-0.651135495119281,-0.4144556004615526,0.1588013504174209,-0.09858451599986215,0.7218644258993372,0.0,0.6882113771853678,-0.5664572772702333,-0.41632529460566275
3915,-0.19234355455701665,-0.6758109706184335,0.2133691236831747,-1.156263317812928,-0.41702107268800304,-1.553477506868954,-0.9036978983587384,-0.171936886367318,0.40683742795524463,-0.651135495119281,-0.4144556004615526,-0.14517756729614475,0.1683283234959947,-0.24717387373364158,0.0,0.6882113771853678,1.1921382551160753,-1.176813837095037
3916,0.9852051571819883,0.9129344930348392,-1.4357598123591861,-0.7633439486900966,-0.41702107268800304,-0.22086254647255554,1.6053398555042624,2.765627870458724,0.40683742795524463,-0.651135495119281,-0.4144556004615526,0.5172799005013234,1.2882322518823928,-0.053366213807045836,0.0,2.2694999670951255,-0.5664572772702333,-0.7965695658503499
3917,1.0396332457226054,0.8496862933305545,-0.6111953443380057,-0.37042457956726516,-0.41702107268800304,-0.5843029902170278,1.3871626595161752,0.2799961531443808,0.40683742795524463,-0.651135495119281,-0.4144556004615526,0.8888778815298733,2.2260340790297466,-0.053366213807045836,0.0,2.2694999670951255,-0.5664572772702333,-0.7965695658503499
3918,0.970780353846232,0.4320466055635899,-1.8480420463697762,0.15346791259651008,-0.41702107268800304,-0.22086254647255554,1.6780655875002912,0.7319291926560796,0.40683742795524463,-0.651135495119281,-0.4144556004615526,0.14566993981144744,1.3567254221388998,-0.44098153366023735,0.0,2.2694999670951255,-0.5664572772702333,-0.41632529460566275
3919,0.2995705263997982,0.5563171393939623,0.6256513576937649,0.2844410356374539,-0.41702107268800304,-0.4025827683447917,-1.0855122283488108,-0.3979034061231674,0.40683742795524463,-0.651135495119281,-0.4144556004615526,2.9852841434047357,0.3479867435089599,-1.4100198332932161,0.0,2.2694999670951255,-0.5664572772702333,-0.41632529460566275
3920,0.07655187791178249,0.32971591797667726,-0.8173364613433008,0.4154141586783977,-0.41702107268800304,0.2637247118534075,-0.9036978983587384,-0.171936886367318,0.40683742795524463,1.5357786628062884,-0.4144556004615526,0.2120703986233322,-0.3422785902808025,1.3032874056791244,0.0,2.2694999670951255,1.1921382551160753,-0.7965695658503499
3921,-0.3525574455981735,-0.5874675647443177,-1.0234775783485959,-0.23945145652632133,-0.41702107268800304,0.5665917483071344,2.1144199794764655,1.8617617914353266,0.40683742795524463,-0.651135495119281,-0.4144556004615526,0.8075943703060869,0.029300339562882957,-0.44098153366023735,0.0,0.6882113771853678,1.1921382551160753,-0.41632529460566275
3922,1.0453492198373826,0.7847555227178832,0.007228006677879595,0.15346791259651008,-0.41702107268800304,1.0511790066330975,-0.8309721663627093,-0.3979034061231674,0.40683742795524463,-0.651135495119281,-0.4144556004615526,0.3985387603106246,0.5550357073614876,-0.053366213807045836,0.0,0.6882113771853678,-0.5664572772702333,-0.41632529460566275
3923,0.9946534459792568,0.5105525214610549,-0.19891311032741552,-0.8943170717310404,2.501895143242445,-0.09971573189106478,-0.5037063723805789,-1.0758029653907155,-1.7618165702686994,1.5357786628062884,-0.4144556004615526,1.6438630093404332,0.9212120037774446,-0.8285968535134288,0.0,0.6882113771853678,-0.5664572772702333,-0.41632529460566275
3924,-0.2589191313579914,0.48430957663941915,0.6256513576937649,-0.7633439486900966,-0.41702107268800304,-1.553477506868954,-0.5037063723805789,-0.6238699258790168,0.40683742795524463,-0.651135495119281,-0.4144556004615526,-0.057653967238194145,0.04207501695963802,1.1094797457525287,0.0,0.6882113771853678,1.1921382551160753,-0.03608102336097565
3925,0.9975074315971613,0.8986386261416427,-1.229618695353891,-0.7633439486900966,-0.41702107268800304,-0.4025827683447917,1.4962512575102187,1.8617617914353266,0.40683742795524463,-0.651135495119281,-0.4144556004615526,0.727630477672302,1.6941706539818115,-0.053366213807045836,0.0,2.2694999670951255,-0.5664572772702333,-0.7965695658503499
3926,-0.39602761651649593,1.0081884697031833,-0.4050542273327106,-0.5013977026082089,-0.41702107268800304,-1.0083168412522454,-1.012786496352782,0.7319291926560796,0.40683742795524463,1.5357786628062884,-0.4144556004615526,1.2149270804609769,-0.3993799164460782,-0.6347891935868331,0.0,0.6882113771853678,-0.5664572772702333,-0.41632529460566275
3927,-0.9255354561413033,-0.874620068127286,-1.6419009293644813,0.6773604047602854,-0.41702107268800304,-0.09971573189106478,2.1507828454744797,0.7319291926560796,0.40683742795524463,-0.651135495119281,-0.4144556004615526,1.3033821280485778,1.5949894778577527,1.4970950656057203,0.0,0.6882113771853678,-0.5664572772702333,-1.176813837095037
3928,1.0094694041589332,0.6799150341020049,-0.19891311032741552,-0.5013977026082089,-0.41702107268800304,-0.5843029902170278,-0.6127949703746224,0.5059626729002302,0.40683742795524463,-0.651135495119281,-0.4144556004615526,1.2831600674944839,4.829592241585224,-0.6347891935868331,0.0,2.2694999670951255,1.1921382551160753,-0.7965695658503499
3929,1.0378973829785243,0.8517034538893884,-1.4357598123591861,0.022494789555566278,-0.41702107268800304,0.14257789727191675,1.8962427834883784,1.8617617914353266,0.40683742795524463,-0.651135495119281,-0.4144556004615526,0.12260042262058328,1.0380342069821802,-0.053366213807045836,0.0,2.2694999670951255,-0.5664572772702333,-0.7965695658503499
3930,0.955764781452283,0.23236503745728118,-1.0234775783485959,0.6773604047602854,-0.41702107268800304,-0.7660232120892639,-0.6855207023706513,0.5059626729002302,0.40683742795524463,1.5357786628062884,-0.4144556004615526,4.965985091153449,1.3531338560966681,0.14044144611954992,0.0,2.2694999670951255,2.950733787502384,-0.7965695658503499
3931,0.970780353846232,0.5878435792144189,0.6256513576937649,0.4154141586783977,0.16676217049808661,0.7483119701793706,-0.06735198040440485,-1.0758029653907155,-1.7618165702686994,-0.651135495119281,-0.4144556004615526,1.235765636271372,0.8584644426980357,-0.44098153366023735,0.0,0.6882113771853678,1.1921382551160753,-0.41632529460566275
3932,0.7016290112810485,-0.07271865811580988,0.2133691236831747,-0.10847833348537753,0.16676217049808661,0.8088853774701159,1.1326225975300737,0.2799961531443808,0.40683742795524463,-0.651135495119281,-0.4144556004615526,3.2881145906109963,0.23030878723981046,-0.24717387373364158,0.0,2.2694999670951255,1.1921382551160753,-1.176813837095037
3933,1.0561841294713934,0.23471588437797278,0.4195102406884698,-1.4182095638948156,0.16676217049808661,0.8088853774701159,-0.5037063723805789,-0.3979034061231674,0.40683742795524463,-0.651135495119281,-0.4144556004615526,0.6206240351220459,2.569958213209604,-0.8285968535134288,0.0,0.6882113771853678,-0.5664572772702333,-0.7965695658503499
3934,-0.6910372914341213,-1.2360128699642678,-1.0234775783485959,-1.0252901947719841,-0.41702107268800304,0.14257789727191675,0.5871796075598562,0.7319291926560796,0.40683742795524463,-0.651135495119281,-0.4144556004615526,1.7632926601765924,0.1999003701097649,0.7218644258993372,0.0,0.6882113771853678,1.1921382551160753,0.34416324788371144
3935,-0.21024731238499703,1.0107141672309388,-2.0541831633750713,0.15346791259651008,-0.41702107268800304,0.6877385628886251,2.223508577470509,1.6357952716794772,0.40683742795524463,-0.651135495119281,-0.4144556004615526,1.0023055259952387,-0.002146553642386536,0.7218644258993372,0.0,2.2694999670951255,1.1921382551160753,-1.176813837095037
3936,0.970780353846232,0.24169736485609505,-1.0234775783485959,1.2012528969240606,-0.41702107268800304,0.506018341016389,-0.9036978983587384,0.2799961531443808,0.40683742795524463,-0.651135495119281,-0.4144556004615526,4.994193383402824,1.0271685012877432,0.14044144611954992,0.0,2.2694999670951255,-0.5664572772702333,-0.41632529460566275
3937,0.5125296193874616,1.3971701818206292,1.037933591704355,-0.6323708256491528,-0.41702107268800304,-0.46315617563553707,-1.1218750943468254,-0.8498364456348662,0.40683742795524463,1.5357786628062884,2.412803684849147,0.532607846995708,-0.2673557170537951,1.3032874056791244,0.0,2.2694999670951255,-0.5664572772702333,-0.7965695658503499
3938,0.7132258286448316,-0.044992683956098754,0.2133691236831747,-0.10847833348537753,0.16676217049808661,0.8088853774701159,1.1326225975300737,0.2799961531443808,0.40683742795524463,-0.651135495119281,-0.4144556004615526,3.2442427314644777,0.25056958482050923,-0.24717387373364158,0.0,2.2694999670951255,1.1921382551160753,-1.176813837095037
3939,0.8485847832766459,1.0030100363366568,0.4195102406884698,1.0702797738831167,-0.41702107268800304,0.8694587847608612,0.18718808158169664,-1.0758029653907155,0.40683742795524463,-0.651135495119281,-0.4144556004615526,0.30644836232084655,-0.018264831677083995,-0.44098153366023735,0.0,0.6882113771853678,-0.5664572772702333,-1.176813837095037
3940,0.9982820122446773,0.6164002264813315,0.6256513576937649,-0.8943170717310404,-0.41702107268800304,0.02143108269042598,0.5871796075598562,-0.3979034061231674,0.40683742795524463,-0.651135495119281,-0.4144556004615526,0.0848368291635368,1.1622266273375368,-0.44098153366023735,0.0,2.2694999670951255,1.1921382551160753,-0.7965695658503499
3941,1.1032883183424378,1.1211704568076588,0.2133691236831747,0.6773604047602854,-0.41702107268800304,-0.22086254647255554,1.3507997935181608,-0.8498364456348662,0.40683742795524463,-0.651135495119281,-0.4144556004615526,0.7405060377591565,1.69146463337718,-0.053366213807045836,0.0,0.6882113771853678,-0.5664572772702333,-0.41632529460566275
3942,-0.18169484724380247,0.7837032130630348,0.6256513576937649,0.4154141586783977,2.501895143242445,0.8694587847608612,-0.32189204239050634,-0.8498364456348662,-3.9304705684926433,-0.651135495119281,-0.4144556004615526,0.028646785108143256,-0.12561658731079867,0.5280567659727414,0.0,0.6882113771853678,-0.5664572772702333,-0.41632529460566275
3943,1.137132900776744,2.044317627559356,0.6256513576937649,0.8083335278012291,0.7505454136841763,0.8088853774701159,1.7144284534983059,-0.8498364456348662,0.40683742795524463,-0.651135495119281,-0.4144556004615526,0.5258491588797942,0.08953846634641004,1.1094797457525287,0.0,0.6882113771853678,1.1921382551160753,0.34416324788371144
3944,0.970780353846232,0.4975746603579243,0.007228006677879595,-0.6323708256491528,0.16676217049808661,1.1723258212145882,-0.24916631039447737,0.0540296333885314,0.40683742795524463,-0.651135495119281,-0.4144556004615526,0.5690163012901525,1.7402516163222015,-1.2162121733666202,0.0,0.6882113771853678,1.1921382551160753,-0.41632529460566275
3945,0.8799256585656031,0.9995336955338608,0.6256513576937649,-0.5013977026082089,-0.41702107268800304,1.0511790066330975,0.15082521558368214,-0.171936886367318,0.40683742795524463,1.5357786628062884,2.412803684849147,0.17735918628547043,0.28375235205939925,-1.4100198332932161,0.0,0.6882113771853678,1.1921382551160753,-1.176813837095037
3946,0.970780353846232,0.2613826096898453,0.6256513576937649,0.15346791259651008,-0.41702107268800304,0.990605599342352,0.005373751591624148,-0.8498364456348662,0.40683742795524463,-0.651135495119281,-0.4144556004615526,1.235765636271372,1.2091271228647962,-0.053366213807045836,0.0,0.6882113771853678,-0.5664572772702333,-0.41632529460566275
3947,1.0975556034471,0.5901491610803347,-1.229618695353891,0.022494789555566278,-0.41702107268800304,-0.09971573189106478,-0.06735198040440485,0.7319291926560796,0.40683742795524463,-0.651135495119281,-0.4144556004615526,1.2852960288819437,0.23891809863764835,0.14044144611954992,0.0,0.6882113771853678,-0.5664572772702333,-0.41632529460566275
3948,1.048850131562465,0.7121689331548354,0.4195102406884698,0.6773604047602854,-0.41702107268800304,0.44544493372564364,-0.17644057839844834,-1.301769485146565,-1.7618165702686994,-0.651135495119281,-0.4144556004615526,1.1725344138456162,0.3691002441678742,-0.8285968535134288,0.0,0.6882113771853678,-0.5664572772702333,-0.7965695658503499
3949,1.0180717370373882,0.8747418601125956,-1.4357598123591861,-0.23945145652632133,-0.41702107268800304,0.02143108269042598,1.787154185494335,2.087728311191176,0.40683742795524463,-0.651135495119281,-0.4144556004615526,0.2711000441569821,1.1321721519706833,-0.053366213807045836,0.0,2.2694999670951255,-0.5664572772702333,-0.7965695658503499
3950,1.034059384336996,0.9467250772668838,0.007228006677879595,-0.7633439486900966,-0.41702107268800304,-1.3111838777059723,-1.012786496352782,1.1838622321677783,0.40683742795524463,-0.651135495119281,-0.4144556004615526,0.5399945067518241,0.9559209544559564,0.14044144611954992,0.0,0.6882113771853678,-0.5664572772702333,-0.7965695658503499
3951,0.5809481198072187,1.328567889673375,0.6256513576937649,0.9393066508421729,-0.41702107268800304,0.6877385628886251,0.5871796075598562,-0.6238699258790168,0.40683742795524463,-0.651135495119281,-0.4144556004615526,0.1841894466460678,-0.4405264113827862,-1.4100198332932161,0.0,2.2694999670951255,-0.5664572772702333,-1.176813837095037
3952,1.129224773839558,-1.7033132716201567,-1.0234775783485959,-0.6323708256491528,-0.41702107268800304,-0.6448763975077731,-0.8309721663627093,0.2799961531443808,0.40683742795524463,-0.651135495119281,-0.4144556004615526,5.190473321569153,1.2768237472739157,1.690902725532316,0.0,0.6882113771853678,1.1921382551160753,-0.03608102336097565
3953,1.0416930713270498,0.5468576955225721,0.4195102406884698,0.2844410356374539,-0.41702107268800304,0.44544493372564364,-0.10371484640241935,-0.8498364456348662,0.40683742795524463,-0.651135495119281,-0.4144556004615526,1.0115612513960854,0.42017197458045913,-0.8285968535134288,0.0,0.6882113771853678,1.1921382551160753,-0.7965695658503499
3954,0.9816263651601793,0.9890550231979411,0.2133691236831747,1.0702797738831167,-0.41702107268800304,0.8088853774701159,-0.6127949703746224,-0.3979034061231674,0.40683742795524463,1.5357786628062884,2.412803684849147,0.9056998868704845,0.6721166719203937,-0.8285968535134288,0.0,2.2694999670951255,-0.5664572772702333,-0.7965695658503499
3955,0.9744030784359807,0.23903363061787167,-0.19891311032741552,-1.811128933017647,-0.41702107268800304,1.2934726357960789,0.8053568035479431,-0.3979034061231674,-1.7618165702686994,-0.651135495119281,-0.4144556004615526,0.05696879443297715,1.3395236699664455,-0.053366213807045836,0.0,0.6882113771853678,-0.5664572772702333,-0.7965695658503499
3956,0.9932197971898542,0.4339819709622472,-0.6111953443380057,-0.5013977026082089,-0.41702107268800304,-1.1294636558337363,-0.9036978983587384,1.6357952716794772,0.40683742795524463,-0.651135495119281,-0.4144556004615526,0.7244718898834059,0.7739815790577232,0.33424910604614566,0.0,0.6882113771853678,-0.5664572772702333,-0.7965695658503499
3957,-0.362674394131453,0.6885960706184157,0.83179247469906,0.8083335278012291,1.334328656870266,0.6271651555978798,-0.24916631039447737,-0.8498364456348662,-1.7618165702686994,-0.651135495119281,-0.4144556004615526,-0.13558163310582694,-0.35035924361719323,0.7218644258993372,0.0,0.6882113771853678,-0.5664572772702333,-0.41632529460566275
3958,0.30486590107301353,0.01601448474614101,0.4195102406884698,-1.4182095638948156,3.085678386428535,1.2934726357960789,1.9326056494863928,-0.3979034061231674,-1.7618165702686994,-0.651135495119281,-0.4144556004615526,0.09751200064827092,0.33631116111812565,0.5280567659727414,0.0,0.6882113771853678,-0.5664572772702333,-0.03608102336097565
3959,1.0085607021775247,1.0725432535095365,-1.4357598123591861,-0.5013977026082089,-0.41702107268800304,-0.16028913918181015,-0.9400607643567529,1.6357952716794772,0.40683742795524463,-0.651135495119281,-0.4144556004615526,1.6603402894292765,1.008255551607092,1.3032874056791244,0.0,0.6882113771853678,2.950733787502384,-0.41632529460566275
3960,0.34602500519102686,0.05169772032768813,-1.8480420463697762,0.022494789555566278,-0.41702107268800304,0.5665917483071344,0.7689939375499286,0.7319291926560796,0.40683742795524463,-0.651135495119281,-0.4144556004615526,1.5099498198832826,1.0645130975528339,0.5280567659727414,0.0,0.6882113771853678,-0.5664572772702333,-0.41632529460566275
3961,-0.5857510555915164,0.8578739930342539,0.83179247469906,2.3800110042925544,-0.41702107268800304,0.14257789727191675,-0.5037063723805789,-0.6238699258790168,0.40683742795524463,-0.651135495119281,-0.4144556004615526,0.7287815462574364,0.03622051723024968,1.1094797457525287,0.0,0.6882113771853678,-0.5664572772702333,-1.176813837095037
3962,0.4649135166578484,0.19107201104433524,-0.4050542273327106,-0.23945145652632133,-0.41702107268800304,0.9300321920516067,0.25991381357772564,0.7319291926560796,0.40683742795524463,1.5357786628062884,-0.4144556004615526,-0.13807092423433565,0.3292972763450409,-1.0224045134400246,0.0,0.6882113771853678,1.1921382551160753,-0.7965695658503499
3963,0.9747989168420488,0.43764317911648676,0.2133691236831747,-0.8943170717310404,2.501895143242445,-0.09971573189106478,-0.4673435063825644,-1.5277360049024145,-1.7618165702686994,-0.651135495119281,-0.4144556004615526,1.6167737409735887,0.8348903055874203,-1.0224045134400246,0.0,0.6882113771853678,-0.5664572772702333,-0.7965695658503499
3964,0.970780353846232,0.3480377646055086,0.6256513576937649,0.15346791259651008,-0.41702107268800304,0.990605599342352,-0.10371484640241935,-0.8498364456348662,-1.7618165702686994,1.5357786628062884,-0.4144556004615526,1.235765636271372,1.2797118877246216,-0.053366213807045836,0.0,0.6882113771853678,-0.5664572772702333,-0.41632529460566275
3965,1.0357033979520824,-0.5552761817264553,-1.0234775783485959,0.15346791259651008,-0.41702107268800304,-0.7660232120892639,-0.7582464343666804,0.2799961531443808,0.40683742795524463,-0.651135495119281,-0.4144556004615526,5.074619636868886,1.3329096452023623,0.7218644258993372,0.0,0.6882113771853678,2.950733787502384,-0.41632529460566275
3966,0.9659053753840242,1.620958389115265,0.4195102406884698,0.9393066508421729,0.16676217049808661,0.9300321920516067,1.6417027215022768,-0.8498364456348662,-1.7618165702686994,-0.651135495119281,-0.4144556004615526,0.6926486910094838,-0.02551101009957921,0.5280567659727414,0.0,0.6882113771853678,-0.5664572772702333,-0.41632529460566275
3967,-0.5619086135970643,0.7424027975401262,1.037933591704355,1.7251453890878359,-0.41702107268800304,0.14257789727191675,-0.21280344439646284,-0.8498364456348662,0.40683742795524463,-0.651135495119281,-0.4144556004615526,0.2738149940517519,-0.23064247532636004,1.1094797457525287,0.0,0.6882113771853678,-0.5664572772702333,-1.176813837095037
3968,1.0170412181463393,0.5390148080452274,0.6256513576937649,-0.7633439486900966,-0.41702107268800304,0.5665917483071344,0.04173661758963865,-0.171936886367318,0.40683742795524463,-0.651135495119281,-0.4144556004615526,0.5477490213579826,0.6424245352341741,-0.24717387373364158,0.0,0.6882113771853678,1.1921382551160753,-0.7965695658503499
3969,0.30859022324081664,0.006247109702339597,1.037933591704355,-1.156263317812928,-0.41702107268800304,-1.73519772874119,-1.1218750943468254,-0.6238699258790168,0.40683742795524463,-0.651135495119281,-0.4144556004615526,-0.23057723786820686,1.0603864953331497,-1.0224045134400246,0.0,2.2694999670951255,-0.5664572772702333,-1.176813837095037
3970,0.47428135292548484,0.1993395735562127,-1.4357598123591861,0.5463872817193415,-0.41702107268800304,0.990605599342352,-1.0491493623507964,0.5059626729002302,0.40683742795524463,1.5357786628062884,-0.4144556004615526,0.24507578233837665,-0.19633103929335402,0.33424910604614566,0.0,0.6882113771853678,1.1921382551160753,-1.176813837095037
3971,0.9731763812557299,0.25244191186444626,-1.229618695353891,-0.10847833348537753,-0.41702107268800304,-0.0391423246003194,-0.32189204239050634,1.6357952716794772,0.40683742795524463,-0.651135495119281,-0.4144556004615526,1.3680819753585651,3.777271782376482,0.14044144611954992,0.0,0.6882113771853678,2.950733787502384,-0.41632529460566275
3972,-0.5857510555915164,0.8578739930342539,1.037933591704355,2.2490378812516107,-0.41702107268800304,0.02143108269042598,-0.39461777438653534,-0.8498364456348662,0.40683742795524463,-0.651135495119281,-0.4144556004615526,0.7287815462574364,0.03622051723024968,1.1094797457525287,0.0,0.6882113771853678,-0.5664572772702333,-1.176813837095037
3973,1.0461395031826617,1.0952647311174282,0.6256513576937649,-0.8943170717310404,-0.41702107268800304,-1.0688902485429908,-0.9400607643567529,-0.3979034061231674,0.40683742795524463,-0.651135495119281,-0.4144556004615526,1.2071439946366431,5.792625665010912,-1.0224045134400246,0.0,2.2694999670951255,1.1921382551160753,-0.7965695658503499
3974,1.006259688572169,1.667776314823252,0.007228006677879595,1.594172266046892,-0.41702107268800304,0.6877385628886251,-1.012786496352782,0.2799961531443808,0.40683742795524463,-0.651135495119281,-0.4144556004615526,1.1209137131834712,0.7122921846450169,-0.24717387373364158,0.0,0.6882113771853678,-0.5664572772702333,-0.41632529460566275
3975,0.9495144525576389,0.25447165008755773,-0.4050542273327106,-0.10847833348537753,-0.41702107268800304,-0.6448763975077731,1.3507997935181608,-0.8498364456348662,0.40683742795524463,-0.651135495119281,-0.4144556004615526,1.8714848014139327,1.052399926736411,-0.053366213807045836,0.0,2.2694999670951255,-0.5664572772702333,-0.7965695658503499
3976,-0.08114001747564877,1.1013026918989466,-2.0541831633750713,-0.37042457956726516,-0.41702107268800304,0.6271651555978798,2.1871457114724944,2.087728311191176,0.40683742795524463,-0.651135495119281,-0.4144556004615526,1.1637428742836533,0.28466435221595415,0.5280567659727414,0.0,0.6882113771853678,1.1921382551160753,-1.176813837095037
3977,-0.351794305692089,0.22218429891774913,1.6563569427202405,-1.287236440853872,-0.41702107268800304,-2.038064765194917,-0.6127949703746224,-0.6238699258790168,0.40683742795524463,-0.651135495119281,-0.4144556004615526,-0.5036666433573497,0.2330199990252817,0.5280567659727414,0.0,0.6882113771853678,-0.5664572772702333,-0.7965695658503499
3978,-0.6468184277225748,0.4257716500268309,1.037933591704355,2.2490378812516107,-0.41702107268800304,0.08200448998117135,-0.39461777438653534,-0.8498364456348662,0.40683742795524463,-0.651135495119281,-0.4144556004615526,0.8326085601184767,0.32493808297104604,1.1094797457525287,0.0,0.6882113771853678,-0.5664572772702333,-1.176813837095037
3979,-0.7960625935499678,-0.14203023031745732,-1.8480420463697762,1.2012528969240606,-0.41702107268800304,0.8088853774701159,2.296234309466538,0.2799961531443808,0.40683742795524463,-0.651135495119281,-0.4144556004615526,0.35089778535426264,-0.5888196098280547,0.915672085825933,0.0,0.6882113771853678,1.1921382551160753,-0.41632529460566275
3980,-0.46044504026104777,0.37741059865567567,0.83179247469906,-0.6323708256491528,0.7505454136841763,0.7483119701793706,-0.32189204239050634,-0.3979034061231674,-1.7618165702686994,-0.651135495119281,-0.4144556004615526,-0.04667323664177355,0.5784861938647613,1.3032874056791244,0.0,0.6882113771853678,-0.5664572772702333,-1.176813837095037
3981,0.7928526211625816,0.3123626958369757,-0.4050542273327106,-0.8943170717310404,-0.41702107268800304,-1.0688902485429908,-1.012786496352782,0.957895712411929,0.40683742795524463,1.5357786628062884,-0.4144556004615526,0.30275236639911346,0.8844703187840264,-0.6347891935868331,0.0,0.6882113771853678,-0.5664572772702333,-1.176813837095037
3982,1.0565366163455479,0.6699372925121942,-0.19891311032741552,-0.6323708256491528,-0.41702107268800304,-1.1294636558337363,-0.9400607643567529,1.4098287519236279,0.40683742795524463,-0.651135495119281,-0.4144556004615526,0.5911910799069346,0.9089455333168807,0.33424910604614566,0.0,0.6882113771853678,-0.5664572772702333,-0.7965695658503499
3983,0.8150274344116905,0.1448953782684937,-1.0234775783485959,1.3322260199650044,-0.41702107268800304,0.7483119701793706,-0.9400607643567529,0.2799961531443808,0.40683742795524463,-0.651135495119281,-0.4144556004615526,4.701595555305812,0.9361504127392556,0.14044144611954992,0.0,2.2694999670951255,-0.5664572772702333,-0.7965695658503499
3984,0.38389555529194075,0.07313243494493661,-1.6419009293644813,0.15346791259651008,-0.41702107268800304,0.8694587847608612,0.44172814356779816,2.3136948309470253,0.40683742795524463,1.5357786628062884,-0.4144556004615526,0.029213300474990152,0.651919053121942,-0.053366213807045836,0.0,0.6882113771853678,1.1921382551160753,-0.03608102336097565
3985,1.1134668665547427,1.2210211603156258,0.007228006677879595,1.0702797738831167,0.16676217049808661,0.32429811914415285,1.6053398555042624,0.0540296333885314,0.40683742795524463,-0.651135495119281,-0.4144556004615526,0.2385373158985516,0.7515295009510754,-0.053366213807045836,0.0,0.6882113771853678,1.1921382551160753,-0.03608102336097565
3986,1.1203014456590816,1.7946547027668163,0.007228006677879595,0.6773604047602854,0.16676217049808661,0.7483119701793706,1.8598799174903637,-0.3979034061231674,0.40683742795524463,-0.651135495119281,-0.4144556004615526,0.365374114076131,0.2247278754212948,1.1094797457525287,0.0,2.2694999670951255,1.1921382551160753,-0.03608102336097565
3987,0.9757729865140206,0.9925640337049053,0.6256513576937649,0.5463872817193415,0.7505454136841763,0.6877385628886251,-0.35825490838852087,-0.8498364456348662,-1.7618165702686994,1.5357786628062884,-0.4144556004615526,1.2317219425919241,0.8291761107306395,-0.24717387373364158,0.0,0.6882113771853678,-0.5664572772702333,-0.7965695658503499
3988,1.0228892157301457,1.6405088106002086,0.007228006677879595,1.594172266046892,-0.41702107268800304,0.6877385628886251,-0.9764236303547674,0.2799961531443808,0.40683742795524463,-0.651135495119281,-0.4144556004615526,1.0354918676802252,0.7082190000545863,-0.24717387373364158,0.0,0.6882113771853678,-0.5664572772702333,-0.41632529460566275
3989,-0.008858009828943109,-0.2043704065876125,-0.4050542273327106,0.022494789555566278,-0.41702107268800304,0.32429811914415285,2.078057113478451,1.1838622321677783,0.40683742795524463,-0.651135495119281,-0.4144556004615526,1.191010679494354,0.219692643858238,-0.6347891935868331,0.0,0.6882113771853678,-0.5664572772702333,-0.41632529460566275
3990,1.007865150090405,1.0463970505041897,0.6256513576937649,0.8083335278012291,0.7505454136841763,0.6877385628886251,-0.43098064038454986,-0.8498364456348662,-1.7618165702686994,-0.651135495119281,-0.4144556004615526,1.0602947364101225,0.8187322788180872,-0.053366213807045836,0.0,0.6882113771853678,-0.5664572772702333,-0.41632529460566275
3991,0.37016517345883665,-0.13159093591701132,-1.0234775783485959,0.6773604047602854,-0.41702107268800304,-0.7660232120892639,-0.6855207023706513,0.5059626729002302,0.40683742795524463,1.5357786628062884,-0.4144556004615526,3.8658761875424568,1.2130646258846434,0.14044144611954992,0.0,2.2694999670951255,2.950733787502384,-1.176813837095037
3992,-0.11317423539855949,1.0193090932575124,0.6256513576937649,-1.5491826869357594,1.9181119000563556,1.1723258212145882,-0.21280344439646284,-0.3979034061231674,-3.9304705684926433,-0.651135495119281,-0.4144556004615526,0.038006345157235596,0.16013554055017057,0.33424910604614566,0.0,0.6882113771853678,1.1921382551160753,-1.176813837095037
3993,1.0206649025397214,0.6049885422017207,-0.19891311032741552,-0.23945145652632133,-0.41702107268800304,1.1117524139238428,-0.8673350323607238,-0.3979034061231674,0.40683742795524463,-0.651135495119281,-0.4144556004615526,0.38506189461660234,0.5213641848373235,-0.053366213807045836,0.0,0.6882113771853678,-0.5664572772702333,-0.41632529460566275
3994,1.0959559418068487,0.5952935752410284,0.2133691236831747,-0.7633439486900966,-0.41702107268800304,-1.3111838777059723,-0.9400607643567529,0.957895712411929,0.40683742795524463,-0.651135495119281,-0.4144556004615526,0.8549172193063198,1.031821931843003,0.33424910604614566,0.0,0.6882113771853678,-0.5664572772702333,-0.41632529460566275
3995,-0.4815104960580477,0.48046999065954776,1.8624980597255354,-1.287236440853872,-0.41702107268800304,-1.9169179506134262,-0.39461777438653534,-0.6238699258790168,0.40683742795524463,-0.651135495119281,-0.4144556004615526,-0.5596758855274292,0.26915416856134844,0.7218644258993372,0.0,0.6882113771853678,1.1921382551160753,-0.41632529460566275
3996,0.9787413277946396,0.9204457906553751,-1.4357598123591861,-0.8943170717310404,-0.41702107268800304,-0.3420093610540463,1.5326141235082333,2.539661350702875,0.40683742795524463,-0.651135495119281,-0.4144556004615526,0.6557983818066316,1.4572374468634317,-0.053366213807045836,0.0,2.2694999670951255,-0.5664572772702333,-0.7965695658503499
3997,-0.9983202406011517,-0.3989257895307227,0.007228006677879595,2.2490378812516107,-0.41702107268800304,-0.22086254647255554,0.25991381357772564,-0.171936886367318,0.40683742795524463,-0.651135495119281,-0.4144556004615526,0.9336814027059148,1.8056798689345281,1.3032874056791244,0.0,0.6882113771853678,-0.5664572772702333,-0.7965695658503499
3998,-0.5685103008954244,0.7743753918237753,1.037933591704355,1.8561185121287795,-0.41702107268800304,0.08200448998117135,-0.24916631039447737,-0.8498364456348662,0.40683742795524463,-0.651135495119281,-0.4144556004615526,0.39978979602773684,-0.15675130139487617,1.1094797457525287,0.0,0.6882113771853678,-0.5664572772702333,-1.176813837095037
3999,0.9808700014400431,0.5948980020946968,-0.19891311032741552,-0.8943170717310404,0.16676217049808661,0.44544493372564364,0.9144454015419866,-0.3979034061231674,0.40683742795524463,-0.651135495119281,-0.4144556004615526,2.2317194604739496,0.7181706721319469,-0.053366213807045836,0.0,2.2694999670951255,-0.5664572772702333,-1.176813837095037
4000,1.0718031166720068,1.1680704717894028,0.4195102406884698,0.022494789555566278,-0.41702107268800304,0.990605599342352,0.07809948358765315,-0.6238699258790168,0.40683742795524463,-0.651135495119281,-0.4144556004615526,0.3956545446563562,0.362023694427613,-0.8285968535134288,0.0,0.6882113771853678,1.1921382551160753,-1.176813837095037
4001,0.9674778458320819,0.8464171748825982,0.6256513576937649,0.9393066508421729,-0.41702107268800304,0.32429811914415285,0.6235424735578706,-1.0758029653907155,0.40683742795524463,-0.651135495119281,-0.4144556004615526,1.2280820365818326,-0.03796677954545264,-1.0224045134400246,0.0,0.6882113771853678,1.1921382551160753,-0.7965695658503499
4002,0.7386088110237997,1.145710388598979,0.83179247469906,-0.37042457956726516,-0.41702107268800304,-1.1900370631244817,-1.1218750943468254,-0.8498364456348662,0.40683742795524463,-0.651135495119281,-0.4144556004615526,0.5832142719477649,0.42395247461172997,-1.6038274932198118,0.0,2.2694999670951255,1.1921382551160753,-0.7965695658503499
4003,-0.06443030640006468,0.958369576355578,0.6256513576937649,-1.5491826869357594,1.334328656870266,1.1117524139238428,-0.17644057839844834,-0.171936886367318,-1.7618165702686994,1.5357786628062884,2.412803684849147,-0.0018351878929658608,0.16082206696343618,0.33424910604614566,0.0,0.6882113771853678,1.1921382551160753,-1.176813837095037
4004,-0.3189351791267633,0.5318793739040344,0.2133691236831747,0.5463872817193415,-0.41702107268800304,0.14257789727191675,-0.5400692383785933,-0.6238699258790168,0.40683742795524463,-0.651135495119281,-0.4144556004615526,-0.07821006360020936,-0.46196328001278825,1.3032874056791244,0.0,0.6882113771853678,1.1921382551160753,-0.41632529460566275
4005,0.515607364113001,0.1473944444827136,-0.19891311032741552,-1.156263317812928,-0.41702107268800304,-1.0688902485429908,-1.1218750943468254,-0.171936886367318,0.40683742795524463,1.5357786628062884,2.412803684849147,-0.02098389614205729,0.8973793541910515,-1.7976351531464076,0.0,2.2694999670951255,-0.5664572772702333,-1.176813837095037
4006,1.0485261066848812,0.6808279582500829,-0.19891311032741552,0.022494789555566278,-0.41702107268800304,-0.6448763975077731,1.3507997935181608,-0.8498364456348662,0.40683742795524463,-0.651135495119281,-0.4144556004615526,1.2032545830227803,2.276432589638449,0.14044144611954992,0.0,2.2694999670951255,-0.5664572772702333,-0.7965695658503499
4007,1.00055497191493,0.8347218537556809,-1.6419009293644813,-0.7633439486900966,-0.41702107268800304,-0.09971573189106478,1.6053398555042624,2.3136948309470253,0.40683742795524463,-0.651135495119281,-0.4144556004615526,0.7664283488410429,1.063555217657805,-0.053366213807045836,0.0,0.6882113771853678,-0.5664572772702333,-0.7965695658503499
4008,-0.0810014261462801,0.2801364891268288,0.2133691236831747,0.4154141586783977,-0.41702107268800304,-2.0986381724856624,-0.9036978983587384,0.5059626729002302,0.40683742795524463,-0.651135495119281,-0.4144556004615526,1.2382375174574558,0.1574081987121835,0.5280567659727414,0.0,0.6882113771853678,2.950733787502384,-0.03608102336097565
4009,1.0244751445851323,0.7395605846399311,0.4195102406884698,0.9393066508421729,-0.41702107268800304,0.5665917483071344,-0.35825490838852087,-1.0758029653907155,0.40683742795524463,-0.651135495119281,-0.4144556004615526,1.0236566701576932,0.4574810684468486,-0.8285968535134288,0.0,2.2694999670951255,-0.5664572772702333,-0.7965695658503499
4010,-0.9008683830145748,-1.8003907894530935,0.6256513576937649,1.0702797738831167,-0.41702107268800304,-0.0391423246003194,-0.43098064038454986,-0.3979034061231674,0.40683742795524463,-0.651135495119281,-0.4144556004615526,1.1525642063122854,0.23330305548368518,1.690902725532316,0.0,2.2694999670951255,1.1921382551160753,-0.7965695658503499
4011,0.8494185409260037,1.002297714810236,0.4195102406884698,1.0702797738831167,-0.41702107268800304,0.8694587847608612,0.18718808158169664,-1.0758029653907155,0.40683742795524463,-0.651135495119281,-0.4144556004615526,0.3067815622680055,-0.016844390699947497,-0.44098153366023735,0.0,0.6882113771853678,-0.5664572772702333,-1.176813837095037
4012,1.0330528895739925,0.7367828866025788,-1.0234775783485959,0.8083335278012291,-0.41702107268800304,-0.0391423246003194,1.5689769895062478,-0.171936886367318,0.40683742795524463,-0.651135495119281,-0.4144556004615526,0.18437389187434697,1.103488060435625,-0.44098153366023735,0.0,0.6882113771853678,-0.5664572772702333,-0.03608102336097565
4013,1.0641976970552474,1.6262250362701882,-0.8173364613433008,-0.5013977026082089,-0.41702107268800304,-1.1294636558337363,-0.9400607643567529,-0.6238699258790168,0.40683742795524463,-0.651135495119281,-0.4144556004615526,-0.12609893132653888,2.515956771290593,-1.7976351531464076,0.0,2.2694999670951255,-0.5664572772702333,-0.7965695658503499
4014,1.0263366412237156,1.2414904164981209,0.6256513576937649,1.3322260199650044,0.16676217049808661,0.38487152643489825,1.3507997935181608,-0.6238699258790168,-1.7618165702686994,-0.651135495119281,-0.4144556004615526,0.5647104591886737,0.5435867087735122,-0.44098153366023735,0.0,0.6882113771853678,1.1921382551160753,0.34416324788371144
4015,0.2469985103716757,-1.5102207317472565,-0.19891311032741552,-0.8943170717310404,-0.41702107268800304,-1.9169179506134262,-1.0491493623507964,1.6357952716794772,0.40683742795524463,1.5357786628062884,-0.4144556004615526,0.30643783661690943,-0.2922955737897416,-1.4100198332932161,0.0,0.6882113771853678,1.1921382551160753,-0.7965695658503499
4016,1.0718031166720068,0.7739839223783577,0.4195102406884698,0.9393066508421729,-0.41702107268800304,0.8088853774701159,-0.06735198040440485,-1.301769485146565,0.40683742795524463,-0.651135495119281,-0.4144556004615526,0.5727364086661169,0.3300771812508666,-0.24717387373364158,0.0,0.6882113771853678,-0.5664572772702333,-1.176813837095037
4017,1.109500966009209,0.8951436099423173,-1.4357598123591861,-0.7633439486900966,-0.41702107268800304,-0.09971573189106478,-0.8309721663627093,1.1838622321677783,-1.7618165702686994,1.5357786628062884,-0.4144556004615526,1.68194379452983,1.2230749437662314,0.915672085825933,0.0,0.6882113771853678,1.1921382551160753,-0.41632529460566275
4018,0.35621588577287266,0.08003350050587024,0.007228006677879595,-1.0252901947719841,-0.41702107268800304,-1.8563445433226808,0.04173661758963865,-0.3979034061231674,0.40683742795524463,-0.651135495119281,-0.4144556004615526,-0.02424301575166209,-0.06042579467217648,0.14044144611954992,0.0,0.6882113771853678,1.1921382551160753,-0.03608102336097565
4019,0.44496597172500113,0.17637684365995915,1.037933591704355,-1.156263317812928,-0.41702107268800304,-1.4929040995782086,-1.1218750943468254,-0.8498364456348662,0.40683742795524463,-0.651135495119281,-0.4144556004615526,-0.1838923420695507,1.4997640761588453,-1.4100198332932161,0.0,2.2694999670951255,-0.5664572772702333,-1.176813837095037
4020,0.3541163285962068,-0.10633118199466382,-0.19891311032741552,0.4154141586783977,0.16676217049808661,0.9300321920516067,1.1689854635280883,0.957895712411929,0.40683742795524463,-0.651135495119281,-0.4144556004615526,1.1557400305628156,0.7475786887047604,-0.24717387373364158,0.0,0.6882113771853678,1.1921382551160753,-0.7965695658503499
4021,0.7557604201645401,0.29567666575499024,0.2133691236831747,-0.6323708256491528,1.334328656870266,-0.5237295829262825,-0.35825490838852087,-1.0758029653907155,-1.7618165702686994,-0.651135495119281,-0.4144556004615526,1.7572551731291597,0.7788584378687985,-0.6347891935868331,0.0,0.6882113771853678,-0.5664572772702333,-0.41632529460566275
4022,-0.5510778422542155,-0.30195986858814083,1.2440747087096502,1.3322260199650044,-0.41702107268800304,-2.4620786162301345,-0.9764236303547674,0.7319291926560796,0.40683742795524463,-0.651135495119281,-0.4144556004615526,0.7639017162872671,0.4539780083353265,0.915672085825933,0.0,0.6882113771853678,1.1921382551160753,-0.41632529460566275
4023,1.1241798209397307,0.7277492902274713,1.2440747087096502,-1.0252901947719841,-0.41702107268800304,-1.6140509141596993,-0.9400607643567529,0.0540296333885314,0.40683742795524463,-0.651135495119281,-0.4144556004615526,1.1224617448095633,1.2126930839215528,0.14044144611954992,0.0,0.6882113771853678,-0.5664572772702333,-0.03608102336097565
4024,-0.04150716958007135,0.4648580604818826,-0.8173364613433008,0.15346791259651008,-0.41702107268800304,-0.28143595376330094,-0.7946093003646949,-0.3979034061231674,0.40683742795524463,1.5357786628062884,2.412803684849147,0.3028908049290892,-0.3563804460935728,1.690902725532316,0.0,0.6882113771853678,1.1921382551160753,-0.03608102336097565
4025,-0.3341546614519304,0.19446985478468903,1.4502158257149453,-1.287236440853872,-0.41702107268800304,-2.038064765194917,-0.6491578363726369,-0.3979034061231674,0.40683742795524463,-0.651135495119281,-0.4144556004615526,-0.4953795900268819,0.22767504679767228,0.33424910604614566,0.0,0.6882113771853678,-0.5664572772702333,-0.7965695658503499
4026,-2.4609302867126672,0.680392092562016,1.037933591704355,1.8561185121287795,-0.41702107268800304,0.5665917483071344,-0.8673350323607238,-0.6238699258790168,0.40683742795524463,-0.651135495119281,-0.4144556004615526,0.01259922332066515,0.14936956574496105,1.8847103854589116,0.0,0.6882113771853678,-0.5664572772702333,0.34416324788371144
4027,1.0666997601761932,0.6624340347791764,0.4195102406884698,0.6773604047602854,-0.41702107268800304,0.44544493372564364,-0.14007771240043385,-1.301769485146565,-1.7618165702686994,-0.651135495119281,-0.4144556004615526,1.1580774258778244,0.25721355182493205,-0.8285968535134288,0.0,0.6882113771853678,-0.5664572772702333,-0.7965695658503499
4028,1.0185101067362898,1.4886066676261496,-0.8173364613433008,-0.5013977026082089,-0.41702107268800304,-1.1294636558337363,-0.9400607643567529,-0.8498364456348662,0.40683742795524463,-0.651135495119281,-0.4144556004615526,-0.16780252667659615,2.545231210234499,-1.7976351531464076,0.0,2.2694999670951255,-0.5664572772702333,-1.176813837095037
4029,0.4285954074496533,0.10947956956870847,-0.6111953443380057,-0.6323708256491528,-0.41702107268800304,-1.73519772874119,-0.8309721663627093,0.2799961531443808,0.40683742795524463,-0.651135495119281,-0.4144556004615526,1.4851052271480771,0.058600450190851666,0.14044144611954992,0.0,0.6882113771853678,1.1921382551160753,-0.03608102336097565
4030,0.9475211702319163,-0.19131183932543708,-1.6419009293644813,1.463199143005948,-0.41702107268800304,-0.46315617563553707,0.15082521558368214,1.4098287519236279,0.40683742795524463,-0.651135495119281,-0.4144556004615526,1.2619368115879648,0.368108924302229,-1.2162121733666202,0.0,0.6882113771853678,1.1921382551160753,-1.176813837095037
4031,0.654941028790938,1.1989103561831604,0.2133691236831747,0.15346791259651008,-0.41702107268800304,-0.4025827683447917,-1.0491493623507964,0.2799961531443808,0.40683742795524463,-0.651135495119281,-0.4144556004615526,1.4438442763205424,-0.005816008062967033,0.915672085825933,0.0,0.6882113771853678,1.1921382551160753,-0.7965695658503499
4032,1.0452300778006898,0.6922173274494685,0.4195102406884698,0.5463872817193415,-0.41702107268800304,0.14257789727191675,-0.6491578363726369,-1.0758029653907155,-1.7618165702686994,-0.651135495119281,-0.4144556004615526,1.1754664117492863,0.4217192673264685,-0.053366213807045836,0.0,0.6882113771853678,-0.5664572772702333,-0.7965695658503499
4033,0.28859177040998285,0.16515917714527625,-0.4050542273327106,-0.23945145652632133,-0.41702107268800304,0.506018341016389,2.078057113478451,1.6357952716794772,0.40683742795524463,-0.651135495119281,-0.4144556004615526,1.1396912511508164,-0.2563660632562065,-1.0224045134400246,0.0,0.6882113771853678,-0.5664572772702333,-0.41632529460566275
4034,-0.2419971470682189,0.9701761028575618,-2.0541831633750713,0.2844410356374539,-0.41702107268800304,0.6877385628886251,2.259871443468523,1.4098287519236279,0.40683742795524463,-0.651135495119281,-0.4144556004615526,0.941562087291557,-0.10749372341430033,0.7218644258993372,0.0,2.2694999670951255,1.1921382551160753,-1.176813837095037
4035,-0.7532617930149554,-0.6458769189854334,1.037933591704355,2.118064758210667,-0.41702107268800304,-0.0391423246003194,-0.32189204239050634,-0.8498364456348662,0.40683742795524463,-0.651135495119281,-0.4144556004615526,1.0439725574290322,0.9850523293546033,0.915672085825933,0.0,0.6882113771853678,-0.5664572772702333,-1.176813837095037
4036,-0.33532978060602026,0.5017026586542064,-1.4357598123591861,1.463199143005948,-0.41702107268800304,0.7483119701793706,2.296234309466538,-0.171936886367318,0.40683742795524463,-0.651135495119281,-0.4144556004615526,0.5653698326026454,-0.8809813987385064,0.5280567659727414,0.0,0.6882113771853678,-0.5664572772702333,-0.41632529460566275
4037,0.38508844333272635,1.1623103128491137,-0.19891311032741552,0.2844410356374539,-0.41702107268800304,-0.46315617563553707,-1.0491493623507964,0.957895712411929,0.40683742795524463,-0.651135495119281,-0.4144556004615526,1.6698439413907913,-0.27847314883477803,0.7218644258993372,0.0,2.2694999670951255,1.1921382551160753,-0.7965695658503499
4038,0.9711365980228357,0.243709535437166,-0.19891311032741552,-0.10847833348537753,-0.41702107268800304,-0.6448763975077731,1.3144369275201464,-0.8498364456348662,0.40683742795524463,-0.651135495119281,-0.4144556004615526,1.842155930739503,1.087423996522134,0.14044144611954992,0.0,2.2694999670951255,-0.5664572772702333,-0.7965695658503499
4039,1.0496478613384428,-0.7264537442279734,0.6256513576937649,0.15346791259651008,-0.41702107268800304,0.8088853774701159,-0.17644057839844834,-0.6238699258790168,0.40683742795524463,-0.651135495119281,-0.4144556004615526,0.9048458726992504,1.5093673835376582,0.915672085825933,0.0,0.6882113771853678,-0.5664572772702333,-0.41632529460566275
4040,-0.12468803895260275,-0.20982624483817722,0.2133691236831747,0.9393066508421729,-0.41702107268800304,0.2637247118534075,-0.8673350323607238,-0.171936886367318,0.40683742795524463,-0.651135495119281,-0.4144556004615526,0.29175048457412206,-0.02038854643240504,0.7218644258993372,0.0,0.6882113771853678,1.1921382551160753,-1.176813837095037
4041,1.0573538395908277,0.16096976877774385,-0.19891311032741552,-1.811128933017647,0.7505454136841763,1.5357662649590604,0.9871711335380157,-0.171936886367318,-1.7618165702686994,-0.651135495119281,-0.4144556004615526,1.1516517395627817,0.8720784663993895,-0.6347891935868331,0.0,0.6882113771853678,1.1921382551160753,-0.7965695658503499
4042,-0.08452331653908687,0.9904669467061958,0.6256513576937649,-1.156263317812928,2.501895143242445,1.1723258212145882,-0.24916631039447737,-0.3979034061231674,-3.9304705684926433,-0.651135495119281,-0.4144556004615526,0.07562215034612121,0.1515817976040908,0.33424910604614566,0.0,0.6882113771853678,1.1921382551160753,-1.176813837095037
4043,0.5563000148153476,0.26657023130220814,0.6256513576937649,-0.6323708256491528,-0.41702107268800304,0.990605599342352,0.11446234958566764,-0.171936886367318,0.40683742795524463,-0.651135495119281,-0.4144556004615526,-0.1540807134654041,0.20362086778226393,-1.4100198332932161,0.0,0.6882113771853678,1.1921382551160753,-1.176813837095037
4044,0.9920054873312902,0.7936654939261951,0.4195102406884698,1.0702797738831167,-0.41702107268800304,0.6271651555978798,-0.6491578363726369,-0.6238699258790168,0.40683742795524463,-0.651135495119281,-0.4144556004615526,0.9342721795023772,0.6253544877119523,-0.8285968535134288,0.0,0.6882113771853678,-0.5664572772702333,-0.7965695658503499
4045,1.025000127785125,0.5787336316158955,-1.6419009293644813,0.5463872817193415,-0.41702107268800304,0.08200448998117135,1.8962427834883784,0.7319291926560796,0.40683742795524463,1.5357786628062884,-0.4144556004615526,-0.058340416628144244,1.0992741334644618,-0.24717387373364158,0.0,2.2694999670951255,-0.5664572772702333,-0.7965695658503499
4046,1.039411608379795,1.176780155067383,-0.4050542273327106,-0.8943170717310404,-0.41702107268800304,-1.250610470415227,-0.7582464343666804,1.4098287519236279,0.40683742795524463,-0.651135495119281,-0.4144556004615526,1.641866016741991,5.6159370893880265,-1.2162121733666202,0.0,2.2694999670951255,-0.5664572772702333,-0.7965695658503499
4047,1.0280415742066558,0.5009038963834795,0.4195102406884698,0.4154141586783977,-0.41702107268800304,0.5665917483071344,0.005373751591624148,-1.301769485146565,0.40683742795524463,-0.651135495119281,-0.4144556004615526,1.189387933312608,0.4995343672161982,-0.8285968535134288,0.0,2.2694999670951255,1.1921382551160753,-0.7965695658503499
4048,0.32715184301190187,-0.16142091756975954,-0.8173364613433008,1.0702797738831167,-0.41702107268800304,0.7483119701793706,-0.9400607643567529,0.2799961531443808,0.40683742795524463,-0.651135495119281,-0.4144556004615526,0.41649224446058614,-0.14241987542016815,0.7218644258993372,0.0,0.6882113771853678,2.950733787502384,-1.176813837095037
4049,0.3288390547702112,0.1533174108731267,-1.0234775783485959,0.6773604047602854,-0.41702107268800304,0.6271651555978798,-0.9764236303547674,0.0540296333885314,0.40683742795524463,1.5357786628062884,-0.4144556004615526,0.3348319497513551,-0.3053454027567052,1.1094797457525287,0.0,2.2694999670951255,1.1921382551160753,-0.7965695658503499
4050,0.32250453393675904,0.13975434965702718,-0.19891311032741552,-0.7633439486900966,-0.41702107268800304,-1.6746243214504446,-0.06735198040440485,-0.3979034061231674,0.40683742795524463,-0.651135495119281,-0.4144556004615526,0.09651575773125189,-0.10234695914590577,0.33424910604614566,0.0,0.6882113771853678,1.1921382551160753,-0.03608102336097565
4051,-0.05837878556275879,0.26042450513748233,0.4195102406884698,0.2844410356374539,-0.41702107268800304,0.6271651555978798,0.8417196695459577,-0.3979034061231674,0.40683742795524463,-0.651135495119281,-0.4144556004615526,0.02734335075951127,0.21941793293410425,1.4970950656057203,0.0,0.6882113771853678,1.1921382551160753,-0.41632529460566275
4052,0.9490081813656245,-1.556951557995682,-1.6419009293644813,0.5463872817193415,-0.41702107268800304,-0.7054498047985186,-0.35825490838852087,1.1838622321677783,0.40683742795524463,-0.651135495119281,-0.4144556004615526,4.864735217935098,0.9213168737312284,1.4970950656057203,0.0,0.6882113771853678,1.1921382551160753,-0.03608102336097565
4053,1.0718031166720068,1.6143951137867318,-0.8173364613433008,-0.5013977026082089,-0.41702107268800304,-1.1294636558337363,-0.9400607643567529,-0.8498364456348662,0.40683742795524463,-0.651135495119281,-0.4144556004615526,-0.14745416458156455,2.6934870610596584,-1.7976351531464076,0.0,2.2694999670951255,-0.5664572772702333,-0.7965695658503499
4054,0.7960345238889015,0.948002466789432,0.007228006677879595,-0.7633439486900966,-0.41702107268800304,-1.250610470415227,-1.012786496352782,-0.8498364456348662,0.40683742795524463,-0.651135495119281,-0.4144556004615526,-0.16449999429545492,2.182182763070742,-1.7976351531464076,0.0,2.2694999670951255,-0.5664572772702333,-1.176813837095037
4055,-0.0237295229617641,-0.1190347244105234,0.4195102406884698,0.4154141586783977,-0.41702107268800304,-0.3420093610540463,-0.8673350323607238,-0.171936886367318,0.40683742795524463,-0.651135495119281,-0.4144556004615526,0.4939272005135841,-0.020704907715277984,0.14044144611954992,0.0,2.2694999670951255,1.1921382551160753,-0.7965695658503499
4056,0.970780353846232,1.6770430753557497,0.007228006677879595,1.594172266046892,-0.41702107268800304,0.6877385628886251,-1.012786496352782,0.2799961531443808,-1.7618165702686994,1.5357786628062884,-0.4144556004615526,1.2990226914114102,0.7294270250111988,-0.24717387373364158,0.0,0.6882113771853678,-0.5664572772702333,-0.41632529460566275
4057,0.9971414183035333,0.589392976466051,0.6256513576937649,-0.6323708256491528,-0.41702107268800304,0.6877385628886251,0.005373751591624148,0.2799961531443808,0.40683742795524463,-0.651135495119281,-0.4144556004615526,0.6030182820126327,0.7443187492411916,-0.8285968535134288,0.0,0.6882113771853678,1.1921382551160753,-0.7965695658503499
4058,-0.413329381972676,0.5403786045341904,-1.6419009293644813,1.594172266046892,-0.41702107268800304,0.8088853774701159,2.296234309466538,-0.3979034061231674,0.40683742795524463,-0.651135495119281,-0.4144556004615526,0.4943691320922362,-0.9561992946360244,0.7218644258993372,0.0,0.6882113771853678,-0.5664572772702333,-0.41632529460566275
4059,-0.4979532084652966,0.6433724077456029,-1.8480420463697762,1.7251453890878359,-0.41702107268800304,0.8088853774701159,2.3325971754645525,-0.3979034061231674,0.40683742795524463,-0.651135495119281,-0.4144556004615526,0.45186973199481417,-0.9567657565816873,0.915672085825933,0.0,2.2694999670951255,1.1921382551160753,-0.7965695658503499
4060,0.017095316722317847,0.4714711602252687,-0.4050542273327106,-0.5013977026082089,-0.41702107268800304,-1.0083168412522454,-0.9036978983587384,1.6357952716794772,0.40683742795524463,-0.651135495119281,-0.4144556004615526,1.408244338372785,-0.5725388810088431,0.33424910604614566,0.0,0.6882113771853678,1.1921382551160753,-0.7965695658503499
4061,1.104065663817409,-1.3812590109256733,0.83179247469906,0.022494789555566278,-0.41702107268800304,0.5665917483071344,-0.28552917639249187,-0.6238699258790168,0.40683742795524463,-0.651135495119281,-0.4144556004615526,0.5652916687476229,1.5197865327432112,1.3032874056791244,0.0,0.6882113771853678,1.1921382551160753,-0.03608102336097565
4062,0.3369110876452567,0.679908240681518,-1.6419009293644813,-0.7633439486900966,-0.41702107268800304,1.2934726357960789,-1.0855122283488108,0.957895712411929,-1.7618165702686994,-0.651135495119281,-0.4144556004615526,-0.1832804506078014,0.027762509195012032,-1.0224045134400246,0.0,0.6882113771853678,-0.5664572772702333,-1.176813837095037
4063,0.1921454555890709,-1.5669852567829992,-0.4050542273327106,-0.8943170717310404,-0.41702107268800304,-1.73519772874119,-1.012786496352782,1.4098287519236279,0.40683742795524463,1.5357786628062884,-0.4144556004615526,0.329298773781878,-0.2544313468689332,-1.4100198332932161,0.0,0.6882113771853678,2.950733787502384,-0.7965695658503499
4064,1.0718031166720068,1.574918600114627,0.2133691236831747,-1.287236440853872,-0.41702107268800304,-1.6746243214504446,-1.012786496352782,0.957895712411929,0.40683742795524463,-0.651135495119281,-0.4144556004615526,1.6580924120301581,6.466605779984827,-1.6038274932198118,0.0,2.2694999670951255,-0.5664572772702333,-0.7965695658503499
4065,1.0222841861578837,0.2038273810553718,0.6256513576937649,-0.37042457956726516,1.334328656870266,0.6877385628886251,0.33263954557375464,-0.8498364456348662,-1.7618165702686994,-0.651135495119281,-0.4144556004615526,1.1940510269572002,2.006991897103583,-0.44098153366023735,0.0,0.6882113771853678,-0.5664572772702333,-0.7965695658503499
4066,-0.7521185821531076,0.5967754921783741,0.4195102406884698,2.2490378812516107,-0.41702107268800304,-0.16028913918181015,0.04173661758963865,-0.6238699258790168,0.40683742795524463,-0.651135495119281,-0.4144556004615526,0.7380195186088724,0.7229841793627726,1.3032874056791244,0.0,0.6882113771853678,-0.5664572772702333,-1.176813837095037
4067,1.053359122946027,-0.772011948813538,0.6256513576937649,0.15346791259651008,-0.41702107268800304,0.8088853774701159,-0.17644057839844834,-0.6238699258790168,0.40683742795524463,-0.651135495119281,-0.4144556004615526,0.889273809465766,1.5165502433624285,0.915672085825933,0.0,0.6882113771853678,-0.5664572772702333,-0.41632529460566275
4068,0.970780353846232,0.3081506330823264,0.2133691236831747,-0.6323708256491528,0.16676217049808661,0.7483119701793706,-0.17644057839844834,0.2799961531443808,0.40683742795524463,-0.651135495119281,-0.4144556004615526,0.4016190377565711,0.8706298067110179,-0.44098153366023735,0.0,0.6882113771853678,1.1921382551160753,-0.41632529460566275
4069,0.36638783815193976,1.1330950023166972,0.007228006677879595,-0.10847833348537753,-0.41702107268800304,-0.7054498047985186,-1.0855122283488108,1.1838622321677783,0.40683742795524463,-0.651135495119281,-0.4144556004615526,1.5108677898967775,-0.2465404815896144,0.915672085825933,0.0,0.6882113771853678,1.1921382551160753,-0.7965695658503499
4070,0.5375479135199523,0.534268769711215,0.83179247469906,-0.23945145652632133,0.16676217049808661,-0.3420093610540463,-0.9400607643567529,-1.0758029653907155,-1.7618165702686994,-0.651135495119281,-0.4144556004615526,2.783416357648343,0.6980704590041757,-1.4100198332932161,0.0,0.6882113771853678,-0.5664572772702333,-0.41632529460566275
4071,0.7828396361948801,0.5094734894199503,-0.8173364613433008,-0.23945145652632133,0.7505454136841763,0.7483119701793706,2.0053313814824216,0.5059626729002302,-1.7618165702686994,-0.651135495119281,-0.4144556004615526,-0.06265850214116307,0.6833165278274149,0.33424910604614566,0.0,0.6882113771853678,-0.5664572772702333,-0.7965695658503499
4072,0.976659399244919,0.2715188844238424,-0.4050542273327106,-0.6323708256491528,-0.41702107268800304,1.0511790066330975,-0.39461777438653534,0.0540296333885314,0.40683742795524463,1.5357786628062884,2.412803684849147,0.018768980212817456,0.8140230671007168,-0.6347891935868331,0.0,0.6882113771853678,1.1921382551160753,-0.7965695658503499
4073,0.7106314187628511,0.42165250479733973,-0.4050542273327106,-0.10847833348537753,-0.41702107268800304,-0.6448763975077731,-0.21280344439646284,0.5059626729002302,0.40683742795524463,-0.651135495119281,-0.4144556004615526,1.6531929668581096,0.5928241015344325,0.14044144611954992,0.0,0.6882113771853678,1.1921382551160753,-0.41632529460566275
4074,0.8283871030694915,0.895742343585033,1.2440747087096502,-1.156263317812928,-0.41702107268800304,-1.3717572849967177,-1.1218750943468254,-0.8498364456348662,0.40683742795524463,-0.651135495119281,-0.4144556004615526,0.5805777592612504,4.396559502365396,-1.4100198332932161,0.0,2.2694999670951255,-0.5664572772702333,-1.176813837095037
4075,0.970780353846232,0.24169736485609505,0.007228006677879595,-1.6801558099767033,-0.41702107268800304,1.2328992285053335,0.7689939375499286,-0.3979034061231674,0.40683742795524463,-0.651135495119281,-0.4144556004615526,0.0161675861684053,1.3567254221388998,0.14044144611954992,0.0,0.6882113771853678,-0.5664572772702333,-0.41632529460566275
4076,0.3828872885360444,0.6021701066239512,-1.6419009293644813,-1.156263317812928,-0.41702107268800304,-0.22086254647255554,1.6053398555042624,2.9915943902145736,0.40683742795524463,-0.651135495119281,-0.4144556004615526,2.6469692662331292,0.08394982907922308,-1.2162121733666202,0.0,0.6882113771853678,-0.5664572772702333,-1.176813837095037
4077,-1.9765689416600314,0.6822804778851623,1.037933591704355,1.7251453890878359,-0.41702107268800304,0.506018341016389,-0.6855207023706513,-0.6238699258790168,0.40683742795524463,-0.651135495119281,-0.4144556004615526,-0.07368362313943938,-0.10599395596577112,1.690902725532316,0.0,0.6882113771853678,1.1921382551160753,0.34416324788371144
4078,0.9930198598576451,0.9038534121313516,-1.4357598123591861,-0.6323708256491528,-0.41702107268800304,-0.16028913918181015,1.6780655875002912,2.539661350702875,0.40683742795524463,-0.651135495119281,-0.4144556004615526,0.45874559633791634,1.2511257660323631,-0.053366213807045836,0.0,2.2694999670951255,-0.5664572772702333,-0.7965695658503499
4079,0.924014239296824,0.22707600784476478,0.6256513576937649,-1.0252901947719841,-0.41702107268800304,-0.28143595376330094,0.47809100956581263,-0.171936886367318,0.40683742795524463,-0.651135495119281,-0.4144556004615526,0.008934076279809381,1.2476742894473687,0.14044144611954992,0.0,2.2694999670951255,1.1921382551160753,-0.41632529460566275
4080,1.0275368248199483,0.6175980123073567,0.2133691236831747,0.6773604047602854,-0.41702107268800304,0.38487152643489825,-0.10371484640241935,-1.0758029653907155,0.40683742795524463,-0.651135495119281,-0.4144556004615526,1.1487193871160928,0.16066271151869355,-1.0224045134400246,0.0,0.6882113771853678,-0.5664572772702333,-1.176813837095037
4081,1.0510705597256236,0.7372470797047107,-0.19891311032741552,-0.6323708256491528,-0.41702107268800304,-1.1900370631244817,-0.9764236303547674,1.4098287519236279,0.40683742795524463,-0.651135495119281,-0.4144556004615526,0.5787409985310142,0.9203691068064128,0.33424910604614566,0.0,0.6882113771853678,-0.5664572772702333,-0.7965695658503499
4082,1.0261734342784332,1.2411785856201696,0.6256513576937649,1.3322260199650044,0.16676217049808661,0.38487152643489825,1.3507997935181608,-0.6238699258790168,-1.7618165702686994,-0.651135495119281,-0.4144556004615526,0.564881420814911,0.543385418618617,-0.44098153366023735,0.0,0.6882113771853678,1.1921382551160753,0.34416324788371144
4083,-0.0508866826538808,-0.2505852986072701,0.83179247469906,-0.8943170717310404,-0.41702107268800304,-2.219784987067153,-1.0491493623507964,0.0540296333885314,0.40683742795524463,-0.651135495119281,-0.4144556004615526,-0.16922296989337596,0.15039346185724212,-0.24717387373364158,0.0,0.6882113771853678,-0.5664572772702333,-0.7965695658503499
4084,0.38208148737555403,1.9581595476094196,0.007228006677879595,-1.156263317812928,-0.41702107268800304,-1.0688902485429908,-1.1218750943468254,-0.171936886367318,0.40683742795524463,1.5357786628062884,2.412803684849147,0.1398476514356662,-0.32310563396899084,-1.6038274932198118,0.0,2.2694999670951255,-0.5664572772702333,-0.7965695658503499
4085,0.6500809807605459,0.698684174549153,1.037933591704355,-1.156263317812928,-0.41702107268800304,-1.4929040995782086,-1.1218750943468254,-0.6238699258790168,0.40683742795524463,-0.651135495119281,-0.4144556004615526,0.005507753520233155,1.5328177345399883,-1.2162121733666202,0.0,2.2694999670951255,-0.5664572772702333,-1.176813837095037
4086,0.970780353846232,0.30614726141825316,-0.19891311032741552,-0.7633439486900966,-0.41702107268800304,1.1117524139238428,-0.39461777438653534,-0.171936886367318,0.40683742795524463,1.5357786628062884,2.412803684849147,0.02646760278908885,0.8462504440601244,-0.44098153366023735,0.0,0.6882113771853678,1.1921382551160753,-0.41632529460566275
4087,0.9274798605526559,0.22106341639438407,-0.4050542273327106,-0.7633439486900966,-0.41702107268800304,1.1723258212145882,-0.9036978983587384,-0.3979034061231674,0.40683742795524463,1.5357786628062884,-0.4144556004615526,0.3641786645461985,0.3839899998037644,0.14044144611954992,0.0,2.2694999670951255,-0.5664572772702333,-0.7965695658503499
4088,1.0483889485359315,0.6954552036764872,0.4195102406884698,-0.8943170717310404,-0.41702107268800304,0.7483119701793706,0.04173661758963865,-0.6238699258790168,0.40683742795524463,-0.651135495119281,-0.4144556004615526,0.30770039251335446,0.4770843681259652,-0.053366213807045836,0.0,0.6882113771853678,1.1921382551160753,-0.7965695658503499
4089,0.3170715896098544,-0.01991071327166603,-1.4357598123591861,0.15346791259651008,-0.41702107268800304,0.6877385628886251,0.8417196695459577,0.957895712411929,0.40683742795524463,-0.651135495119281,-0.4144556004615526,1.4060526129630093,0.9939643602133379,0.33424910604614566,0.0,0.6882113771853678,-0.5664572772702333,-0.41632529460566275
4090,-0.5052458820898602,0.09436873603785478,0.83179247469906,-0.5013977026082089,-0.41702107268800304,0.6271651555978798,-0.39461777438653534,-0.171936886367318,0.40683742795524463,-0.651135495119281,-0.4144556004615526,-0.024718364636164534,0.6090440593006583,1.3032874056791244,0.0,0.6882113771853678,-0.5664572772702333,-1.176813837095037
4091,-0.8468028417212885,1.5593824534232086,-0.4050542273327106,-0.5013977026082089,-0.41702107268800304,-1.0083168412522454,-1.1218750943468254,-0.171936886367318,0.40683742795524463,1.5357786628062884,-0.4144556004615526,0.9723811621939384,-0.18161188325514752,-1.6038274932198118,0.0,0.6882113771853678,-0.5664572772702333,-0.41632529460566275
4092,-0.06448842797456779,0.9702983372821355,0.6256513576937649,-0.8943170717310404,2.501895143242445,1.1723258212145882,-0.28552917639249187,-0.6238699258790168,-3.9304705684926433,-0.651135495119281,-0.4144556004615526,0.10192596520526677,0.1456003738468,0.33424910604614566,0.0,0.6882113771853678,1.1921382551160753,-1.176813837095037
4093,-0.24397147168440075,0.9676552929326203,-2.0541831633750713,0.2844410356374539,-0.41702107268800304,0.6877385628886251,2.259871443468523,1.4098287519236279,0.40683742795524463,-0.651135495119281,-0.4144556004615526,0.9377848308900434,-0.11404460824884932,0.7218644258993372,0.0,2.2694999670951255,1.1921382551160753,-1.176813837095037
4094,0.04675093754184737,-0.3208546793782503,-1.229618695353891,0.5463872817193415,-0.41702107268800304,-0.8265966193800093,-0.7218835683686659,0.2799961531443808,0.40683742795524463,-0.651135495119281,-0.4144556004615526,3.1906025679637704,1.1330381015600934,0.14044144611954992,0.0,0.6882113771853678,2.950733787502384,-1.176813837095037
4095,0.0943975189486862,-0.3925281202841737,0.007228006677879595,1.2012528969240606,-0.41702107268800304,0.5665917483071344,-0.9036978983587384,0.0540296333885314,0.40683742795524463,-0.651135495119281,-0.4144556004615526,0.40606296229919975,0.02693019225260814,0.5280567659727414,0.0,0.6882113771853678,2.950733787502384,-1.176813837095037
4096,1.0718031166720068,0.8734366927410132,0.4195102406884698,0.9393066508421729,-0.41702107268800304,0.9300321920516067,-0.06735198040440485,-1.301769485146565,0.40683742795524463,-0.651135495119281,-0.4144556004615526,0.3956545446563562,0.35779155897240084,-0.053366213807045836,0.0,0.6882113771853678,-0.5664572772702333,-1.176813837095037
4097,1.1353578766123569,0.982910072049565,-1.6419009293644813,-0.6323708256491528,-0.41702107268800304,-0.0391423246003194,-0.8673350323607238,1.6357952716794772,0.40683742795524463,-0.651135495119281,-0.4144556004615526,1.6807989464864472,1.2753477851001005,1.1094797457525287,0.0,0.6882113771853678,1.1921382551160753,-0.41632529460566275
4098,0.33179618698865465,0.029593047177287703,0.4195102406884698,-1.4182095638948156,3.085678386428535,1.2934726357960789,1.8962427834883784,-0.3979034061231674,-1.7618165702686994,-0.651135495119281,-0.4144556004615526,0.0879636665027151,0.36284916268838757,0.5280567659727414,0.0,0.6882113771853678,-0.5664572772702333,-0.41632529460566275
4099,0.132685942104501,-1.8003907894530935,-0.6111953443380057,-1.156263317812928,-0.41702107268800304,-0.09971573189106478,0.29627667957574016,0.957895712411929,0.40683742795524463,1.5357786628062884,-0.4144556004615526,1.5679129324972656,0.3885526114605116,-1.0224045134400246,0.0,2.2694999670951255,2.950733787502384,-0.41632529460566275
4100,0.9792790388610966,0.2354484111492552,-1.0234775783485959,-0.10847833348537753,-0.41702107268800304,0.02143108269042598,-0.32189204239050634,1.4098287519236279,0.40683742795524463,-0.651135495119281,-0.4144556004615526,1.2969508932769835,3.714155087609798,-0.053366213807045836,0.0,2.2694999670951255,1.1921382551160753,-0.7965695658503499
4101,-0.19689277952849157,0.3381050155962517,1.2440747087096502,-1.287236440853872,-0.41702107268800304,-1.9169179506134262,-0.21280344439646284,-0.6238699258790168,0.40683742795524463,-0.651135495119281,-0.4144556004615526,-0.3983759215427866,0.16517290761369932,0.5280567659727414,0.0,0.6882113771853678,1.1921382551160753,-0.41632529460566275
4102,0.1781421092884599,0.5348681909398733,-1.0234775783485959,0.15346791259651008,-0.41702107268800304,-0.9477434339615001,-0.6855207023706513,-0.6238699258790168,0.40683742795524463,1.5357786628062884,2.412803684849147,0.7115129356128872,-0.3169845023391348,1.4970950656057203,0.0,0.6882113771853678,2.950733787502384,0.7244075191283986
4103,1.137132900776744,-1.8003907894530935,-1.4357598123591861,-0.10847833348537753,-0.41702107268800304,-0.7054498047985186,-0.5037063723805789,0.7319291926560796,0.40683742795524463,-0.651135495119281,-0.4144556004615526,5.20026985884265,1.0673268105399423,1.8847103854589116,0.0,0.6882113771853678,1.1921382551160753,0.34416324788371144
4104,0.10057312403004662,0.45535381249390405,-1.229618695353891,0.15346791259651008,-0.41702107268800304,-0.8265966193800093,-0.6855207023706513,-0.3979034061231674,0.40683742795524463,1.5357786628062884,2.412803684849147,0.6252799572091157,-0.33014702758821424,1.690902725532316,0.0,0.6882113771853678,2.950733787502384,0.7244075191283986
4105,0.06249174015570461,-0.322813030964085,-1.0234775783485959,0.6773604047602854,-0.41702107268800304,-0.7660232120892639,-0.6855207023706513,0.5059626729002302,0.40683742795524463,1.5357786628062884,-0.4144556004615526,3.2878800981305827,1.1394723960210897,0.14044144611954992,0.0,2.2694999670951255,2.950733787502384,-1.176813837095037
4106,-0.5857510555915164,0.8578739930342539,1.037933591704355,2.2490378812516107,-0.41702107268800304,0.08200448998117135,-0.43098064038454986,-0.8498364456348662,0.40683742795524463,-0.651135495119281,-0.4144556004615526,0.7287815462574364,0.03622051723024968,1.1094797457525287,0.0,0.6882113771853678,-0.5664572772702333,-1.176813837095037
4107,0.35149625713604843,-0.10021890236008309,-0.19891311032741552,0.4154141586783977,0.16676217049808661,0.8694587847608612,1.1326225975300737,0.957895712411929,0.40683742795524463,-0.651135495119281,-0.4144556004615526,1.1734439440255862,0.7650048626710403,-0.24717387373364158,0.0,0.6882113771853678,1.1921382551160753,-0.7965695658503499
4108,0.9765751714944161,1.561934329988192,0.6256513576937649,-0.37042457956726516,0.16676217049808661,0.5665917483071344,0.8053568035479431,-0.8498364456348662,0.40683742795524463,-0.651135495119281,-0.4144556004615526,0.25207296513033073,0.43220008440435703,-1.6038274932198118,0.0,2.2694999670951255,-0.5664572772702333,-1.176813837095037
4109,1.0718031166720068,1.5856466335571389,0.007228006677879595,-1.287236440853872,-0.41702107268800304,-1.73519772874119,-1.012786496352782,0.957895712411929,0.40683742795524463,-0.651135495119281,-0.4144556004615526,1.6867133324928445,6.466605779984827,-1.6038274932198118,0.0,2.2694999670951255,-0.5664572772702333,-0.7965695658503499
4110,0.5891362210822904,0.08909473991861679,-0.4050542273327106,0.15346791259651008,0.16676217049808661,0.8088853774701159,1.4235255255141899,0.7319291926560796,0.40683742795524463,-0.651135495119281,-0.4144556004615526,1.0618407081585375,0.550918843957136,-0.44098153366023735,0.0,0.6882113771853678,1.1921382551160753,-0.7965695658503499
4111,0.144882856179783,0.8624771341795247,0.2133691236831747,-0.23945145652632133,-0.41702107268800304,-0.22086254647255554,-0.9764236303547674,-0.6238699258790168,0.40683742795524463,1.5357786628062884,2.412803684849147,0.29117488246479917,-0.32758019422210516,1.4970950656057203,0.0,2.2694999670951255,-0.5664572772702333,-0.7965695658503499
4112,1.0718031166720068,0.4024928621637283,0.2133691236831747,0.5463872817193415,0.16676217049808661,-0.22086254647255554,-0.6127949703746224,-1.0758029653907155,-1.7618165702686994,-0.651135495119281,-0.4144556004615526,1.161938741329696,0.2658335782256204,-0.44098153366023735,0.0,0.6882113771853678,-0.5664572772702333,-0.7965695658503499
4113,1.0718031166720068,1.7431737011304749,0.6256513576937649,-0.10847833348537753,-0.41702107268800304,0.8088853774701159,0.04173661758963865,-0.8498364456348662,0.40683742795524463,-0.651135495119281,-0.4144556004615526,0.3956545446563562,0.31990494456591656,-1.0224045134400246,0.0,0.6882113771853678,1.1921382551160753,-1.176813837095037
4114,1.0018936839237202,0.4634212573423904,0.4195102406884698,0.4154141586783977,-0.41702107268800304,0.8088853774701159,0.11446234958566764,-1.301769485146565,0.40683742795524463,-0.651135495119281,-0.4144556004615526,0.9770253982890071,0.7055689522877097,-0.44098153366023735,0.0,0.6882113771853678,1.1921382551160753,-0.7965695658503499
4115,0.970780353846232,0.41270907675495627,-1.8480420463697762,0.2844410356374539,-0.41702107268800304,-0.22086254647255554,1.6780655875002912,0.7319291926560796,0.40683742795524463,-0.651135495119281,-0.4144556004615526,0.12703163444832233,1.3567254221388998,-0.44098153366023735,0.0,2.2694999670951255,-0.5664572772702333,-0.41632529460566275
4116,1.0718031166720068,0.3303953838339466,-0.19891311032741552,-1.6801558099767033,0.7505454136841763,1.2328992285053335,0.9508082675400011,-0.3979034061231674,-1.7618165702686994,1.5357786628062884,2.412803684849147,1.3393848181103074,0.8770399017923932,-0.44098153366023735,0.0,2.2694999670951255,-0.5664572772702333,-0.7965695658503499
4117,1.0507908837141147,0.19668879009412932,0.4195102406884698,-1.287236440853872,0.16676217049808661,0.8088853774701159,-0.5037063723805789,-0.3979034061231674,0.40683742795524463,1.5357786628062884,2.412803684849147,0.45793298763776724,2.263270076831898,-0.6347891935868331,0.0,0.6882113771853678,-0.5664572772702333,-0.7965695658503499
4118,1.0396974349994306,1.1806744675759027,-0.4050542273327106,-0.8943170717310404,-0.41702107268800304,-1.250610470415227,-0.7582464343666804,1.4098287519236279,0.40683742795524463,-0.651135495119281,-0.4144556004615526,1.6430258970700293,5.623443493661319,-1.2162121733666202,0.0,2.2694999670951255,-0.5664572772702333,-0.7965695658503499
4119,-0.5466153581209021,0.5044701371462784,1.037933591704355,0.5463872817193415,0.16676217049808661,0.44544493372564364,-0.21280344439646284,-0.6238699258790168,0.40683742795524463,-0.651135495119281,-0.4144556004615526,-0.24269909625286906,-0.22521428666722423,1.1094797457525287,0.0,0.6882113771853678,-0.5664572772702333,-0.7965695658503499
4120,-0.17105158754259972,0.4475922083952303,-0.4050542273327106,0.022494789555566278,-0.41702107268800304,0.08200448998117135,-0.8309721663627093,-0.3979034061231674,0.40683742795524463,-0.651135495119281,-0.4144556004615526,0.09122904321994633,-0.2641211887362939,1.690902725532316,0.0,2.2694999670951255,-0.5664572772702333,-0.7965695658503499
4121,1.0721256945703839,0.48345733823234077,-0.4050542273327106,-0.6323708256491528,-0.41702107268800304,-1.0688902485429908,-0.9400607643567529,1.6357952716794772,0.40683742795524463,-0.651135495119281,-0.4144556004615526,0.6290215456646042,0.8791071242262725,0.33424910604614566,0.0,0.6882113771853678,-0.5664572772702333,-0.7965695658503499
4122,1.0718031166720068,1.827506247079949,0.6256513576937649,0.15346791259651008,-0.41702107268800304,0.6271651555978798,-0.030989114406390354,-1.301769485146565,0.40683742795524463,-0.651135495119281,-0.4144556004615526,0.3956545446563562,0.2917433728003225,-0.44098153366023735,0.0,0.6882113771853678,-0.5664572772702333,-1.176813837095037
4123,0.1802640175236619,0.7819157348504571,-0.6111953443380057,-0.37042457956726516,1.9181119000563556,1.2328992285053335,-0.7582464343666804,0.0540296333885314,-3.9304705684926433,-0.651135495119281,-0.4144556004615526,0.008878386577092124,0.07354988753689135,-0.44098153366023735,0.0,0.6882113771853678,-0.5664572772702333,-0.7965695658503499
4124,0.970780353846232,0.2572171434520525,0.83179247469906,-0.8943170717310404,-0.41702107268800304,0.02143108269042598,0.36900241157176916,0.0540296333885314,0.40683742795524463,-0.651135495119281,-0.4144556004615526,0.17032204743487867,1.2452247573237598,-0.053366213807045836,0.0,0.6882113771853678,1.1921382551160753,-0.41632529460566275
4125,-0.8097343506711913,0.8427414246184269,1.037933591704355,2.118064758210667,-0.41702107268800304,0.02143108269042598,-0.32189204239050634,-0.8498364456348662,0.40683742795524463,-0.651135495119281,-0.4144556004615526,0.6515549529322445,0.04319721850527015,1.1094797457525287,0.0,0.6882113771853678,-0.5664572772702333,-1.176813837095037
4126,0.564467362375618,0.2973199645419494,-1.4357598123591861,0.8083335278012291,-0.41702107268800304,-0.09971573189106478,-0.030989114406390354,1.8617617914353266,0.40683742795524463,-0.651135495119281,-0.4144556004615526,1.0940641785724996,-0.5147149212736798,-1.4100198332932161,0.0,0.6882113771853678,-0.5664572772702333,-1.176813837095037
4127,-0.15331796134955009,1.000599028798173,0.6256513576937649,-1.4182095638948156,1.334328656870266,1.1117524139238428,-0.17644057839844834,-0.3979034061231674,-1.7618165702686994,-0.651135495119281,-0.4144556004615526,0.000946848460487269,0.11268328612664902,0.5280567659727414,0.0,0.6882113771853678,1.1921382551160753,-1.176813837095037
4128,0.07440799538714506,-0.545115106184524,0.2133691236831747,-1.156263317812928,-0.41702107268800304,-1.432330692287463,-1.0491493623507964,-0.3979034061231674,0.40683742795524463,-0.651135495119281,-0.4144556004615526,-0.08919256829006832,0.636317650740244,-0.6347891935868331,0.0,0.6882113771853678,1.1921382551160753,-1.176813837095037
4129,0.873756956466565,0.6059355274666863,-2.0541831633750713,-0.6323708256491528,-0.41702107268800304,0.20315130456266212,1.6780655875002912,1.4098287519236279,0.40683742795524463,-0.651135495119281,-0.4144556004615526,1.5476187527210474,0.28208437668143277,-0.44098153366023735,0.0,0.6882113771853678,-0.5664572772702333,-1.176813837095037
4130,-0.013548370812013462,-0.7275347916389,0.007228006677879595,-1.156263317812928,-0.41702107268800304,-1.3717572849967177,-1.012786496352782,0.0540296333885314,0.40683742795524463,1.5357786628062884,-0.4144556004615526,-0.05062646339749167,0.27464518329762694,-0.6347891935868331,0.0,0.6882113771853678,1.1921382551160753,-1.176813837095037
4131,-0.0965018133587806,0.5114154153619226,-0.4050542273327106,0.022494789555566278,-0.41702107268800304,-0.0391423246003194,-0.9036978983587384,-0.6238699258790168,0.40683742795524463,1.5357786628062884,2.412803684849147,0.13265800650881954,-0.36712158822913854,1.4970950656057203,0.0,2.2694999670951255,-0.5664572772702333,-0.7965695658503499
4132,0.970780353846232,1.2356535726314035,0.2133691236831747,1.463199143005948,-0.41702107268800304,0.7483119701793706,-0.8309721663627093,-0.171936886367318,0.40683742795524463,1.5357786628062884,2.412803684849147,1.0658214688870122,0.7209823823945722,-0.6347891935868331,0.0,2.2694999670951255,-0.5664572772702333,-0.41632529460566275
4133,0.428690268366553,1.2454773049024144,0.007228006677879595,0.022494789555566278,-0.41702107268800304,-0.6448763975077731,-1.0855122283488108,0.957895712411929,0.40683742795524463,-0.651135495119281,-0.4144556004615526,1.5240052928450074,-0.18368060876455033,1.1094797457525287,0.0,0.6882113771853678,1.1921382551160753,-0.7965695658503499
4134,0.929471883878261,0.41539366435009517,-1.6419009293644813,1.594172266046892,-0.41702107268800304,-0.5237295829262825,0.18718808158169664,1.1838622321677783,0.40683742795524463,-0.651135495119281,-0.4144556004615526,1.3384755870256753,0.6025958173240923,-1.2162121733666202,0.0,0.6882113771853678,1.1921382551160753,-0.7965695658503499
4135,1.0718031166720068,0.40399561115251453,-0.19891311032741552,-1.5491826869357594,0.7505454136841763,1.1117524139238428,0.9144454015419866,-0.3979034061231674,-1.7618165702686994,1.5357786628062884,2.412803684849147,1.4231288756776754,0.8770399017923932,-0.44098153366023735,0.0,2.2694999670951255,-0.5664572772702333,-0.7965695658503499
4136,1.0810899814873465,1.5001799383056975,-0.19891311032741552,-1.287236440853872,-0.41702107268800304,-1.73519772874119,-0.9764236303547674,1.1838622321677783,0.40683742795524463,-0.651135495119281,-0.4144556004615526,1.9120853305791343,5.731543152162173,-1.4100198332932161,0.0,0.6882113771853678,-0.5664572772702333,-0.7965695658503499
4137,0.970780353846232,0.6541729870241364,0.4195102406884698,0.5463872817193415,-0.41702107268800304,-0.0391423246003194,0.8417196695459577,-1.0758029653907155,0.40683742795524463,-0.651135495119281,-0.4144556004615526,1.4262746151792542,0.318672675276984,-0.6347891935868331,0.0,0.6882113771853678,1.1921382551160753,-0.41632529460566275
4138,1.0718031166720068,-0.32131218029314246,-0.19891311032741552,0.8083335278012291,2.501895143242445,-0.7054498047985186,-0.17644057839844834,-0.8498364456348662,-1.7618165702686994,-0.651135495119281,-0.4144556004615526,1.2056808608233238,0.31385121222915613,-1.0224045134400246,0.0,0.6882113771853678,2.950733787502384,-0.7965695658503499
4139,1.0491158512649539,1.1304387142691434,0.4195102406884698,1.3322260199650044,-0.41702107268800304,0.8088853774701159,-0.6855207023706513,-0.3979034061231674,0.40683742795524463,-0.651135495119281,-0.4144556004615526,0.6746771363637522,0.7017951296279407,-0.6347891935868331,0.0,0.6882113771853678,-0.5664572772702333,-0.41632529460566275
4140,0.26216000752291707,-1.8003907894530935,-0.4050542273327106,-0.7633439486900966,-0.41702107268800304,-1.8563445433226808,-1.012786496352782,1.8617617914353266,0.40683742795524463,-0.651135495119281,-0.4144556004615526,0.4624570149679573,-0.3469710390051238,-1.6038274932198118,0.0,0.6882113771853678,1.1921382551160753,-0.41632529460566275
4141,1.0602770500917396,0.74720069968976,0.6256513576937649,-0.8943170717310404,-0.41702107268800304,0.5665917483071344,0.22355094757971114,-0.6238699258790168,0.40683742795524463,-0.651135495119281,-0.4144556004615526,0.35235745172870897,0.4755129519019891,0.14044144611954992,0.0,0.6882113771853678,1.1921382551160753,-0.7965695658503499
4142,1.0107454823095763,0.9897407902377866,0.4195102406884698,1.3322260199650044,-0.41702107268800304,0.8088853774701159,-0.6491578363726369,-0.3979034061231674,0.40683742795524463,-0.651135495119281,-0.4144556004615526,0.7732120572445728,0.7111934482977064,-0.8285968535134288,0.0,0.6882113771853678,-0.5664572772702333,-0.41632529460566275
4143,1.001628117235149,-0.1369794475269101,0.6256513576937649,0.15346791259651008,-0.41702107268800304,0.990605599342352,-0.10371484640241935,-0.6238699258790168,0.40683742795524463,-0.651135495119281,-0.4144556004615526,1.1063316666686502,1.4164288825140636,0.33424910604614566,0.0,0.6882113771853678,-0.5664572772702333,-0.41632529460566275
4144,1.1047470271631492,0.44676864824832674,-0.6111953443380057,0.4154141586783977,-0.41702107268800304,0.08200448998117135,0.11446234958566764,-0.8498364456348662,0.40683742795524463,-0.651135495119281,-0.4144556004615526,1.1996734027794755,-0.006285907040979934,-0.24717387373364158,0.0,0.6882113771853678,-0.5664572772702333,-0.41632529460566275
4145,0.6323225770375916,-0.049354574360756895,-1.229618695353891,1.0702797738831167,-0.41702107268800304,0.7483119701793706,-0.9400607643567529,0.957895712411929,0.40683742795524463,1.5357786628062884,-0.4144556004615526,0.3475711883931901,-0.19904692062012597,0.33424910604614566,0.0,0.6882113771853678,1.1921382551160753,-0.7965695658503499
4146,0.9960733445503891,0.4937209534994447,0.4195102406884698,-0.8943170717310404,0.16676217049808661,1.0511790066330975,-0.28552917639249187,-0.171936886367318,0.40683742795524463,-0.651135495119281,-0.4144556004615526,0.80025743990182,2.3304246991987765,-1.2162121733666202,0.0,0.6882113771853678,-0.5664572772702333,-0.7965695658503499
4147,1.0347099405923623,0.6271903121535718,-1.6419009293644813,0.5463872817193415,-0.41702107268800304,0.14257789727191675,1.9326056494863928,0.957895712411929,0.40683742795524463,1.5357786628062884,-0.4144556004615526,-0.07348977986768505,1.0531691123917408,-0.24717387373364158,0.0,2.2694999670951255,-0.5664572772702333,-0.7965695658503499
4148,1.0718031166720068,0.16741686532808495,0.2133691236831747,-1.4182095638948156,1.9181119000563556,1.0511790066330975,0.8417196695459577,-0.6238699258790168,-1.7618165702686994,-0.651135495119281,-0.4144556004615526,1.1539440534109828,1.6571948675746118,-0.6347891935868331,0.0,2.2694999670951255,-0.5664572772702333,-0.7965695658503499
4149,0.7691629314352235,0.42024479589033237,-0.8173364613433008,0.5463872817193415,0.16676217049808661,0.6271651555978798,1.4962512575102187,-0.171936886367318,-1.7618165702686994,-0.651135495119281,-0.4144556004615526,1.1027033844767906,0.11766282708921724,-0.8285968535134288,0.0,0.6882113771853678,-0.5664572772702333,-1.176813837095037
4150,-1.2569239575369233,-1.8003907894530935,-1.229618695353891,0.4154141586783977,-0.41702107268800304,-0.3420093610540463,1.7144284534983059,0.2799961531443808,0.40683742795524463,1.5357786628062884,-0.4144556004615526,1.5029644483545346,1.5781800578712724,1.4970950656057203,0.0,0.6882113771853678,-0.5664572772702333,-0.7965695658503499
4151,0.3825918889051314,0.06539001342765689,-0.6111953443380057,-0.6323708256491528,-0.41702107268800304,-1.73519772874119,-0.8309721663627093,0.2799961531443808,0.40683742795524463,-0.651135495119281,-0.4144556004615526,1.5006784917811036,-0.021721385341608765,0.14044144611954992,0.0,0.6882113771853678,1.1921382551160753,-0.03608102336097565
4152,1.0591175740825938,-0.842700766448917,-1.4357598123591861,0.9393066508421729,-0.41702107268800304,0.14257789727191675,-0.6127949703746224,0.7319291926560796,0.40683742795524463,-0.651135495119281,-0.4144556004615526,5.10362496910656,0.8884331771924392,0.915672085825933,0.0,0.6882113771853678,-0.5664572772702333,-0.03608102336097565
4153,0.9836215257033989,0.3722343157201978,-1.8480420463697762,0.5463872817193415,-0.41702107268800304,-0.09971573189106478,1.7507913194963203,0.2799961531443808,0.40683742795524463,1.5357786628062884,-0.4144556004615526,0.0062189611606060955,1.2957517956821847,-0.44098153366023735,0.0,2.2694999670951255,-0.5664572772702333,-0.7965695658503499
4154,0.970780353846232,0.8575876089204505,0.4195102406884698,1.2012528969240606,-0.41702107268800304,0.7483119701793706,-0.5764321043766079,-0.6238699258790168,-1.7618165702686994,1.5357786628062884,-0.4144556004615526,0.9357276607828473,0.7438571462326442,-0.8285968535134288,0.0,0.6882113771853678,-0.5664572772702333,-0.41632529460566275
4155,1.0718031166720068,-0.32131218029314246,-0.6111953443380057,1.0702797738831167,1.334328656870266,-0.6448763975077731,-0.06735198040440485,-0.3979034061231674,-1.7618165702686994,-0.651135495119281,-0.4144556004615526,1.2357621547814102,0.40698289510738517,-1.0224045134400246,0.0,0.6882113771853678,2.950733787502384,-0.7965695658503499
4156,1.1026461958616,1.8483543170636672,0.4195102406884698,0.9393066508421729,-0.41702107268800304,0.6877385628886251,-0.39461777438653534,-0.8498364456348662,0.40683742795524463,-0.651135495119281,-0.4144556004615526,0.42067431628517954,0.46147883472863227,-0.44098153366023735,0.0,0.6882113771853678,-0.5664572772702333,-0.7965695658503499
4157,-0.7271667399050905,-0.14275934679166646,0.83179247469906,2.3800110042925544,-0.41702107268800304,0.20315130456266212,-0.5400692383785933,-0.6238699258790168,0.40683742795524463,-0.651135495119281,-0.4144556004615526,0.9692171127966819,0.7048131012530118,1.1094797457525287,0.0,0.6882113771853678,-0.5664572772702333,-1.176813837095037
4158,-0.6623022174532486,1.7707154634603752,-0.4050542273327106,-0.6323708256491528,-0.41702107268800304,-1.0688902485429908,-1.1218750943468254,-0.3979034061231674,0.40683742795524463,1.5357786628062884,2.412803684849147,0.7282044429455325,-0.17096289473836615,-1.7976351531464076,0.0,2.2694999670951255,-0.5664572772702333,-0.41632529460566275
4159,-0.5938717460525194,0.800413367947804,0.83179247469906,2.5109841273334985,-0.41702107268800304,0.38487152643489825,-0.6855207023706513,-0.3979034061231674,0.40683742795524463,1.5357786628062884,-0.4144556004615526,0.7425883797862525,0.07461394894700224,1.1094797457525287,0.0,2.2694999670951255,-0.5664572772702333,-1.176813837095037
4160,-0.47546613139785354,0.03924489514953181,0.83179247469906,-0.23945145652632133,-0.41702107268800304,0.6271651555978798,-0.43098064038454986,-0.171936886367318,0.40683742795524463,-0.651135495119281,-0.4144556004615526,0.008223324977162346,0.5759658527453605,1.3032874056791244,0.0,0.6882113771853678,-0.5664572772702333,-1.176813837095037
4161,1.0718031166720068,0.8123032714970676,0.4195102406884698,0.8083335278012291,-0.41702107268800304,0.9300321920516067,-0.030989114406390354,-1.301769485146565,0.40683742795524463,-0.651135495119281,-0.4144556004615526,0.3956545446563562,0.362023694427613,0.14044144611954992,0.0,0.6882113771853678,-0.5664572772702333,-1.176813837095037
4162,1.0826001806927117,0.670293783194155,0.007228006677879595,0.2844410356374539,-0.41702107268800304,-0.0391423246003194,-0.7582464343666804,-0.6238699258790168,0.40683742795524463,-0.651135495119281,-0.4144556004615526,1.2427208799469784,0.4360401278705145,0.14044144611954992,0.0,0.6882113771853678,-0.5664572772702333,-0.7965695658503499
4163,0.970780353846232,0.25231970632883977,0.6256513576937649,0.15346791259651008,-0.41702107268800304,1.0511790066330975,-0.030989114406390354,-0.8498364456348662,0.40683742795524463,-0.651135495119281,-0.4144556004615526,1.235765636271372,1.2770800050294384,-0.053366213807045836,0.0,0.6882113771853678,-0.5664572772702333,-0.41632529460566275
4164,1.0966956315999947,1.3049060572022666,0.4195102406884698,1.3322260199650044,-0.41702107268800304,0.8088853774701159,-0.7582464343666804,-0.3979034061231674,0.40683742795524463,-0.651135495119281,-0.4144556004615526,0.5524924918456784,0.6901410864169886,-0.24717387373364158,0.0,0.6882113771853678,-0.5664572772702333,-0.03608102336097565
4165,0.8373938247319358,0.4781089432805303,-1.6419009293644813,-0.37042457956726516,-0.41702107268800304,0.38487152643489825,1.8235170514923493,0.957895712411929,0.40683742795524463,-0.651135495119281,-0.4144556004615526,1.1175373404091966,0.17080073143227137,-0.44098153366023735,0.0,0.6882113771853678,-0.5664572772702333,-0.7965695658503499
4166,1.0360415607548463,1.0824974100014082,0.4195102406884698,1.3322260199650044,-0.41702107268800304,0.8088853774701159,-0.6855207023706513,-0.3979034061231674,0.40683742795524463,-0.651135495119281,-0.4144556004615526,0.7082518508129279,0.7049975056264097,-0.6347891935868331,0.0,0.6882113771853678,-0.5664572772702333,-0.41632529460566275
4167,1.0718031166720068,0.5278760029233228,0.2133691236831747,-0.37042457956726516,0.7505454136841763,-0.22086254647255554,1.0598968655340446,-0.8498364456348662,-1.7618165702686994,-0.651135495119281,-0.4144556004615526,1.0746135889931647,2.632197807890822,-0.24717387373364158,0.0,2.2694999670951255,-0.5664572772702333,-0.7965695658503499
4168,1.0845492884385721,0.43664243870439134,-0.6111953443380057,0.4154141586783977,-0.41702107268800304,-0.0391423246003194,0.40536527756978363,-0.6238699258790168,0.40683742795524463,-0.651135495119281,-0.4144556004615526,1.2418267272267598,-0.1706815547798241,-0.053366213807045836,0.0,0.6882113771853678,-0.5664572772702333,-0.03608102336097565
4169,0.30486590107301353,0.11764031858009721,0.007228006677879595,-0.6323708256491528,0.7505454136841763,0.8088853774701159,2.0053313814824216,0.7319291926560796,-1.7618165702686994,-0.651135495119281,-0.4144556004615526,0.7321033250939544,-0.026058973334178677,-0.44098153366023735,0.0,0.6882113771853678,-0.5664572772702333,-0.03608102336097565
4170,0.2904500591462143,1.9875590509438186,-0.19891311032741552,-1.156263317812928,-0.41702107268800304,-1.0688902485429908,-1.1218750943468254,-0.171936886367318,0.40683742795524463,1.5357786628062884,2.412803684849147,0.15465945741530876,-0.3156704402540453,-1.7976351531464076,0.0,2.2694999670951255,-0.5664572772702333,-0.7965695658503499
4171,0.017095316722317847,0.31175965091681823,-1.0234775783485959,0.6773604047602854,-0.41702107268800304,-0.4025827683447917,-0.8309721663627093,1.1838622321677783,0.40683742795524463,1.5357786628062884,-0.4144556004615526,2.2778712244689037,-0.395238514664023,-0.6347891935868331,0.0,2.2694999670951255,-0.5664572772702333,-0.7965695658503499
4172,1.004245072387962,0.4751558275028797,0.007228006677879595,-0.7633439486900966,-0.41702107268800304,0.9300321920516067,-0.21280344439646284,-0.171936886367318,0.40683742795524463,-0.651135495119281,-0.4144556004615526,0.1418761284892891,0.6940138827567376,-0.44098153366023735,0.0,0.6882113771853678,1.1921382551160753,-0.7965695658503499
4173,-0.7075265581497615,-0.0037887597594306256,1.2440747087096502,2.2490378812516107,-0.41702107268800304,-0.0391423246003194,-0.24916631039447737,-0.8498364456348662,0.40683742795524463,-0.651135495119281,-0.4144556004615526,0.9358247896594175,0.6119572067020599,1.1094797457525287,0.0,0.6882113771853678,-0.5664572772702333,-1.176813837095037
4174,0.3988473678849313,0.5336785705515674,-1.8480420463697762,-0.5013977026082089,-0.41702107268800304,1.2328992285053335,-1.1218750943468254,0.957895712411929,0.40683742795524463,1.5357786628062884,-0.4144556004615526,-0.0976509103424932,-0.04014462562682107,-0.8285968535134288,0.0,0.6882113771853678,1.1921382551160753,-1.176813837095037
4175,0.7790876445878138,0.31031523405185973,-1.229618695353891,1.0702797738831167,-0.41702107268800304,-0.7660232120892639,0.07809948358765315,0.7319291926560796,0.40683742795524463,-0.651135495119281,-0.4144556004615526,1.5586052601331535,0.6939409223789508,-0.8285968535134288,0.0,0.6882113771853678,1.1921382551160753,-0.41632529460566275
4176,1.0718031166720068,0.22428870014339314,-0.19891311032741552,-1.811128933017647,0.7505454136841763,1.475192857668315,0.9508082675400011,-0.3979034061231674,-1.7618165702686994,1.5357786628062884,2.412803684849147,1.218654155298583,0.8770399017923932,-0.6347891935868331,0.0,2.2694999670951255,-0.5664572772702333,-0.7965695658503499
4177,0.5138513120822684,1.399092407080728,0.4195102406884698,-0.10847833348537753,-0.41702107268800304,-0.5237295829262825,-1.1218750943468254,0.2799961531443808,0.40683742795524463,-0.651135495119281,-0.4144556004615526,1.2432962427248597,-0.1479205019438206,1.3032874056791244,0.0,2.2694999670951255,1.1921382551160753,-0.7965695658503499
4178,0.9975884361315355,0.22198579007987787,-0.19891311032741552,-1.811128933017647,-0.41702107268800304,1.3540460430868244,0.8417196695459577,-0.3979034061231674,-1.7618165702686994,-0.651135495119281,-0.4144556004615526,0.318095629937354,1.2294328344010723,-0.24717387373364158,0.0,0.6882113771853678,-0.5664572772702333,-0.7965695658503499
4179,0.2604414333402978,0.7467333058241572,-0.6111953443380057,-0.10847833348537753,-0.41702107268800304,-0.8265966193800093,-0.7946093003646949,-0.6238699258790168,0.40683742795524463,1.5357786628062884,2.412803684849147,0.6678670189123107,-0.3047648972090689,1.4970950656057203,0.0,0.6882113771853678,2.950733787502384,0.34416324788371144
4180,0.17750565477263483,0.4616904489052878,-0.8173364613433008,-0.23945145652632133,-0.41702107268800304,0.506018341016389,2.1144199794764655,1.6357952716794772,0.40683742795524463,-0.651135495119281,-0.4144556004615526,1.1534208586187018,-0.10192115221455197,-0.6347891935868331,0.0,0.6882113771853678,-0.5664572772702333,-0.41632529460566275
4181,0.017095316722317847,0.4856824289456137,-1.0234775783485959,0.6773604047602854,-0.41702107268800304,-0.3420093610540463,-0.8673350323607238,1.4098287519236279,0.40683742795524463,1.5357786628062884,-0.4144556004615526,2.0327485109305568,-0.7941009599645397,-0.6347891935868331,0.0,0.6882113771853678,-0.5664572772702333,-0.41632529460566275
4182,1.1158265505222027,1.3065278056060317,0.4195102406884698,1.3322260199650044,0.16676217049808661,0.20315130456266212,1.3871626595161752,-0.6238699258790168,0.40683742795524463,-0.651135495119281,-0.4144556004615526,0.3945495308947042,0.7668808663961229,-0.24717387373364158,0.0,0.6882113771853678,1.1921382551160753,0.34416324788371144
4183,0.44214875747757837,0.07032548605655001,-1.4357598123591861,0.15346791259651008,-0.41702107268800304,0.6271651555978798,0.6235424735578706,0.5059626729002302,0.40683742795524463,-0.651135495119281,-0.4144556004615526,1.4364184006783256,1.0304746193939072,0.33424910604614566,0.0,0.6882113771853678,-0.5664572772702333,-0.41632529460566275
4184,0.9464818073456315,0.812304960631938,0.6256513576937649,0.9393066508421729,-0.41702107268800304,0.32429811914415285,0.6962682055538997,-1.0758029653907155,-1.7618165702686994,-0.651135495119281,-0.4144556004615526,1.2286281240268617,-0.03685802419780474,-1.0224045134400246,0.0,0.6882113771853678,1.1921382551160753,-0.7965695658503499
4185,0.970780353846232,0.3735262093476986,0.6256513576937649,-0.6323708256491528,0.16676217049808661,0.6877385628886251,-0.06735198040440485,0.2799961531443808,0.40683742795524463,-0.651135495119281,-0.4144556004615526,0.7205359617865114,1.1790028645158175,-0.8285968535134288,0.0,0.6882113771853678,1.1921382551160753,-0.41632529460566275
4186,0.14578197117497507,0.16229758534520444,-0.8173364613433008,0.2844410356374539,-0.41702107268800304,0.7483119701793706,0.6599053395558852,0.957895712411929,0.40683742795524463,-0.651135495119281,-0.4144556004615526,0.041055262517092274,0.4498692687864957,0.915672085825933,0.0,0.6882113771853678,1.1921382551160753,-0.03608102336097565
4187,0.5052376871977786,0.015404675073816522,-1.229618695353891,1.0702797738831167,-0.41702107268800304,0.8694587847608612,-0.9764236303547674,0.2799961531443808,0.40683742795524463,-0.651135495119281,-0.4144556004615526,0.4244719351728358,-0.2719936218406668,0.7218644258993372,0.0,0.6882113771853678,2.950733787502384,-1.176813837095037
4188,0.2126504175947143,0.13325266923947396,0.4195102406884698,-1.156263317812928,-0.41702107268800304,-1.9169179506134262,0.005373751591624148,-0.6238699258790168,0.40683742795524463,-0.651135495119281,-0.4144556004615526,-0.16627756957927295,0.015551799804057832,0.14044144611954992,0.0,0.6882113771853678,1.1921382551160753,-0.41632529460566275
4189,1.137132900776744,1.7736557997854723,0.6256513576937649,1.0702797738831167,0.7505454136841763,0.5665917483071344,1.5326141235082333,-0.8498364456348662,0.40683742795524463,-0.651135495119281,-0.4144556004615526,0.4905020102010613,0.36000038107219323,0.5280567659727414,0.0,0.6882113771853678,1.1921382551160753,0.34416324788371144
4190,0.3606645550316905,0.1310651077483471,-1.229618695353891,0.8083335278012291,-0.41702107268800304,0.6877385628886251,-0.9764236303547674,0.2799961531443808,0.40683742795524463,1.5357786628062884,-0.4144556004615526,0.35031806294258117,-0.3006863583144069,0.915672085825933,0.0,2.2694999670951255,1.1921382551160753,-0.7965695658503499
4191,-0.5473950753839781,0.6721123629988698,0.83179247469906,1.463199143005948,0.16676217049808661,0.38487152643489825,-0.32189204239050634,-0.6238699258790168,0.40683742795524463,-0.651135495119281,-0.4144556004615526,-0.003135430852277125,-0.39308918447763175,1.1094797457525287,0.0,0.6882113771853678,-0.5664572772702333,-0.7965695658503499
4192,0.10467683665019152,0.6203327259516672,-1.229618695353891,-0.23945145652632133,-0.41702107268800304,0.5665917483071344,2.1144199794764655,1.8617617914353266,0.40683742795524463,-0.651135495119281,-0.4144556004615526,1.1564516175952784,-0.009458061333789776,-0.24717387373364158,0.0,0.6882113771853678,-0.5664572772702333,-0.7965695658503499
4193,0.4914537237481896,0.2539470728265912,0.2133691236831747,1.0702797738831167,-0.41702107268800304,0.8694587847608612,1.4235255255141899,-0.3979034061231674,-1.7618165702686994,-0.651135495119281,-0.4144556004615526,1.1065377581162104,-0.10725310306967704,-1.4100198332932161,0.0,0.6882113771853678,-0.5664572772702333,-1.176813837095037
4194,0.829593344556612,0.23322181559062244,0.007228006677879595,-0.37042457956726516,0.16676217049808661,0.6271651555978798,1.0598968655340446,0.0540296333885314,0.40683742795524463,-0.651135495119281,-0.4144556004615526,2.8040133903303,0.45387525144421015,-0.24717387373364158,0.0,2.2694999670951255,-0.5664572772702333,-1.176813837095037
4195,0.30486590107301353,-1.7467420444028745,-0.8173364613433008,-1.0252901947719841,-0.41702107268800304,-0.09971573189106478,0.29627667957574016,0.957895712411929,0.40683742795524463,-0.651135495119281,-0.4144556004615526,1.5236403084256347,0.48562417144162623,-1.2162121733666202,0.0,0.6882113771853678,1.1921382551160753,-0.41632529460566275
4196,-0.8681178624591429,1.7238724341447296,-0.4050542273327106,-0.5013977026082089,-0.41702107268800304,-1.0688902485429908,-1.1218750943468254,-0.3979034061231674,0.40683742795524463,1.5357786628062884,2.412803684849147,0.8521028938189548,-0.1397028520714201,-1.7976351531464076,0.0,2.2694999670951255,-0.5664572772702333,-0.41632529460566275
4197,1.0701201296141114,0.480920339497817,-0.4050542273327106,-0.6323708256491528,-0.41702107268800304,-1.0688902485429908,-0.9400607643567529,1.6357952716794772,0.40683742795524463,1.5357786628062884,-0.4144556004615526,0.6240136859332736,0.8770847315949319,0.33424910604614566,0.0,0.6882113771853678,-0.5664572772702333,-1.176813837095037
4198,-1.103526259823254,-0.118794823824568,-1.4357598123591861,2.118064758210667,-0.41702107268800304,-0.28143595376330094,0.8417196695459577,0.7319291926560796,0.40683742795524463,-0.651135495119281,-0.4144556004615526,0.8166159304141483,2.517885357427914,1.690902725532316,0.0,0.6882113771853678,1.1921382551160753,-0.41632529460566275
4199,1.020448610468393,0.7712651818046952,0.6256513576937649,0.5463872817193415,0.16676217049808661,0.32429811914415285,-0.5400692383785933,-1.0758029653907155,-1.7618165702686994,-0.651135495119281,-0.4144556004615526,1.1955377187103573,0.5670950420255078,-0.053366213807045836,0.0,0.6882113771853678,-0.5664572772702333,-0.7965695658503499
4200,0.9715099430638102,0.9276639722155687,0.6256513576937649,0.6773604047602854,0.7505454136841763,0.6271651555978798,-0.32189204239050634,-1.0758029653907155,-1.7618165702686994,-0.651135495119281,-0.4144556004615526,1.235174718512341,0.8538911641110993,-0.24717387373364158,0.0,0.6882113771853678,-0.5664572772702333,-0.7965695658503499
4201,1.132818009113236,0.27511991492217625,-1.229618695353891,0.2844410356374539,-0.41702107268800304,-0.16028913918181015,0.29627667957574016,-0.6238699258790168,0.40683742795524463,-0.651135495119281,-0.4144556004615526,1.238638653764397,-0.20355200336553342,0.33424910604614566,0.0,0.6882113771853678,-0.5664572772702333,-0.03608102336097565
4202,0.4466034523010239,0.26546949853087337,0.4195102406884698,1.2012528969240606,-0.41702107268800304,0.8694587847608612,1.2780740615221318,-0.8498364456348662,-1.7618165702686994,-0.651135495119281,-0.4144556004615526,0.9879473810499684,-0.06393948005959627,-1.2162121733666202,0.0,0.6882113771853678,-0.5664572772702333,-1.176813837095037
4203,0.5138513120822684,0.23181189417650847,0.83179247469906,-1.156263317812928,-0.41702107268800304,-1.3111838777059723,-1.1218750943468254,-0.6238699258790168,0.40683742795524463,-0.651135495119281,-0.4144556004615526,-0.1246499178167673,1.5100188281984996,-1.6038274932198118,0.0,2.2694999670951255,-0.5664572772702333,-1.176813837095037
4204,0.48055345786901027,0.8607087080541147,-2.0541831633750713,-0.37042457956726516,-0.41702107268800304,0.506018341016389,1.9326056494863928,1.4098287519236279,0.40683742795524463,-0.651135495119281,-0.4144556004615526,1.1346737691913,0.32235245364115267,0.14044144611954992,0.0,0.6882113771853678,-0.5664572772702333,-1.176813837095037
4205,1.0718031166720068,1.2213734553394187,0.4195102406884698,0.8083335278012291,-0.41702107268800304,0.8694587847608612,-0.06735198040440485,-1.301769485146565,0.40683742795524463,-0.651135495119281,-0.4144556004615526,0.3956545446563562,0.333704644168655,-0.053366213807045836,0.0,0.6882113771853678,-0.5664572772702333,-1.176813837095037
4206,0.6534561834521285,0.25927086086233336,-1.4357598123591861,0.6773604047602854,-0.41702107268800304,-0.16028913918181015,0.07809948358765315,1.6357952716794772,0.40683742795524463,-0.651135495119281,-0.4144556004615526,1.1231520294861392,-0.5090987349183436,-1.0224045134400246,0.0,0.6882113771853678,-0.5664572772702333,-1.176813837095037
4207,1.1026294469843472,1.1147069840948174,-0.4050542273327106,0.9393066508421729,-0.41702107268800304,0.32429811914415285,1.7144284534983059,0.2799961531443808,0.40683742795524463,-0.651135495119281,-0.4144556004615526,0.14232022592904142,0.7841767993386228,-0.053366213807045836,0.0,0.6882113771853678,1.1921382551160753,-0.41632529460566275
4208,1.0139475241941163,1.0014821588532459,0.4195102406884698,1.3322260199650044,-0.41702107268800304,0.8088853774701159,-0.6855207023706513,-0.3979034061231674,0.40683742795524463,-0.651135495119281,-0.4144556004615526,0.764989229256727,0.7104091501310705,-0.6347891935868331,0.0,0.6882113771853678,-0.5664572772702333,-0.41632529460566275
4209,1.0870154568732902,1.4249373665395064,-0.4050542273327106,-1.156263317812928,-0.41702107268800304,-1.73519772874119,-0.9764236303547674,0.957895712411929,0.40683742795524463,-0.651135495119281,-0.4144556004615526,2.000630612912992,5.262537131842347,-1.2162121733666202,0.0,0.6882113771853678,-0.5664572772702333,-0.7965695658503499
4210,0.017095316722317847,0.4999117832500188,-0.6111953443380057,-0.37042457956726516,-0.41702107268800304,-0.8871700266707547,-0.9036978983587384,1.6357952716794772,0.40683742795524463,1.5357786628062884,-0.4144556004615526,1.5443886078852862,-0.6340769517446164,0.14044144611954992,0.0,0.6882113771853678,-0.5664572772702333,-0.41632529460566275
4211,0.970780353846232,0.44397035798267437,-1.8480420463697762,0.15346791259651008,-0.41702107268800304,-0.22086254647255554,1.6780655875002912,0.7319291926560796,0.40683742795524463,-0.651135495119281,-0.4144556004615526,0.15716254265954127,1.3567254221388998,-0.44098153366023735,0.0,2.2694999670951255,-0.5664572772702333,-0.41632529460566275
4212,-1.1289706891393554,-1.75458767831507,-0.6111953443380057,-1.4182095638948156,-0.41702107268800304,-0.0391423246003194,0.5144538755638272,0.5059626729002302,0.40683742795524463,-0.651135495119281,-0.4144556004615526,1.856193845010864,-0.14770332349906992,0.915672085825933,0.0,0.6882113771853678,1.1921382551160753,0.34416324788371144
4213,1.0450744435304251,0.2825852472358989,0.4195102406884698,-1.287236440853872,0.16676217049808661,0.8694587847608612,-0.4673435063825644,-0.3979034061231674,0.40683742795524463,-0.651135495119281,-0.4144556004615526,0.6538239128849593,2.5256875866241417,-1.0224045134400246,0.0,0.6882113771853678,-0.5664572772702333,-0.7965695658503499
4214,-0.10257763060275459,-0.8246100819516354,0.007228006677879595,-0.8943170717310404,-0.41702107268800304,-1.3111838777059723,-0.9764236303547674,0.0540296333885314,0.40683742795524463,-0.651135495119281,-0.4144556004615526,0.05288739968753038,0.14093216316796012,-0.24717387373364158,0.0,0.6882113771853678,1.1921382551160753,-1.176813837095037
4215,1.0718031166720068,0.27067096769867316,-0.19891311032741552,-1.811128933017647,0.7505454136841763,1.3540460430868244,0.9508082675400011,-0.3979034061231674,-1.7618165702686994,1.5357786628062884,2.412803684849147,1.2714289825751628,0.8770399017923932,-0.6347891935868331,0.0,2.2694999670951255,-0.5664572772702333,-0.7965695658503499
4216,1.0017435684862401,0.20014672729054414,0.2133691236831747,-0.5013977026082089,3.085678386428535,-0.3420093610540463,-0.39461777438653534,-1.5277360049024145,-1.7618165702686994,1.5357786628062884,-0.4144556004615526,1.4993180700538882,0.6768246206848603,-1.0224045134400246,0.0,0.6882113771853678,-0.5664572772702333,-0.7965695658503499
4217,1.0718031166720068,1.521867550126175,0.007228006677879595,-0.7633439486900966,-0.41702107268800304,-1.250610470415227,-1.012786496352782,-0.8498364456348662,0.40683742795524463,-0.651135495119281,-0.4144556004615526,0.3796484033599244,4.221705356118785,-1.7976351531464076,0.0,2.2694999670951255,-0.5664572772702333,-0.7965695658503499
4218,0.009756664698594344,0.4614288432314168,-0.8173364613433008,0.15346791259651008,-0.41702107268800304,-0.46315617563553707,-0.7582464343666804,-0.3979034061231674,0.40683742795524463,1.5357786628062884,2.412803684849147,0.41921167994835284,-0.3469151952508915,1.690902725532316,0.0,0.6882113771853678,1.1921382551160753,-0.03608102336097565
4219,0.970780353846232,0.24169736485609505,0.4195102406884698,-1.156263317812928,-0.41702107268800304,0.2637247118534075,0.5871796075598562,-0.171936886367318,0.40683742795524463,-0.651135495119281,-0.4144556004615526,0.0161675861684053,1.3567254221388998,0.14044144611954992,0.0,0.6882113771853678,1.1921382551160753,-0.41632529460566275
4220,0.016174519946823156,1.0837360552278,-2.0541831633750713,-0.23945145652632133,-0.41702107268800304,0.6271651555978798,2.1871457114724944,2.087728311191176,0.40683742795524463,-0.651135495119281,-0.4144556004615526,1.0132588282664996,0.3518266021231767,0.5280567659727414,0.0,2.2694999670951255,1.1921382551160753,-1.176813837095037
4221,0.5510141129843156,0.6245636399993357,0.6256513576937649,-0.10847833348537753,-0.41702107268800304,-0.7054498047985186,-1.0855122283488108,-0.8498364456348662,0.40683742795524463,-0.651135495119281,-0.4144556004615526,3.1131803706206242,0.7913804730483811,-1.2162121733666202,0.0,0.6882113771853678,-0.5664572772702333,-0.03608102336097565
4222,1.0562085085980921,0.7166826018314129,-0.8173364613433008,-0.7633439486900966,0.7505454136841763,-0.09971573189106478,-0.6855207023706513,0.0540296333885314,-1.7618165702686994,1.5357786628062884,-0.4144556004615526,1.664273246464373,1.0830021074598721,0.14044144611954992,0.0,0.6882113771853678,1.1921382551160753,-0.41632529460566275
4223,1.0718031166720068,0.5208601678150063,-0.19891311032741552,-1.4182095638948156,0.16676217049808661,0.9300321920516067,0.9144454015419866,-0.6238699258790168,-1.7618165702686994,1.5357786628062884,2.412803684849147,1.5561000976056782,0.8770399017923932,-0.24717387373364158,0.0,2.2694999670951255,-0.5664572772702333,-0.7965695658503499
4224,1.125543775554306,1.900840016432668,0.2133691236831747,0.6773604047602854,0.16676217049808661,0.8088853774701159,1.8235170514923493,-0.6238699258790168,0.40683742795524463,-0.651135495119281,-0.4144556004615526,0.4190679176402,0.15421751128542535,1.1094797457525287,0.0,2.2694999670951255,1.1921382551160753,-0.03608102336097565
4225,-0.7971143895574124,-0.6376970237849552,1.2440747087096502,2.2490378812516107,-0.41702107268800304,-0.0391423246003194,-0.24916631039447737,-0.8498364456348662,0.40683742795524463,-0.651135495119281,-0.4144556004615526,1.088142413436976,1.035515314761843,1.1094797457525287,0.0,0.6882113771853678,-0.5664572772702333,-1.176813837095037
4226,0.6708731044841235,0.30081173511739473,0.4195102406884698,-0.7633439486900966,-0.41702107268800304,-1.1900370631244817,-1.1218750943468254,-0.6238699258790168,0.40683742795524463,-0.651135495119281,-0.4144556004615526,0.29042267155006773,0.8941977292800517,-1.7976351531464076,0.0,2.2694999670951255,-0.5664572772702333,-1.176813837095037
4227,0.017095316722317847,0.49441386541172916,-0.8173364613433008,0.022494789555566278,-0.41702107268800304,-0.7054498047985186,-0.9036978983587384,1.6357952716794772,0.40683742795524463,1.5357786628062884,-0.4144556004615526,1.733080418140293,-0.6959068022441982,-0.053366213807045836,0.0,0.6882113771853678,-0.5664572772702333,-0.41632529460566275
4228,0.7061410158536068,0.37547797731192645,-0.6111953443380057,-0.37042457956726516,-0.41702107268800304,-1.3717572849967177,-0.4673435063825644,-0.171936886367318,0.40683742795524463,-0.651135495119281,-0.4144556004615526,2.3135827880710336,0.9248583018790353,0.14044144611954992,0.0,0.6882113771853678,1.1921382551160753,-0.03608102336097565
4229,1.071098921832312,0.6501765328086944,0.4195102406884698,0.6773604047602854,-0.41702107268800304,0.44544493372564364,-0.14007771240043385,-1.301769485146565,-1.7618165702686994,-0.651135495119281,-0.4144556004615526,1.154514403447096,0.2296383200127447,-0.8285968535134288,0.0,0.6882113771853678,-0.5664572772702333,-0.7965695658503499
4230,0.29316372683378983,-0.14317643113123846,0.6256513576937649,-1.156263317812928,-0.41702107268800304,-1.432330692287463,-1.0855122283488108,-0.6238699258790168,0.40683742795524463,-0.651135495119281,-0.4144556004615526,-0.12459552747167169,1.176623066776042,-1.0224045134400246,0.0,0.6882113771853678,-0.5664572772702333,-1.176813837095037
4231,0.04455420843347099,0.45910111377207086,-1.0234775783485959,0.15346791259651008,-0.41702107268800304,-0.6448763975077731,-0.7218835683686659,-0.3979034061231674,0.40683742795524463,1.5357786628062884,2.412803684849147,0.49816950260670323,-0.3404902470433622,1.690902725532316,0.0,0.6882113771853678,2.950733787502384,0.34416324788371144
4232,0.12672293124363238,-0.24701916816496025,0.6256513576937649,-1.156263317812928,-0.41702107268800304,-1.9774913579041715,-1.0855122283488108,0.0540296333885314,0.40683742795524463,1.5357786628062884,2.412803684849147,-0.261984482666427,0.29131788144548565,-0.6347891935868331,0.0,2.2694999670951255,-0.5664572772702333,-1.176813837095037
4233,-0.539395285255009,1.798688716066577,-0.4050542273327106,-0.6323708256491528,-0.41702107268800304,-1.0688902485429908,-1.1218750943468254,-0.3979034061231674,0.40683742795524463,1.5357786628062884,2.412803684849147,0.6542160029485128,-0.18963045494483335,-1.7976351531464076,0.0,2.2694999670951255,-0.5664572772702333,-0.41632529460566275
4234,0.8641398001311604,0.7847442593009732,-1.6419009293644813,0.6773604047602854,-0.41702107268800304,0.44544493372564364,2.1144199794764655,0.957895712411929,0.40683742795524463,1.5357786628062884,-0.4144556004615526,-0.06439025608337871,0.6248635162356575,0.14044144611954992,0.0,2.2694999670951255,1.1921382551160753,-0.7965695658503499
4235,-0.5662421456900585,0.7633905022226681,1.037933591704355,1.8561185121287795,-0.41702107268800304,0.08200448998117135,-0.21280344439646284,-0.8498364456348662,0.40683742795524463,-0.651135495119281,-0.4144556004615526,0.3565083756978509,-0.18213824312792967,1.1094797457525287,0.0,0.6882113771853678,-0.5664572772702333,-1.176813837095037
4236,1.0718031166720068,-0.2650702968345651,-1.229618695353891,1.0702797738831167,-0.41702107268800304,0.14257789727191675,-0.7218835683686659,2.3136948309470253,0.40683742795524463,-0.651135495119281,-0.4144556004615526,0.12706037477101836,0.10516138807229779,-1.0224045134400246,0.0,0.6882113771853678,-0.5664572772702333,-0.7965695658503499
4237,0.6460028269823805,0.2755691598869336,0.6256513576937649,-0.6323708256491528,-0.41702107268800304,0.8694587847608612,0.07809948358765315,-0.171936886367318,0.40683742795524463,-0.651135495119281,-0.4144556004615526,0.02561771959143333,0.34985228681449404,-1.2162121733666202,0.0,0.6882113771853678,1.1921382551160753,-1.176813837095037
4238,0.3416421023832282,0.0005277397023142909,0.2133691236831747,0.15346791259651008,0.16676217049808661,0.8088853774701159,1.6417027215022768,1.1838622321677783,0.40683742795524463,-0.651135495119281,-0.4144556004615526,1.0893773529517388,0.23805745203039058,-0.8285968535134288,0.0,0.6882113771853678,1.1921382551160753,-0.7965695658503499
4239,1.0252418402345693,-0.031193485843971837,-0.8173364613433008,0.2844410356374539,-0.41702107268800304,0.5665917483071344,-0.5764321043766079,1.4098287519236279,0.40683742795524463,1.5357786628062884,2.412803684849147,0.040266019967217105,0.4467745835394249,-0.8285968535134288,0.0,0.6882113771853678,-0.5664572772702333,-0.7965695658503499
4240,0.970780353846232,1.593943662355602,0.007228006677879595,1.594172266046892,-0.41702107268800304,0.6877385628886251,-1.012786496352782,0.2799961531443808,0.40683742795524463,1.5357786628062884,2.412803684849147,1.2392605989874037,0.7209823823945722,-0.44098153366023735,0.0,2.2694999670951255,-0.5664572772702333,-0.41632529460566275
4241,1.0266801182940448,0.20059511907963856,0.83179247469906,-0.8943170717310404,1.334328656870266,0.14257789727191675,0.5871796075598562,-0.6238699258790168,-1.7618165702686994,-0.651135495119281,-0.4144556004615526,0.6457428891405976,2.0624931513999307,-0.44098153366023735,0.0,2.2694999670951255,-0.5664572772702333,-0.7965695658503499
4242,0.41450366182852894,1.216401970679947,-0.19891311032741552,0.15346791259651008,-0.41702107268800304,-0.5237295829262825,-1.0855122283488108,0.957895712411929,0.40683742795524463,-0.651135495119281,-0.4144556004615526,1.6406301751293,-0.23718960597063368,0.915672085825933,0.0,2.2694999670951255,1.1921382551160753,-0.7965695658503499
4243,1.0991813875930005,0.7667966336009953,-0.6111953443380057,0.022494789555566278,-0.41702107268800304,-0.0391423246003194,-0.7946093003646949,0.0540296333885314,0.40683742795524463,-0.651135495119281,-0.4144556004615526,1.3790567325381613,0.6974287803814414,0.33424910604614566,0.0,0.6882113771853678,-0.5664572772702333,-0.7965695658503499
4244,1.0718031166720068,-0.15060444482890523,-1.6419009293644813,1.463199143005948,-0.41702107268800304,-0.46315617563553707,0.11446234958566764,1.1838622321677783,0.40683742795524463,-0.651135495119281,-0.4144556004615526,1.31175814911158,0.6278541429658766,-1.0224045134400246,0.0,0.6882113771853678,1.1921382551160753,-0.7965695658503499
4245,1.0053115606897094,0.8895698322780637,0.6256513576937649,0.8083335278012291,0.16676217049808661,0.7483119701793706,-0.24916631039447737,-1.0758029653907155,-1.7618165702686994,-0.651135495119281,-0.4144556004615526,0.9486021390099791,0.6887730020311315,-0.053366213807045836,0.0,0.6882113771853678,-0.5664572772702333,-0.7965695658503499
4246,1.120265412185122,0.8895059444143267,-1.229618695353891,-0.37042457956726516,-0.41702107268800304,-0.0391423246003194,-0.8309721663627093,0.957895712411929,0.40683742795524463,-0.651135495119281,-0.4144556004615526,1.5524161560171819,1.0298005317734364,0.915672085825933,0.0,0.6882113771853678,1.1921382551160753,-0.41632529460566275
4247,0.583016979938721,0.13370044500379702,-0.8173364613433008,0.15346791259651008,-0.41702107268800304,0.6877385628886251,0.5144538755638272,0.0540296333885314,0.40683742795524463,-0.651135495119281,-0.4144556004615526,1.382949030992352,0.984637843834475,0.14044144611954992,0.0,0.6882113771853678,-0.5664572772702333,-0.41632529460566275
4248,-0.1555271353972514,0.7974546912871716,0.6256513576937649,0.2844410356374539,3.085678386428535,0.9300321920516067,-0.32189204239050634,-0.8498364456348662,-3.9304705684926433,-0.651135495119281,-0.4144556004615526,0.052392462444300084,-0.09312119669350954,0.5280567659727414,0.0,0.6882113771853678,-0.5664572772702333,-0.41632529460566275
4249,0.3129622798053938,0.12472302086160586,-0.8173364613433008,-0.37042457956726516,-0.41702107268800304,-1.4929040995782086,-0.8309721663627093,0.5059626729002302,0.40683742795524463,-0.651135495119281,-0.4144556004615526,1.5914801556189981,-0.16539297292603936,-0.053366213807045836,0.0,0.6882113771853678,1.1921382551160753,-0.41632529460566275
4250,-0.5722737657413495,0.11933414690216633,-0.19891311032741552,1.2012528969240606,-0.41702107268800304,0.20315130456266212,0.8780825355439722,-0.3979034061231674,0.40683742795524463,-0.651135495119281,-0.4144556004615526,0.32714858149605947,1.1659996440542717,1.8847103854589116,0.0,0.6882113771853678,1.1921382551160753,-0.41632529460566275
4251,0.970780353846232,0.3081506330823264,0.6256513576937649,-0.6323708256491528,0.16676217049808661,0.5665917483071344,-0.06735198040440485,0.2799961531443808,0.40683742795524463,-0.651135495119281,-0.4144556004615526,0.6391190423989631,0.8781256249201722,-0.44098153366023735,0.0,0.6882113771853678,1.1921382551160753,-0.41632529460566275
4252,1.0718031166720068,0.5680512461578667,-1.229618695353891,0.2844410356374539,-0.41702107268800304,-0.16028913918181015,-0.17644057839844834,1.4098287519236279,0.40683742795524463,-0.651135495119281,-0.4144556004615526,1.31175814911158,0.5671801969183954,-0.24717387373364158,0.0,0.6882113771853678,1.1921382551160753,-0.7965695658503499
4253,-0.2655830188968983,0.5858277964272598,0.6256513576937649,-0.37042457956726516,1.9181119000563556,0.9300321920516067,-0.35825490838852087,-0.6238699258790168,-3.9304705684926433,-0.651135495119281,-0.4144556004615526,0.0576703479439474,0.3919067114915703,0.915672085825933,0.0,0.6882113771853678,-0.5664572772702333,-0.7965695658503499
4254,0.7700814881479309,1.44013099115037,0.6256513576937649,0.2844410356374539,-0.41702107268800304,0.6271651555978798,0.6962682055538997,-0.6238699258790168,0.40683742795524463,-0.651135495119281,-0.4144556004615526,0.21664182433610213,-0.02331100337546252,-1.4100198332932161,0.0,2.2694999670951255,-0.5664572772702333,-1.176813837095037
4255,0.017095316722317847,0.4912087043957311,-1.0234775783485959,0.2844410356374539,-0.41702107268800304,-0.5237295829262825,-0.8673350323607238,1.4098287519236279,0.40683742795524463,1.5357786628062884,-0.4144556004615526,1.843083450571126,-0.7319521983878212,-0.44098153366023735,0.0,0.6882113771853678,-0.5664572772702333,-0.41632529460566275
4256,-0.5963059773388404,0.7831891612145614,1.2440747087096502,2.2490378812516107,-0.41702107268800304,-0.0391423246003194,-0.24916631039447737,-0.8498364456348662,0.40683742795524463,-0.651135495119281,-0.4144556004615526,0.7467270704926974,0.08612263692408334,1.1094797457525287,0.0,0.6882113771853678,-0.5664572772702333,-1.176813837095037
4257,1.0326828571880975,0.7572162428451987,0.4195102406884698,0.6773604047602854,0.16676217049808661,0.506018341016389,-0.21280344439646284,-1.301769485146565,-1.7618165702686994,-0.651135495119281,-0.4144556004615526,1.18562880903782,0.47044144812757993,-0.6347891935868331,0.0,0.6882113771853678,-0.5664572772702333,-0.7965695658503499
4258,0.34763894342498997,0.0381037300617012,-1.8480420463697762,0.15346791259651008,-0.41702107268800304,0.7483119701793706,0.5508167415618417,2.087728311191176,0.40683742795524463,-0.651135495119281,-0.4144556004615526,0.5598826154403018,0.8344599966948348,0.33424910604614566,0.0,0.6882113771853678,-0.5664572772702333,-0.03608102336097565
4259,0.970780353846232,0.26411380722114614,-0.19891311032741552,-0.8943170717310404,-0.41702107268800304,1.1723258212145882,-0.8673350323607238,-0.3979034061231674,0.40683742795524463,1.5357786628062884,2.412803684849147,0.37713175168843566,0.4632926490976608,-0.053366213807045836,0.0,2.2694999670951255,-0.5664572772702333,-0.41632529460566275
4260,-0.34236147228459607,0.3632366340768267,0.2133691236831747,-0.37042457956726516,-0.41702107268800304,0.32429811914415285,-0.6127949703746224,-0.3979034061231674,0.40683742795524463,-0.651135495119281,-0.4144556004615526,0.006544589368726067,0.13351790680437362,1.690902725532316,0.0,2.2694999670951255,-0.5664572772702333,-0.7965695658503499
4261,0.8523060300183087,0.45895601762763777,0.2133691236831747,-0.7633439486900966,1.9181119000563556,-0.16028913918181015,-0.5764321043766079,-1.5277360049024145,-1.7618165702686994,-0.651135495119281,-0.4144556004615526,1.9497409826346872,0.8146021484758266,-1.2162121733666202,0.0,0.6882113771853678,-0.5664572772702333,-0.41632529460566275
4262,0.5522230045393093,0.18137660544541176,0.007228006677879595,-1.156263317812928,-0.41702107268800304,-1.1294636558337363,-1.1218750943468254,-0.171936886367318,0.40683742795524463,-0.651135495119281,-0.4144556004615526,0.0554672304670129,0.8924630788916132,-1.7976351531464076,0.0,2.2694999670951255,-0.5664572772702333,-1.176813837095037
4263,0.37083974648073253,0.054126815316044956,-0.6111953443380057,-0.5013977026082089,-0.41702107268800304,-1.6140509141596993,-0.6855207023706513,0.2799961531443808,0.40683742795524463,-0.651135495119281,-0.4144556004615526,1.5851396375999909,0.07402093715282522,0.14044144611954992,0.0,0.6882113771853678,1.1921382551160753,-0.03608102336097565
4264,0.1970818194529578,-0.2391639597411698,-1.0234775783485959,0.8083335278012291,-0.41702107268800304,-0.46315617563553707,-0.7582464343666804,0.2799961531443808,0.40683742795524463,-0.651135495119281,-0.4144556004615526,3.540721361259083,1.0852007632597165,0.14044144611954992,0.0,2.2694999670951255,1.1921382551160753,-1.176813837095037
4265,1.0718031166720068,1.6181059352659815,-0.19891311032741552,-1.287236440853872,-0.41702107268800304,-1.6746243214504446,-0.9764236303547674,1.1838622321677783,0.40683742795524463,1.5357786628062884,-0.4144556004615526,1.5948883362691075,6.114300722360689,-1.7976351531464076,0.0,2.2694999670951255,-0.5664572772702333,-0.7965695658503499
4266,-0.770263864309772,-0.44770727204673266,1.2440747087096502,2.2490378812516107,-0.41702107268800304,-0.0391423246003194,-0.24916631039447737,-0.8498364456348662,0.40683742795524463,-0.651135495119281,-0.4144556004615526,1.0424910326786885,0.9085699752485699,1.1094797457525287,0.0,0.6882113771853678,-0.5664572772702333,-1.176813837095037
4267,1.0162557483359214,0.2082599996084913,0.83179247469906,-0.8943170717310404,0.7505454136841763,0.08200448998117135,0.5871796075598562,-0.3979034061231674,-1.7618165702686994,-0.651135495119281,-0.4144556004615526,0.5283376381612895,1.9308792888551225,-0.24717387373364158,0.0,2.2694999670951255,1.1921382551160753,-0.7965695658503499
4268,0.9920424750114366,0.8366933723977892,0.4195102406884698,0.4154141586783977,-0.41702107268800304,0.32429811914415285,0.6962682055538997,-1.0758029653907155,0.40683742795524463,-0.651135495119281,-0.4144556004615526,1.3729796473883211,0.15777807712040778,-0.6347891935868331,0.0,0.6882113771853678,1.1921382551160753,-0.7965695658503499
4269,0.9968497846859878,0.8994028452110258,-1.229618695353891,-0.7633439486900966,-0.41702107268800304,-0.4025827683447917,1.4962512575102187,1.8617617914353266,0.40683742795524463,-0.651135495119281,-0.4144556004615526,0.7251131647305065,1.6858674711018975,-0.053366213807045836,0.0,2.2694999670951255,-0.5664572772702333,-0.7965695658503499
4270,0.9763446925680713,0.9232308023560019,0.6256513576937649,0.6773604047602854,0.7505454136841763,0.6877385628886251,-0.32189204239050634,-1.0758029653907155,-1.7618165702686994,-0.651135495119281,-0.4144556004615526,1.1894922762190234,0.831120461980898,-0.053366213807045836,0.0,0.6882113771853678,-0.5664572772702333,-0.7965695658503499
4271,0.30486590107301353,-1.4490469289547765,-1.0234775783485959,-0.8943170717310404,-0.41702107268800304,0.02143108269042598,0.36900241157176916,0.957895712411929,0.40683742795524463,-0.651135495119281,-0.4144556004615526,1.5176851639496316,0.5856052809849125,-1.0224045134400246,0.0,0.6882113771853678,1.1921382551160753,-0.41632529460566275
4272,0.9580249746265666,0.5370728019363619,-1.6419009293644813,-0.10847833348537753,0.16676217049808661,0.44544493372564364,1.6053398555042624,0.2799961531443808,-1.7618165702686994,-0.651135495119281,-0.4144556004615526,1.1035593725172261,0.27015577063348073,-0.44098153366023735,0.0,0.6882113771853678,-0.5664572772702333,-1.176813837095037
4273,-0.6077297562648565,0.10563285750937067,-0.19891311032741552,1.2012528969240606,-0.41702107268800304,0.14257789727191675,0.8780825355439722,-0.171936886367318,0.40683742795524463,-0.651135495119281,-0.4144556004615526,0.3512507667426057,1.2469133226996192,1.8847103854589116,0.0,0.6882113771853678,1.1921382551160753,-0.41632529460566275
4274,-0.5697655287134671,0.3500306335994131,1.037933591704355,-0.23945145652632133,0.16676217049808661,0.5665917483071344,-0.24916631039447737,-0.3979034061231674,0.40683742795524463,-0.651135495119281,-0.4144556004615526,-0.1664337185744524,0.32117584905497215,1.4970950656057203,0.0,0.6882113771853678,-0.5664572772702333,-1.176813837095037
4275,1.060685369798967,0.7316743136400333,-0.8173364613433008,-0.7633439486900966,0.7505454136841763,-0.09971573189106478,-0.6855207023706513,0.2799961531443808,-1.7618165702686994,1.5357786628062884,-0.4144556004615526,1.665757670243561,1.0947690004991408,0.14044144611954992,0.0,0.6882113771853678,1.1921382551160753,-0.41632529460566275
4276,0.15846293411205584,0.2724439305180704,-0.8173364613433008,0.5463872817193415,-0.41702107268800304,0.38487152643489825,-0.9400607643567529,-0.171936886367318,0.40683742795524463,1.5357786628062884,-0.4144556004615526,0.2519278675557422,-0.33028734904288914,1.3032874056791244,0.0,2.2694999670951255,1.1921382551160753,-0.7965695658503499
4277,0.5138513120822684,1.399092407080728,0.2133691236831747,0.022494789555566278,-0.41702107268800304,-0.5237295829262825,-1.1218750943468254,0.7319291926560796,0.40683742795524463,-0.651135495119281,-0.4144556004615526,1.5099679913178852,-0.10313134212194927,1.3032874056791244,0.0,2.2694999670951255,1.1921382551160753,-0.7965695658503499
4278,-1.3358964170174144,-1.6847739225585034,-2.0541831633750713,-0.23945145652632133,-0.41702107268800304,0.6877385628886251,2.223508577470509,2.3136948309470253,0.40683742795524463,-0.651135495119281,-0.4144556004615526,0.30776939559344696,0.4814443708057088,0.7218644258993372,0.0,0.6882113771853678,2.950733787502384,-0.7965695658503499
4279,0.5973396398728582,1.3382366690774985,0.6256513576937649,0.8083335278012291,-0.41702107268800304,0.6877385628886251,0.6235424735578706,-0.6238699258790168,0.40683742795524463,-0.651135495119281,-0.4144556004615526,0.18700197943576427,-0.4043678276699084,-1.4100198332932161,0.0,2.2694999670951255,-0.5664572772702333,-1.176813837095037
4280,1.0501332377913322,0.18335039736525563,0.6256513576937649,-0.6323708256491528,1.9181119000563556,0.506018341016389,0.5144538755638272,-0.8498364456348662,-1.7618165702686994,-0.651135495119281,-0.4144556004615526,1.1714951848670447,2.35860271563863,-0.6347891935868331,0.0,0.6882113771853678,-0.5664572772702333,-0.7965695658503499
4281,0.743624733543946,0.3511845412962276,-1.0234775783485959,-0.8943170717310404,1.334328656870266,0.7483119701793706,1.787154185494335,0.0540296333885314,-1.7618165702686994,-0.651135495119281,-0.4144556004615526,0.6534498251037146,0.3623897732145515,0.14044144611954992,0.0,0.6882113771853678,-0.5664572772702333,-0.7965695658503499
4282,0.7519264132402679,0.28619534612508424,0.007228006677879595,-0.6323708256491528,-0.41702107268800304,1.0511790066330975,-0.14007771240043385,-0.171936886367318,0.40683742795524463,1.5357786628062884,2.412803684849147,-0.1061051577358253,0.5116719876303367,-1.0224045134400246,0.0,0.6882113771853678,1.1921382551160753,-0.7965695658503499
4283,-0.8277281501611649,-1.203255214158118,-1.229618695353891,-0.6323708256491528,0.7505454136841763,0.8694587847608612,2.1144199794764655,1.4098287519236279,-1.7618165702686994,-0.651135495119281,-0.4144556004615526,0.19930535422958562,0.4478207340515402,0.7218644258993372,0.0,0.6882113771853678,2.950733787502384,-0.41632529460566275
4284,0.9977233534320444,0.8983877140170506,0.6256513576937649,0.6773604047602854,0.7505454136841763,0.7483119701793706,-0.24916631039447737,-1.0758029653907155,-1.7618165702686994,-0.651135495119281,-0.4144556004615526,1.0117061059211983,0.7260625710713575,-0.053366213807045836,0.0,0.6882113771853678,-0.5664572772702333,-0.7965695658503499
4285,0.8003647529227679,0.13578237607256685,-1.0234775783485959,0.6773604047602854,-0.41702107268800304,-0.7660232120892639,-0.6855207023706513,0.5059626729002302,0.40683742795524463,1.5357786628062884,-0.4144556004615526,4.6740502048025085,1.31596381350453,0.14044144611954992,0.0,2.2694999670951255,2.950733787502384,-0.7965695658503499
4286,0.8651803763380178,0.7089483292484683,0.6256513576937649,0.9393066508421729,-0.41702107268800304,0.44544493372564364,0.8053568035479431,-1.0758029653907155,-1.7618165702686994,-0.651135495119281,-0.4144556004615526,1.2047464503103416,-0.04655966740608589,-1.0224045134400246,0.0,0.6882113771853678,1.1921382551160753,-0.7965695658503499
4287,0.3649539737742587,-1.207316742618484,-1.0234775783485959,-0.5013977026082089,-0.41702107268800304,-0.09971573189106478,0.18718808158169664,1.4098287519236279,0.40683742795524463,-0.651135495119281,-0.4144556004615526,1.399174307249446,0.16394081855934173,-1.4100198332932161,0.0,0.6882113771853678,1.1921382551160753,-0.7965695658503499
4288,0.1362335873737781,0.8498979294630191,0.2133691236831747,-0.23945145652632133,-0.41702107268800304,-0.22086254647255554,-0.9764236303547674,-0.6238699258790168,0.40683742795524463,1.5357786628062884,2.412803684849147,0.2854949232815905,-0.3289970370828584,1.4970950656057203,0.0,2.2694999670951255,-0.5664572772702333,-0.7965695658503499
4289,1.0368546358210435,0.1931139512396207,-0.19891311032741552,-1.811128933017647,0.16676217049808661,1.475192857668315,0.9144454015419866,-0.3979034061231674,-1.7618165702686994,-0.651135495119281,-0.4144556004615526,0.7603341583155543,1.0429854743880076,-0.44098153366023735,0.0,0.6882113771853678,-0.5664572772702333,-0.7965695658503499
4290,1.0334347836726967,1.0729387809379902,0.83179247469906,1.0702797738831167,-0.41702107268800304,0.32429811914415285,0.9144454015419866,-1.0758029653907155,0.40683742795524463,-0.651135495119281,-0.4144556004615526,0.9393091286083247,0.2350333626217769,-0.6347891935868331,0.0,0.6882113771853678,2.950733787502384,-0.03608102336097565
4291,0.02061699968857569,-0.33528611647107065,0.6256513576937649,0.4154141586783977,-0.41702107268800304,-0.5237295829262825,-0.8309721663627093,-0.171936886367318,0.40683742795524463,-0.651135495119281,-0.4144556004615526,0.6497116312909863,0.10914780129799313,-0.24717387373364158,0.0,0.6882113771853678,1.1921382551160753,-0.7965695658503499
4292,0.970780353846232,0.341826153875678,-0.19891311032741552,-0.6323708256491528,-0.41702107268800304,1.1117524139238428,-0.8309721663627093,-0.3979034061231674,0.40683742795524463,1.5357786628062884,2.412803684849147,0.4440583917058417,0.49787444736271363,-0.053366213807045836,0.0,2.2694999670951255,-0.5664572772702333,-0.41632529460566275
4293,-0.4085291278334691,0.5379984081479879,-1.4357598123591861,1.594172266046892,-0.41702107268800304,0.8088853774701159,2.296234309466538,-0.3979034061231674,0.40683742795524463,-0.651135495119281,-0.4144556004615526,0.49873865963519864,-0.9515702323100872,0.7218644258993372,0.0,0.6882113771853678,-0.5664572772702333,-0.41632529460566275
4294,-0.5486126779656965,0.6780093271513031,0.83179247469906,1.594172266046892,0.16676217049808661,0.38487152643489825,-0.32189204239050634,-0.6238699258790168,0.40683742795524463,-0.651135495119281,-0.4144556004615526,0.02009912073812012,-0.3794608376506738,1.1094797457525287,0.0,0.6882113771853678,-0.5664572772702333,-0.7965695658503499
4295,0.1174787494608357,0.4596920816018044,-1.229618695353891,0.2844410356374539,-0.41702107268800304,-0.8265966193800093,-0.6855207023706513,-0.171936886367318,0.40683742795524463,1.5357786628062884,2.412803684849147,1.0182310236354453,-0.42665151950712205,1.1094797457525287,0.0,0.6882113771853678,2.950733787502384,0.7244075191283986
4296,0.970780353846232,1.5321693611558305,0.007228006677879595,1.463199143005948,-0.41702107268800304,0.6877385628886251,-0.9036978983587384,0.0540296333885314,-1.7618165702686994,1.5357786628062884,-0.4144556004615526,1.2867602564516383,0.7544410402583339,-0.24717387373364158,0.0,0.6882113771853678,-0.5664572772702333,-0.41632529460566275
4297,-0.15713074544065433,-0.08366043875834606,0.83179247469906,-0.37042457956726516,-0.41702107268800304,-2.2803583943578984,-1.0491493623507964,0.0540296333885314,0.40683742795524463,-0.651135495119281,-0.4144556004615526,0.08261151023625242,0.1959497678078331,-0.053366213807045836,0.0,0.6882113771853678,-0.5664572772702333,-0.7965695658503499
4298,0.7571811698736406,1.8256070841927365,0.6256513576937649,-1.156263317812928,-0.41702107268800304,-1.553477506868954,-1.1218750943468254,0.0540296333885314,0.40683742795524463,-0.651135495119281,-0.4144556004615526,0.2927568323288867,0.5840071486566745,-0.8285968535134288,0.0,2.2694999670951255,-0.5664572772702333,-0.7965695658503499
4299,0.0569460796400098,0.8639333292211404,0.4195102406884698,-0.10847833348537753,3.6694616296146245,1.1723258212145882,-0.39461777438653534,-0.8498364456348662,-3.9304705684926433,-0.651135495119281,-0.4144556004615526,0.20097803280931786,0.15204909068614855,0.14044144611954992,0.0,0.6882113771853678,-0.5664572772702333,-0.41632529460566275
4300,-0.7762119431211942,-1.7607239071722522,1.037933591704355,2.118064758210667,-0.41702107268800304,-0.09971573189106478,-0.8309721663627093,-0.8498364456348662,0.40683742795524463,-0.651135495119281,-0.4144556004615526,0.8363081804316271,0.40716531005980305,1.8847103854589116,0.0,2.2694999670951255,1.1921382551160753,-1.176813837095037
4301,0.5039261853050306,0.4969327027046671,0.4195102406884698,-0.8943170717310404,0.16676217049808661,1.1117524139238428,-0.24916631039447737,-0.171936886367318,0.40683742795524463,-0.651135495119281,-0.4144556004615526,0.057290700544641665,2.756347589416983,-1.4100198332932161,0.0,0.6882113771853678,-0.5664572772702333,-0.41632529460566275
4302,-0.6149993488910638,0.6509180422103112,0.83179247469906,2.5109841273334985,-0.41702107268800304,0.38487152643489825,-0.6855207023706513,-0.3979034061231674,0.40683742795524463,1.5357786628062884,-0.4144556004615526,0.7785096227711368,0.17450215190408505,1.1094797457525287,0.0,2.2694999670951255,-0.5664572772702333,-1.176813837095037
4303,1.0846081164460653,1.539308074708829,0.2133691236831747,1.463199143005948,-0.41702107268800304,0.8088853774701159,-0.8673350323607238,-0.171936886367318,0.40683742795524463,-0.651135495119281,-0.4144556004615526,0.7184568521021372,0.6931017647329661,-0.24717387373364158,0.0,0.6882113771853678,-0.5664572772702333,-0.03608102336097565
4304,0.017095316722317847,0.4917801091710375,-0.8173364613433008,0.2844410356374539,-0.41702107268800304,-0.5843029902170278,-0.8673350323607238,1.4098287519236279,0.40683742795524463,1.5357786628062884,-0.4144556004615526,1.823472498823169,-0.7255261525881015,-0.24717387373364158,0.0,0.6882113771853678,-0.5664572772702333,-0.41632529460566275
4305,-0.01860440541484336,0.4578808157055622,0.6256513576937649,0.4154141586783977,-0.41702107268800304,0.6271651555978798,0.8417196695459577,-0.8498364456348662,0.40683742795524463,-0.651135495119281,-0.4144556004615526,0.047774672995086344,0.022775128725074475,1.3032874056791244,0.0,2.2694999670951255,-0.5664572772702333,-0.7965695658503499
4306,1.0718031166720068,-0.32131218029314246,-1.6419009293644813,1.594172266046892,-0.41702107268800304,-0.5843029902170278,0.18718808158169664,0.957895712411929,-1.7618165702686994,-0.651135495119281,-0.4144556004615526,1.3083628961457467,0.6317547826095888,-1.0224045134400246,0.0,0.6882113771853678,2.950733787502384,-0.7965695658503499
4307,0.43381976306606557,0.6347234190760642,0.2133691236831747,-0.37042457956726516,1.9181119000563556,1.1723258212145882,-0.39461777438653534,-0.6238699258790168,-3.9304705684926433,-0.651135495119281,-0.4144556004615526,0.12476050001687052,0.4433812974724242,-0.053366213807045836,0.0,0.6882113771853678,-0.5664572772702333,-0.41632529460566275
4308,0.6861340475457858,0.24748588641868874,-0.19891311032741552,-1.0252901947719841,-0.41702107268800304,-1.0688902485429908,-1.0855122283488108,0.5059626729002302,0.40683742795524463,1.5357786628062884,-0.4144556004615526,0.17910084310882213,0.887312986266215,-1.2162121733666202,0.0,0.6882113771853678,-0.5664572772702333,-1.176813837095037
4309,0.970780353846232,0.47512316768461493,0.4195102406884698,-0.6323708256491528,0.16676217049808661,0.9300321920516067,-0.14007771240043385,0.0540296333885314,0.40683742795524463,-0.651135495119281,-0.4144556004615526,0.7893851414430669,1.644760983129175,-1.0224045134400246,0.0,0.6882113771853678,1.1921382551160753,-0.41632529460566275
4310,0.3661131451386022,-0.13431816576473554,0.4195102406884698,0.4154141586783977,0.16676217049808661,0.990605599342352,1.2417111955241174,0.957895712411929,0.40683742795524463,-0.651135495119281,-0.4144556004615526,1.074677126315749,0.6677875015984849,-0.44098153366023735,0.0,0.6882113771853678,1.1921382551160753,-0.7965695658503499
4311,0.2206282944183085,-1.8003907894530935,-0.6111953443380057,-1.156263317812928,-0.41702107268800304,-0.09971573189106478,0.29627667957574016,0.957895712411929,0.40683742795524463,1.5357786628062884,-0.4144556004615526,1.545848465159882,0.42892989393716324,-1.2162121733666202,0.0,2.2694999670951255,2.950733787502384,-0.41632529460566275
4312,0.21769329955377628,-0.15542800490801176,0.4195102406884698,-1.156263317812928,-0.41702107268800304,-1.73519772874119,-1.0855122283488108,0.0540296333885314,0.40683742795524463,1.5357786628062884,2.412803684849147,-0.20524281973076436,0.43244772181352675,-1.0224045134400246,0.0,2.2694999670951255,-0.5664572772702333,-1.176813837095037
4313,0.01564066503565523,0.8142793169930691,-1.6419009293644813,-0.23945145652632133,-0.41702107268800304,0.6271651555978798,2.1507828454744797,2.087728311191176,0.40683742795524463,-0.651135495119281,-0.4144556004615526,1.1601568428524982,0.10358180173015595,0.14044144611954992,0.0,0.6882113771853678,1.1921382551160753,-1.176813837095037
4314,-0.4230556066104373,0.41740095148674056,0.83179247469906,-0.6323708256491528,0.7505454136841763,0.8088853774701159,-0.32189204239050634,-0.3979034061231674,-1.7618165702686994,-0.651135495119281,-0.4144556004615526,-0.026652159648817373,0.5426859844246621,1.3032874056791244,0.0,0.6882113771853678,-0.5664572772702333,-1.176813837095037
4315,1.0718031166720068,0.2651379721312986,0.6256513576937649,-0.8943170717310404,2.501895143242445,0.38487152643489825,0.6962682055538997,-0.8498364456348662,-1.7618165702686994,-0.651135495119281,-0.4144556004615526,1.26513341099617,2.3662347304284537,-0.6347891935868331,0.0,2.2694999670951255,-0.5664572772702333,-0.7965695658503499
4316,1.1191694093117859,1.7153984365427697,-0.19891311032741552,0.4154141586783977,0.16676217049808661,0.7483119701793706,1.7507913194963203,-0.6238699258790168,0.40683742795524463,-0.651135495119281,-0.4144556004615526,0.6934832691590004,0.0983418657817008,0.915672085825933,0.0,0.6882113771853678,-0.5664572772702333,-0.03608102336097565
4317,1.0291435155516906,0.4530037601373562,-1.4357598123591861,-0.23945145652632133,-0.41702107268800304,-0.09971573189106478,1.5326141235082333,0.0540296333885314,0.40683742795524463,-0.651135495119281,-0.4144556004615526,1.4156816432979067,0.6686580364854724,-0.053366213807045836,0.0,0.6882113771853678,-0.5664572772702333,-0.7965695658503499
4318,0.22255466643882926,-0.2729125161893345,0.6256513576937649,-1.156263317812928,-0.41702107268800304,-1.432330692287463,-1.0855122283488108,-0.6238699258790168,0.40683742795524463,-0.651135495119281,-0.4144556004615526,-0.11316830832416407,1.0022255435646281,-1.0224045134400246,0.0,0.6882113771853678,-0.5664572772702333,-1.176813837095037
4319,0.9442939471615819,0.6866132843042884,0.6256513576937649,-0.8943170717310404,-0.41702107268800304,0.7483119701793706,0.15082521558368214,-0.6238699258790168,0.40683742795524463,-0.651135495119281,-0.4144556004615526,0.25058977191782605,0.3100096956998278,-0.24717387373364158,0.0,0.6882113771853678,1.1921382551160753,-1.176813837095037
4320,1.0718031166720068,1.054948973083465,-0.8173364613433008,-0.5013977026082089,-0.41702107268800304,-1.0688902485429908,-0.9036978983587384,0.5059626729002302,0.40683742795524463,1.5357786628062884,-0.4144556004615526,0.22524132727408966,1.7622259304886094,-0.8285968535134288,0.0,0.6882113771853678,-0.5664572772702333,-0.7965695658503499
4321,1.0718031166720068,1.255859483087945,0.6256513576937649,-0.6323708256491528,-0.41702107268800304,0.9300321920516067,0.15082521558368214,-0.3979034061231674,0.40683742795524463,-0.651135495119281,-0.4144556004615526,0.3956545446563562,0.362023694427613,-1.2162121733666202,0.0,0.6882113771853678,1.1921382551160753,-0.7965695658503499
4322,0.970780353846232,1.3372707866513418,0.007228006677879595,1.463199143005948,-0.41702107268800304,0.6877385628886251,-0.8673350323607238,0.0540296333885314,0.40683742795524463,1.5357786628062884,2.412803684849147,1.1150117806157296,0.7209823823945722,-0.6347891935868331,0.0,2.2694999670951255,-0.5664572772702333,-0.41632529460566275
4323,0.9922604389753099,0.3804570994579174,0.4195102406884698,0.2844410356374539,-0.41702107268800304,0.6877385628886251,0.11446234958566764,-1.301769485146565,0.40683742795524463,-0.651135495119281,-0.4144556004615526,1.2183682248754066,0.7238209871760011,-0.6347891935868331,0.0,2.2694999670951255,1.1921382551160753,-0.7965695658503499
4324,-0.2989160913327974,0.6168338687827304,0.007228006677879595,0.9393066508421729,-0.41702107268800304,0.14257789727191675,-0.8309721663627093,-0.3979034061231674,0.40683742795524463,1.5357786628062884,-0.4144556004615526,0.3464079050890839,-0.21757774935881444,1.3032874056791244,0.0,2.2694999670951255,-0.5664572772702333,-0.7965695658503499
4325,-0.060707960888215964,-0.7933752458605544,0.007228006677879595,-1.156263317812928,-0.41702107268800304,-1.432330692287463,-1.012786496352782,-0.171936886367318,0.40683742795524463,-0.651135495119281,-0.4144556004615526,-0.06732569123424817,0.3025943581633848,-0.44098153366023735,0.0,0.6882113771853678,1.1921382551160753,-1.176813837095037
4326,0.30486590107301353,-0.49764786722233556,-1.6419009293644813,-0.23945145652632133,-0.41702107268800304,0.38487152643489825,0.6235424735578706,0.957895712411929,0.40683742795524463,-0.651135495119281,-0.4144556004615526,1.4986532128931875,0.9051333110880306,0.14044144611954992,0.0,0.6882113771853678,-0.5664572772702333,-0.41632529460566275
4327,0.3927652299744049,1.7202180029598766,0.007228006677879595,-1.156263317812928,-0.41702107268800304,-1.0688902485429908,-1.1218750943468254,0.0540296333885314,0.40683742795524463,1.5357786628062884,2.412803684849147,0.08682831867432834,-0.14087223775741017,-1.7976351531464076,0.0,2.2694999670951255,-0.5664572772702333,-1.176813837095037
4328,0.03698709837791015,0.4952114641375399,-0.6111953443380057,-0.5013977026082089,-0.41702107268800304,-1.0083168412522454,-0.8673350323607238,1.4098287519236279,0.40683742795524463,1.5357786628062884,-0.4144556004615526,1.3279138086389408,-0.556204567543794,0.5280567659727414,0.0,0.6882113771853678,1.1921382551160753,-0.41632529460566275
4329,-0.09401581208320371,-0.7911838840572668,0.007228006677879595,-0.7633439486900966,-0.41702107268800304,-1.250610470415227,-0.9764236303547674,0.0540296333885314,0.40683742795524463,-0.651135495119281,-0.4144556004615526,0.09542800633342399,0.13952356887366557,-0.24717387373364158,0.0,0.6882113771853678,1.1921382551160753,-1.176813837095037
4330,0.6532364111597386,1.1530012523262518,0.6256513576937649,1.0702797738831167,-0.41702107268800304,0.5665917483071344,0.5871796075598562,-0.6238699258790168,0.40683742795524463,-0.651135495119281,-0.4144556004615526,0.4969693853654331,-0.4193644655235393,-1.2162121733666202,0.0,0.6882113771853678,-0.5664572772702333,-1.176813837095037
4331,0.7366740300087364,-0.1494079343683849,0.2133691236831747,0.2844410356374539,0.16676217049808661,0.20315130456266212,1.3144369275201464,0.0540296333885314,0.40683742795524463,-0.651135495119281,-0.4144556004615526,2.946871857155752,0.4805625691275207,-0.24717387373364158,0.0,2.2694999670951255,1.1921382551160753,-1.176813837095037
4332,-0.04104647097640302,-1.8003907894530935,0.2133691236831747,0.022494789555566278,-0.41702107268800304,-2.0986381724856624,-1.012786496352782,1.4098287519236279,0.40683742795524463,-0.651135495119281,-0.4144556004615526,0.43217048895641696,0.0038599152023175557,-0.6347891935868331,0.0,0.6882113771853678,1.1921382551160753,-0.41632529460566275
4333,1.060004890937802,1.6307010307680563,-0.6111953443380057,-0.5013977026082089,-0.41702107268800304,-1.1900370631244817,-0.9400607643567529,-0.6238699258790168,0.40683742795524463,-0.651135495119281,-0.4144556004615526,-0.10267194700911411,2.4518740310981078,-1.7976351531464076,0.0,2.2694999670951255,-0.5664572772702333,-0.7965695658503499
4334,0.00012950771452216274,-0.25833821519862055,0.6256513576937649,0.4154141586783977,-0.41702107268800304,-0.46315617563553707,-0.8673350323607238,-0.171936886367318,0.40683742795524463,-0.651135495119281,-0.4144556004615526,0.583678516825132,0.06225320805521323,-0.053366213807045836,0.0,2.2694999670951255,1.1921382551160753,-0.7965695658503499
4335,0.08962252976050199,0.5037626971503579,-0.6111953443380057,0.5463872817193415,-0.41702107268800304,-0.3420093610540463,-0.9036978983587384,0.7319291926560796,0.40683742795524463,-0.651135495119281,-0.4144556004615526,2.279226672699855,-0.501488556823701,-0.8285968535134288,0.0,2.2694999670951255,-0.5664572772702333,-0.41632529460566275
4336,-0.14758189134385002,-0.6113676866120233,0.83179247469906,1.463199143005948,-0.41702107268800304,0.38487152643489825,-0.8309721663627093,-0.171936886367318,0.40683742795524463,-0.651135495119281,-0.4144556004615526,0.4198375801758522,0.21542578772903406,0.33424910604614566,0.0,0.6882113771853678,1.1921382551160753,-1.176813837095037
4337,0.31680830477199057,-0.021736053869317103,-1.8480420463697762,0.15346791259651008,-0.41702107268800304,0.6271651555978798,0.7689939375499286,0.957895712411929,0.40683742795524463,-0.651135495119281,-0.4144556004615526,1.6319582132576689,1.008119635375004,0.5280567659727414,0.0,0.6882113771853678,-0.5664572772702333,-0.41632529460566275
4338,0.9929256720413737,0.8364232985339523,0.4195102406884698,0.4154141586783977,-0.41702107268800304,0.32429811914415285,0.6962682055538997,-1.0758029653907155,0.40683742795524463,-0.651135495119281,-0.4144556004615526,1.3786793142344782,0.16574253044064322,-0.6347891935868331,0.0,0.6882113771853678,1.1921382551160753,-0.7965695658503499
4339,0.30486590107301353,0.17455997335460902,-0.19891311032741552,-0.23945145652632133,-0.41702107268800304,0.506018341016389,2.0416942474804363,1.4098287519236279,-1.7618165702686994,-0.651135495119281,-0.4144556004615526,1.0875318391602213,-0.22901900992604382,-1.0224045134400246,0.0,0.6882113771853678,-0.5664572772702333,-0.03608102336097565
4340,-0.7986357834816118,-1.7409579823363752,1.2440747087096502,2.2490378812516107,-0.41702107268800304,-0.0391423246003194,-0.7946093003646949,-0.8498364456348662,0.40683742795524463,-0.651135495119281,-0.4144556004615526,0.8544963849107268,0.44762058544814937,1.8847103854589116,0.0,0.6882113771853678,-0.5664572772702333,-1.176813837095037
4341,0.9611702988590776,0.8525710211176355,0.6256513576937649,0.9393066508421729,-0.41702107268800304,0.32429811914415285,0.6235424735578706,-1.0758029653907155,0.40683742795524463,-0.651135495119281,-0.4144556004615526,1.213406927314611,-0.04562230664744135,-1.0224045134400246,0.0,0.6882113771853678,1.1921382551160753,-0.7965695658503499
4342,0.970780353846232,0.9263033041209641,0.6256513576937649,0.6773604047602854,0.7505454136841763,0.6877385628886251,-0.35825490838852087,-0.8498364456348662,-1.7618165702686994,1.5357786628062884,-0.4144556004615526,1.2216455105736463,0.8530708940002986,-0.24717387373364158,0.0,0.6882113771853678,-0.5664572772702333,-0.41632529460566275
4343,-0.10242093321533291,0.3404134523444398,-0.4050542273327106,0.15346791259651008,-0.41702107268800304,-0.09971573189106478,-0.8673350323607238,-0.3979034061231674,0.40683742795524463,-0.651135495119281,-0.4144556004615526,0.19791108198411086,-0.2943158188428271,1.3032874056791244,0.0,2.2694999670951255,1.1921382551160753,-0.7965695658503499
4344,0.5138513120822684,0.5693492524613587,0.6256513576937649,-0.10847833348537753,-0.41702107268800304,0.9300321920516067,0.25991381357772564,-0.3979034061231674,0.40683742795524463,-0.651135495119281,-0.4144556004615526,-0.11596611848528156,-0.08178562855180371,-1.4100198332932161,0.0,2.2694999670951255,-0.5664572772702333,-1.176813837095037
4345,1.1091484952588733,0.7572767133334297,1.6563569427202405,-0.8943170717310404,-0.41702107268800304,-1.6746243214504446,-0.9764236303547674,-0.3979034061231674,0.40683742795524463,-0.651135495119281,-0.4144556004615526,1.184530444761062,1.2288972888364038,-0.24717387373364158,0.0,0.6882113771853678,1.1921382551160753,-0.03608102336097565
4346,0.30486590107301353,0.14957649380366514,-0.19891311032741552,-0.37042457956726516,0.16676217049808661,0.6271651555978798,2.0416942474804363,1.1838622321677783,-1.7618165702686994,-0.651135495119281,-0.4144556004615526,0.931525253242323,-0.13993470426854898,-0.8285968535134288,0.0,0.6882113771853678,-0.5664572772702333,-0.03608102336097565
4347,0.9234732707080668,0.40092176360274995,-1.6419009293644813,1.463199143005948,-0.41702107268800304,-0.5843029902170278,0.18718808158169664,0.957895712411929,0.40683742795524463,-0.651135495119281,-0.4144556004615526,1.4115448342092713,0.7143089277697964,-1.0224045134400246,0.0,0.6882113771853678,1.1921382551160753,-0.41632529460566275
4348,-0.25566309017629685,0.9527274803067514,-2.0541831633750713,0.4154141586783977,-0.41702107268800304,0.6877385628886251,2.259871443468523,1.1838622321677783,0.40683742795524463,-0.651135495119281,-0.4144556004615526,0.9154165534393072,-0.15283784703144682,0.7218644258993372,0.0,2.2694999670951255,1.1921382551160753,-1.176813837095037
4349,0.3477372940527061,2.000597455405541,-0.19891311032741552,-1.156263317812928,-0.41702107268800304,-1.0688902485429908,-1.1218750943468254,-0.171936886367318,0.40683742795524463,1.5357786628062884,2.412803684849147,0.12017325662365924,-0.324371437728737,-1.7976351531464076,0.0,2.2694999670951255,-0.5664572772702333,-0.7965695658503499
4350,0.3067116821650386,0.13550642492473353,-0.6111953443380057,-0.5013977026082089,-0.41702107268800304,-1.6140509141596993,-0.8309721663627093,0.7319291926560796,0.40683742795524463,-0.651135495119281,-0.4144556004615526,1.4924305182104398,-0.14316433780081264,0.14044144611954992,0.0,0.6882113771853678,1.1921382551160753,-0.41632529460566275
4351,0.21224684807608107,0.8444718296540342,-0.6111953443380057,0.5463872817193415,-0.41702107268800304,-0.4025827683447917,-0.9764236303547674,1.1838622321677783,0.40683742795524463,-0.651135495119281,-0.4144556004615526,1.8415018185815175,-0.5210521188840072,-0.053366213807045836,0.0,2.2694999670951255,-0.5664572772702333,-0.7965695658503499
4352,-0.5522234803926186,0.6954967838902889,0.83179247469906,1.594172266046892,0.16676217049808661,0.38487152643489825,-0.35825490838852087,-0.6238699258790168,0.40683742795524463,-0.651135495119281,-0.4144556004615526,0.08900122108735467,-0.3390459530762145,1.1094797457525287,0.0,0.6882113771853678,-0.5664572772702333,-0.7965695658503499
4353,1.137132900776744,-1.8003907894530935,-1.6419009293644813,0.15346791259651008,-0.41702107268800304,-0.7054498047985186,-0.39461777438653534,0.957895712411929,0.40683742795524463,-0.651135495119281,-0.4144556004615526,5.20026985884265,0.9837879481540437,1.8847103854589116,0.0,0.6882113771853678,1.1921382551160753,0.34416324788371144
4354,0.5138513120822684,0.17415819682028447,0.2133691236831747,-1.156263317812928,-0.41702107268800304,-1.1900370631244817,-1.1218750943468254,-0.3979034061231674,0.40683742795524463,-0.651135495119281,-0.4144556004615526,-0.05723985277812638,1.1098799252913218,-1.7976351531464076,0.0,2.2694999670951255,-0.5664572772702333,-1.176813837095037
4355,1.0962668013658787,1.5563481399167294,0.6256513576937649,0.022494789555566278,0.7505454136841763,0.44544493372564364,1.0235339995360302,-0.8498364456348662,0.40683742795524463,-0.651135495119281,-0.4144556004615526,0.33590503540976424,0.6564849106697183,-1.2162121733666202,0.0,0.6882113771853678,1.1921382551160753,-0.41632529460566275
4356,0.970780353846232,0.9078685617944845,-1.4357598123591861,-0.8943170717310404,-0.41702107268800304,-0.3420093610540463,1.5326141235082333,2.765627870458724,0.40683742795524463,-0.651135495119281,-0.4144556004615526,0.6639271821588322,1.3482048684163315,-0.053366213807045836,0.0,2.2694999670951255,-0.5664572772702333,-0.41632529460566275
4357,0.9579254987227137,0.5370112672240376,-1.6419009293644813,-0.10847833348537753,0.16676217049808661,0.44544493372564364,1.6053398555042624,0.2799961531443808,-1.7618165702686994,-0.651135495119281,-0.4144556004615526,1.1035589216580564,0.2700754507707178,-0.44098153366023735,0.0,0.6882113771853678,-0.5664572772702333,-1.176813837095037
4358,0.970780353846232,0.892675163004104,0.6256513576937649,0.5463872817193415,0.7505454136841763,0.6877385628886251,-0.32189204239050634,-0.8498364456348662,-1.7618165702686994,1.5357786628062884,-0.4144556004615526,1.235765636271372,0.8852761782133399,-0.053366213807045836,0.0,0.6882113771853678,-0.5664572772702333,-0.41632529460566275
4359,0.5320965625052256,0.6192711904283476,0.6256513576937649,-0.10847833348537753,-0.41702107268800304,-0.7054498047985186,-1.0855122283488108,-0.8498364456348662,0.40683742795524463,-0.651135495119281,-0.4144556004615526,3.1249171111820466,0.775103002680325,-1.2162121733666202,0.0,0.6882113771853678,-0.5664572772702333,-0.03608102336097565
4360,-0.08731587854358251,1.0385485133265149,-2.0541831633750713,-0.23945145652632133,-0.41702107268800304,0.6271651555978798,2.1871457114724944,2.087728311191176,0.40683742795524463,-0.651135495119281,-0.4144556004615526,1.1644413620400187,0.23429489705639436,0.5280567659727414,0.0,0.6882113771853678,1.1921382551160753,-1.176813837095037
4361,1.077442105911186,1.6038704859553914,0.6256513576937649,-0.5013977026082089,0.7505454136841763,0.506018341016389,0.9144454015419866,-0.8498364456348662,0.40683742795524463,-0.651135495119281,-0.4144556004615526,0.28396992207341964,0.6455438963313399,-1.6038274932198118,0.0,0.6882113771853678,1.1921382551160753,-0.7965695658503499
4362,0.7145394444712541,-0.0418520568929429,0.2133691236831747,-0.10847833348537753,0.16676217049808661,0.8088853774701159,1.1326225975300737,0.2799961531443808,0.40683742795524463,-0.651135495119281,-0.4144556004615526,3.239273198298472,0.2528646028002756,-0.24717387373364158,0.0,2.2694999670951255,1.1921382551160753,-1.176813837095037
4363,0.970780353846232,0.24169736485609505,-1.0234775783485959,0.022494789555566278,-0.41702107268800304,-0.0391423246003194,-0.28552917639249187,1.4098287519236279,0.40683742795524463,-0.651135495119281,-0.4144556004615526,1.3574568082202447,3.699846671984312,0.14044144611954992,0.0,0.6882113771853678,1.1921382551160753,-0.41632529460566275
4364,0.9240204231694323,-0.16672978844332179,-1.6419009293644813,1.463199143005948,-0.41702107268800304,-0.46315617563553707,0.15082521558368214,1.4098287519236279,0.40683742795524463,-0.651135495119281,-0.4144556004615526,1.2525159851124035,0.31626786706219717,-1.2162121733666202,0.0,0.6882113771853678,1.1921382551160753,-1.176813837095037
4365,-0.8259294968421099,-0.09369224881116019,-1.4357598123591861,1.7251453890878359,-0.41702107268800304,-0.09971573189106478,0.8417196695459577,0.7319291926560796,0.40683742795524463,-0.651135495119281,-0.4144556004615526,0.9490508499722493,2.233518452778377,1.4970950656057203,0.0,0.6882113771853678,1.1921382551160753,-0.41632529460566275
4366,0.015572227605638206,-0.3633411899928494,0.6256513576937649,0.4154141586783977,-0.41702107268800304,-0.5237295829262825,-0.8673350323607238,0.0540296333885314,0.40683742795524463,-0.651135495119281,-0.4144556004615526,0.6399316861126906,0.12149409451887969,-0.24717387373364158,0.0,0.6882113771853678,1.1921382551160753,-1.176813837095037
4367,0.7776190231714044,0.14965035479278774,-0.8173364613433008,-0.10847833348537753,-0.41702107268800304,1.0511790066330975,-0.9400607643567529,-0.171936886367318,0.40683742795524463,1.5357786628062884,-0.4144556004615526,0.3861632214369597,0.1440513807408871,0.33424910604614566,0.0,2.2694999670951255,-0.5664572772702333,-0.7965695658503499
4368,1.0285724545966979,0.9247261082668056,0.6256513576937649,-0.6323708256491528,-0.41702107268800304,0.8088853774701159,0.04173661758963865,0.0540296333885314,0.40683742795524463,-0.651135495119281,-0.4144556004615526,0.5157224221921773,0.583380409970614,-1.0224045134400246,0.0,0.6882113771853678,1.1921382551160753,-0.7965695658503499
4369,0.8907617069733833,1.1393901588035935,-0.6111953443380057,-0.6323708256491528,-0.41702107268800304,-1.0688902485429908,-0.9764236303547674,-0.6238699258790168,0.40683742795524463,1.5357786628062884,2.412803684849147,-0.12054674548294458,2.0675153611371986,-1.7976351531464076,0.0,2.2694999670951255,-0.5664572772702333,-1.176813837095037
4370,0.17472767622546126,0.693252331658974,-1.6419009293644813,1.3322260199650044,-0.41702107268800304,0.6271651555978798,2.223508577470509,0.0540296333885314,0.40683742795524463,1.5357786628062884,-0.4144556004615526,0.15794950400271313,-0.21232554758889102,0.5280567659727414,0.0,2.2694999670951255,1.1921382551160753,-0.7965695658503499
4371,-0.836372623606754,-0.7748238546743631,1.037933591704355,1.7251453890878359,-0.41702107268800304,-0.0391423246003194,-0.17644057839844834,-0.8498364456348662,0.40683742795524463,-0.651135495119281,-0.4144556004615526,1.178174351683937,0.9067178570052126,0.915672085825933,0.0,0.6882113771853678,-0.5664572772702333,-0.7965695658503499
4372,1.0508432469726197,0.8366597032599313,-1.4357598123591861,0.15346791259651008,-0.41702107268800304,0.20315130456266212,1.9689685154844072,1.6357952716794772,0.40683742795524463,-0.651135495119281,-0.4144556004615526,0.025632288049192334,0.9765634717474645,-0.053366213807045836,0.0,2.2694999670951255,-0.5664572772702333,-0.7965695658503499
4373,1.056011636761063,1.9894068204620463,-0.19891311032741552,-0.37042457956726516,-0.41702107268800304,1.0511790066330975,-0.43098064038454986,-0.171936886367318,0.40683742795524463,1.5357786628062884,2.412803684849147,1.1104722859852179,0.3369806444558274,-0.6347891935868331,0.0,2.2694999670951255,-0.5664572772702333,-1.176813837095037
4374,0.9778686376581563,0.2673608083238624,-0.4050542273327106,-0.10847833348537753,-0.41702107268800304,-0.5843029902170278,1.3507997935181608,-0.8498364456348662,0.40683742795524463,-0.651135495119281,-0.4144556004615526,1.7902184270080979,1.0372184082207205,-0.053366213807045836,0.0,0.6882113771853678,-0.5664572772702333,-0.7965695658503499
4375,0.5362553395910816,0.30743034324371643,0.6256513576937649,-0.5013977026082089,-0.41702107268800304,1.0511790066330975,0.15082521558368214,-0.171936886367318,0.40683742795524463,1.5357786628062884,2.412803684849147,-0.21362804161691992,0.1435611203028727,-1.4100198332932161,0.0,0.6882113771853678,1.1921382551160753,-1.176813837095037
4376,0.5645374091440625,1.2395388590919016,0.6256513576937649,1.0702797738831167,-0.41702107268800304,0.6877385628886251,0.5871796075598562,-0.6238699258790168,0.40683742795524463,-0.651135495119281,-0.4144556004615526,0.29060270239904595,-0.5270192506177408,-1.2162121733666202,0.0,0.6882113771853678,-0.5664572772702333,-1.176813837095037
4377,0.97550557628453,0.4484617809414886,-1.6419009293644813,1.594172266046892,-0.41702107268800304,-0.5237295829262825,0.18718808158169664,1.1838622321677783,0.40683742795524463,-0.651135495119281,-0.4144556004615526,1.3609476882864713,0.7128239185918648,-1.0224045134400246,0.0,0.6882113771853678,1.1921382551160753,-0.7965695658503499
4378,0.3805434243992397,0.6510836934812579,-1.8480420463697762,-0.8943170717310404,-0.41702107268800304,1.2934726357960789,-1.1218750943468254,0.957895712411929,0.40683742795524463,1.5357786628062884,2.412803684849147,-0.21547544818004594,0.02488878253709906,-1.0224045134400246,0.0,0.6882113771853678,-0.5664572772702333,-1.176813837095037
4379,1.137132900776744,0.788538575889099,1.2440747087096502,-1.0252901947719841,-0.41702107268800304,-1.73519772874119,-0.9400607643567529,-0.171936886367318,0.40683742795524463,-0.651135495119281,-0.4144556004615526,1.384511460671093,1.2957021721498414,0.14044144611954992,0.0,0.6882113771853678,1.1921382551160753,0.34416324788371144
4380,0.970780353846232,0.8559164770445721,0.4195102406884698,1.2012528969240606,-0.41702107268800304,0.7483119701793706,-0.5764321043766079,-0.6238699258790168,-1.7618165702686994,1.5357786628062884,-0.4144556004615526,0.9287742794443654,0.7412011216570924,-0.8285968535134288,0.0,0.6882113771853678,-0.5664572772702333,-0.41632529460566275
4381,1.118616492520131,0.3149034600645954,-1.0234775783485959,0.2844410356374539,-0.41702107268800304,-0.16028913918181015,0.36900241157176916,-0.6238699258790168,0.40683742795524463,-0.651135495119281,-0.4144556004615526,1.2436416727852637,-0.21162218921803105,0.33424910604614566,0.0,0.6882113771853678,-0.5664572772702333,-0.03608102336097565
4382,1.1194299469938118,1.4978735141505988,0.6256513576937649,0.8083335278012291,0.7505454136841763,0.38487152643489825,1.2053483295261027,-0.8498364456348662,0.40683742795524463,-0.651135495119281,-0.4144556004615526,0.3998094208118165,0.669947455604223,-0.6347891935868331,0.0,0.6882113771853678,1.1921382551160753,-0.03608102336097565
4383,1.0397419107699872,-0.6048516125728146,-1.0234775783485959,0.5463872817193415,-0.41702107268800304,0.2637247118534075,-0.9036978983587384,0.2799961531443808,0.40683742795524463,-0.651135495119281,-0.4144556004615526,5.079622520821603,1.0632086243048922,0.7218644258993372,0.0,0.6882113771853678,-0.5664572772702333,-0.41632529460566275
4384,-0.6698207531651602,-0.19189373126090398,0.83179247469906,2.3800110042925544,-0.41702107268800304,0.20315130456266212,-0.7582464343666804,-0.6238699258790168,0.40683742795524463,-0.651135495119281,-0.4144556004615526,0.7733521694887132,0.1859008791607206,1.3032874056791244,0.0,2.2694999670951255,-0.5664572772702333,-1.176813837095037
4385,-0.11627828535524586,0.7455186071914209,0.6256513576937649,-0.23945145652632133,3.085678386428535,1.1117524139238428,-0.39461777438653534,-0.8498364456348662,-3.9304705684926433,-0.651135495119281,-0.4144556004615526,0.1376191803756845,0.24894812107435169,0.5280567659727414,0.0,0.6882113771853678,-0.5664572772702333,-0.7965695658503499
4386,0.33044307894327246,-0.1598991025545497,0.007228006677879595,-1.156263317812928,-0.41702107268800304,-1.1900370631244817,-1.0855122283488108,0.0540296333885314,0.40683742795524463,1.5357786628062884,-0.4144556004615526,-0.030988408315799385,0.6772451560576672,-1.4100198332932161,0.0,0.6882113771853678,-0.5664572772702333,-1.176813837095037
4387,1.0365972762574582,0.6366090335240532,0.6256513576937649,-0.5013977026082089,-0.41702107268800304,0.6877385628886251,0.18718808158169664,-0.8498364456348662,0.40683742795524463,-0.651135495119281,-0.4144556004615526,0.688428333400376,0.5350303839103566,-0.24717387373364158,0.0,0.6882113771853678,1.1921382551160753,-0.7965695658503499
4388,0.970780353846232,0.4551649930128766,-0.19891311032741552,-0.37042457956726516,-0.41702107268800304,0.6877385628886251,-0.24916631039447737,0.5059626729002302,0.40683742795524463,-0.651135495119281,-0.4144556004615526,1.0750848225938963,2.8769547971547818,-0.8285968535134288,0.0,0.6882113771853678,1.1921382551160753,-0.41632529460566275
4389,0.30486590107301353,0.048284822230798156,0.4195102406884698,-1.156263317812928,2.501895143242445,1.1117524139238428,1.9326056494863928,0.0540296333885314,-1.7618165702686994,-0.651135495119281,-0.4144556004615526,0.29902056822526135,0.22124389827782578,0.14044144611954992,0.0,0.6882113771853678,-0.5664572772702333,-0.03608102336097565
4390,-0.12468803895260275,-0.39273209871777726,0.4195102406884698,1.0702797738831167,-0.41702107268800304,0.32429811914415285,-0.8673350323607238,-0.171936886367318,0.40683742795524463,-0.651135495119281,-0.4144556004615526,0.33950435858180145,0.074082828218016,0.5280567659727414,0.0,0.6882113771853678,1.1921382551160753,-1.176813837095037
4391,1.0469514016855161,0.671933567038427,0.4195102406884698,-1.156263317812928,-0.41702107268800304,0.8088853774701159,0.33263954557375464,-0.6238699258790168,0.40683742795524463,-0.651135495119281,-0.4144556004615526,0.30230031963187065,0.6067214550331399,0.14044144611954992,0.0,0.6882113771853678,-0.5664572772702333,-0.7965695658503499
4392,0.0653712999065836,-0.22476614573018197,-0.8173364613433008,0.5463872817193415,-0.41702107268800304,-0.7660232120892639,-0.7582464343666804,0.2799961531443808,0.40683742795524463,-0.651135495119281,-0.4144556004615526,3.2056504536552497,1.0614342077400447,-0.24717387373364158,0.0,2.2694999670951255,1.1921382551160753,-1.176813837095037
4393,-0.760784920725726,-0.3806358787810916,0.83179247469906,2.3800110042925544,-0.41702107268800304,0.2637247118534075,-0.6127949703746224,-0.6238699258790168,0.40683742795524463,-0.651135495119281,-0.4144556004615526,1.026374891234504,0.8637549222689407,1.1094797457525287,0.0,0.6882113771853678,-0.5664572772702333,-1.176813837095037
4394,0.9839742512571856,1.0206299845627889,0.2133691236831747,1.0702797738831167,-0.41702107268800304,0.8088853774701159,-0.6127949703746224,-0.3979034061231674,0.40683742795524463,1.5357786628062884,2.412803684849147,0.9121632936522965,0.6615384861780342,-0.8285968535134288,0.0,2.2694999670951255,-0.5664572772702333,-0.7965695658503499
4395,0.970780353846232,1.6993579784701411,0.007228006677879595,1.594172266046892,-0.41702107268800304,0.6877385628886251,-1.0491493623507964,0.2799961531443808,0.40683742795524463,1.5357786628062884,2.412803684849147,1.2902889913749993,0.7209823823945722,-0.44098153366023735,0.0,2.2694999670951255,-0.5664572772702333,-0.41632529460566275
4396,0.9756026658424745,0.3074000973409117,0.6256513576937649,-0.8943170717310404,-0.41702107268800304,-0.09971573189106478,0.5144538755638272,-0.171936886367318,0.40683742795524463,-0.651135495119281,-0.4144556004615526,0.028208478738253117,1.3226207925985085,-0.053366213807045836,0.0,2.2694999670951255,1.1921382551160753,-0.7965695658503499
4397,-0.47640749231187823,0.6708818936094569,-1.8480420463697762,1.594172266046892,-0.41702107268800304,0.8088853774701159,2.3325971754645525,-0.3979034061231674,0.40683742795524463,-0.651135495119281,-0.4144556004615526,0.4930907620111913,-0.8852762436403456,0.915672085825933,0.0,2.2694999670951255,1.1921382551160753,-0.7965695658503499
4398,0.9002672456236281,0.20809581138011793,-0.4050542273327106,-0.6323708256491528,-0.41702107268800304,1.1723258212145882,-0.9036978983587384,-0.3979034061231674,0.40683742795524463,1.5357786628062884,-0.4144556004615526,0.3681707500804038,0.34042052987914373,0.14044144611954992,0.0,2.2694999670951255,-0.5664572772702333,-0.7965695658503499
4399,0.4285901429834893,0.13822485740249832,0.2133691236831747,-1.156263317812928,2.501895143242445,1.1723258212145882,1.9326056494863928,-0.171936886367318,-1.7618165702686994,-0.651135495119281,-0.4144556004615526,0.021568503117742305,0.4458249010758928,0.5280567659727414,0.0,0.6882113771853678,-0.5664572772702333,-0.41632529460566275
4400,-0.12468803895260275,-0.33124696491055067,0.4195102406884698,1.0702797738831167,-0.41702107268800304,0.32429811914415285,-0.8673350323607238,-0.171936886367318,0.40683742795524463,-0.651135495119281,-0.4144556004615526,0.3234515463240352,0.04232558815090851,0.5280567659727414,0.0,0.6882113771853678,1.1921382551160753,-1.176813837095037
4401,0.970780353846232,0.24169736485609505,-1.0234775783485959,0.6773604047602854,-0.41702107268800304,-0.5843029902170278,-0.7218835683686659,0.2799961531443808,0.40683742795524463,-0.651135495119281,-0.4144556004615526,4.994193383402824,1.3043094677297296,0.14044144611954992,0.0,2.2694999670951255,1.1921382551160753,-0.41632529460566275
4402,-0.6992066319695837,-1.0657436441115278,-1.0234775783485959,-0.7633439486900966,0.7505454136841763,0.9300321920516067,2.078057113478451,1.1838622321677783,-1.7618165702686994,-0.651135495119281,-0.4144556004615526,0.18247469446375672,0.4381819632082919,0.7218644258993372,0.0,0.6882113771853678,1.1921382551160753,-0.41632529460566275
4403,0.6000269718657627,-0.04308407105961852,0.2133691236831747,-0.23945145652632133,0.7505454136841763,1.1723258212145882,1.2053483295261027,0.5059626729002302,-1.7618165702686994,-0.651135495119281,-0.4144556004615526,1.0790988563873205,0.7150465474352095,-0.6347891935868331,0.0,0.6882113771853678,1.1921382551160753,-0.7965695658503499
4404,1.0733550990484024,1.6303991601309478,0.6256513576937649,-0.6323708256491528,0.7505454136841763,0.5665917483071344,0.8780825355439722,-0.8498364456348662,0.40683742795524463,-0.651135495119281,-0.4144556004615526,0.2748114522598612,0.6269693245304698,-1.6038274932198118,0.0,2.2694999670951255,1.1921382551160753,-0.7965695658503499
4405,0.002098899977924665,0.9032665788702623,0.6256513576937649,-0.23945145652632133,3.6694616296146245,1.1723258212145882,-0.39461777438653534,-0.8498364456348662,-3.9304705684926433,-0.651135495119281,-0.4144556004615526,0.18934850018903537,0.12572070124133894,0.33424910604614566,0.0,0.6882113771853678,-0.5664572772702333,-0.7965695658503499
4406,0.5516015495297161,-0.018826425905385497,-1.0234775783485959,0.6773604047602854,-0.41702107268800304,-0.7660232120892639,-0.6855207023706513,0.5059626729002302,0.40683742795524463,1.5357786628062884,-0.4144556004615526,4.206723022188427,1.2564622873273945,0.14044144611954992,0.0,2.2694999670951255,2.950733787502384,-0.7965695658503499
4407,0.970780353846232,0.29890907813392564,0.6256513576937649,-0.6323708256491528,-0.41702107268800304,0.6271651555978798,-0.030989114406390354,0.2799961531443808,0.40683742795524463,-0.651135495119281,-0.4144556004615526,0.7540462796220666,0.9456922346324154,-0.44098153366023735,0.0,0.6882113771853678,-0.5664572772702333,-0.41632529460566275
4408,0.04719798351111173,0.49314293225017036,-1.0234775783485959,0.6773604047602854,-0.41702107268800304,-0.3420093610540463,-0.8673350323607238,1.1838622321677783,0.40683742795524463,-0.651135495119281,-0.4144556004615526,2.1365524471767134,-0.6731434653894358,-0.8285968535134288,0.0,2.2694999670951255,-0.5664572772702333,-0.41632529460566275
4409,1.1046431720913765,0.7985842939064709,-0.8173364613433008,-0.10847833348537753,-0.41702107268800304,-0.0391423246003194,-0.8309721663627093,0.2799961531443808,0.40683742795524463,-0.651135495119281,-0.4144556004615526,1.4239652274826662,0.7835291769883208,0.5280567659727414,0.0,0.6882113771853678,1.1921382551160753,-0.41632529460566275
4410,1.043664658707479,1.6481449066612202,-0.4050542273327106,-0.6323708256491528,-0.41702107268800304,-1.3111838777059723,-0.9764236303547674,-0.3979034061231674,0.40683742795524463,-0.651135495119281,-0.4144556004615526,-0.011372145997541175,2.2021303445623035,-1.4100198332932161,0.0,2.2694999670951255,-0.5664572772702333,-0.7965695658503499
4411,-0.5550155251365828,1.2025939601021027,-0.4050542273327106,-0.5013977026082089,-0.41702107268800304,-1.0083168412522454,-1.0491493623507964,0.5059626729002302,0.40683742795524463,1.5357786628062884,-0.4144556004615526,1.1293814112816296,-0.32257337911784245,-1.0224045134400246,0.0,0.6882113771853678,-0.5664572772702333,-0.41632529460566275
4412,0.39715252391141515,1.1844949557678512,-0.19891311032741552,0.2844410356374539,-0.41702107268800304,-0.5237295829262825,-1.0855122283488108,0.957895712411929,0.40683742795524463,-0.651135495119281,-0.4144556004615526,1.6578624825335029,-0.26154150551695415,0.7218644258993372,0.0,2.2694999670951255,1.1921382551160753,-0.7965695658503499
4413,0.970780353846232,0.40777245207862195,0.4195102406884698,-0.23945145652632133,-0.41702107268800304,1.1117524139238428,-0.10371484640241935,-0.3979034061231674,0.40683742795524463,-0.651135495119281,-0.4144556004615526,1.0701885753749838,1.758293958399155,-0.6347891935868331,0.0,0.6882113771853678,-0.5664572772702333,-0.41632529460566275
4414,1.0909748024785477,1.200632795116922,-1.0234775783485959,0.5463872817193415,-0.41702107268800304,0.506018341016389,1.9689685154844072,0.7319291926560796,0.40683742795524463,-0.651135495119281,-0.4144556004615526,0.0650002250609675,0.6191769716954018,0.5280567659727414,0.0,2.2694999670951255,1.1921382551160753,-0.7965695658503499
4415,-0.2038377754751,0.4294181851759116,1.6563569427202405,-1.287236440853872,-0.41702107268800304,-1.7957711360319355,-0.6491578363726369,-0.8498364456348662,0.40683742795524463,-0.651135495119281,-0.4144556004615526,-0.4540419995739888,0.7380421573008951,0.14044144611954992,0.0,0.6882113771853678,-0.5664572772702333,-0.7965695658503499
4416,-0.16002385076544098,0.5001165675623288,-0.4050542273327106,0.2844410356374539,-0.41702107268800304,-0.0391423246003194,-0.8309721663627093,-0.6238699258790168,0.40683742795524463,-0.651135495119281,-0.4144556004615526,0.16125358858857616,-0.3404728433713803,1.4970950656057203,0.0,0.6882113771853678,-0.5664572772702333,-0.7965695658503499
4417,1.0718031166720068,2.2017746047074485,0.4195102406884698,0.2844410356374539,0.16676217049808661,0.6877385628886251,-0.14007771240043385,-1.301769485146565,0.40683742795524463,-0.651135495119281,-0.4144556004615526,0.5117177489765932,0.2658335782256204,-0.44098153366023735,0.0,2.2694999670951255,-0.5664572772702333,-1.176813837095037
4418,1.0718031166720068,0.8123032714970676,0.4195102406884698,-0.23945145652632133,-0.41702107268800304,0.7483119701793706,0.07809948358765315,-1.0758029653907155,0.40683742795524463,-0.651135495119281,-0.4144556004615526,0.3956545446563562,0.362023694427613,0.14044144611954992,0.0,0.6882113771853678,-0.5664572772702333,-1.176813837095037
4419,0.6858596762390604,0.38127992401041233,-1.0234775783485959,0.8083335278012291,-0.41702107268800304,0.02143108269042598,-0.030989114406390354,1.1838622321677783,0.40683742795524463,-0.651135495119281,-0.4144556004615526,1.1083918826598607,-0.33766663753776666,-1.4100198332932161,0.0,0.6882113771853678,-0.5664572772702333,-1.176813837095037
4420,1.0718031166720068,0.16741686532808495,0.2133691236831747,-1.287236440853872,1.9181119000563556,0.9300321920516067,0.8053568035479431,-0.6238699258790168,-1.7618165702686994,-0.651135495119281,-0.4144556004615526,1.1539440534109828,1.787709998667741,-0.6347891935868331,0.0,2.2694999670951255,-0.5664572772702333,-0.7965695658503499
4421,1.0598287789444016,0.6456504318613449,0.4195102406884698,0.5463872817193415,-0.41702107268800304,0.02143108269042598,-0.6855207023706513,-1.0758029653907155,-1.7618165702686994,-0.651135495119281,-0.4144556004615526,1.163642454436376,0.33607875783166374,-0.053366213807045836,0.0,0.6882113771853678,-0.5664572772702333,-0.7965695658503499
4422,0.07296258524859418,0.3322255416334492,-0.8173364613433008,0.4154141586783977,-0.41702107268800304,0.2637247118534075,-0.9036978983587384,-0.171936886367318,0.40683742795524463,1.5357786628062884,-0.4144556004615526,0.21032386857661203,-0.3428040391785991,1.3032874056791244,0.0,2.2694999670951255,1.1921382551160753,-0.7965695658503499
4423,1.018321442116539,1.6751998419102756,0.007228006677879595,-0.7633439486900966,-0.41702107268800304,-1.432330692287463,-1.0491493623507964,-0.171936886367318,0.40683742795524463,-0.651135495119281,-0.4144556004615526,0.13023114330284716,1.8147852780490448,-1.0224045134400246,0.0,2.2694999670951255,-0.5664572772702333,-0.7965695658503499
4424,0.34245341444639243,1.1498170878949705,0.6256513576937649,-0.5013977026082089,-0.41702107268800304,-0.3420093610540463,-1.0855122283488108,-0.8498364456348662,0.40683742795524463,1.5357786628062884,2.412803684849147,0.42091911078373334,-0.2952160208736338,1.3032874056791244,0.0,2.2694999670951255,-0.5664572772702333,-0.7965695658503499
4425,0.31402860425864637,-0.012811831552848653,0.6256513576937649,-1.156263317812928,3.085678386428535,1.2934726357960789,1.8235170514923493,-0.3979034061231674,-1.7618165702686994,-0.651135495119281,-0.4144556004615526,0.18872402921555553,0.4008599885423284,0.5280567659727414,0.0,0.6882113771853678,-0.5664572772702333,-0.41632529460566275
4426,1.0434553949853635,-1.6791691866457332,-1.0234775783485959,-0.6323708256491528,-0.41702107268800304,-0.7660232120892639,-0.7946093003646949,0.2799961531443808,0.40683742795524463,-0.651135495119281,-0.4144556004615526,5.033188954402147,1.2817272854326096,1.690902725532316,0.0,0.6882113771853678,2.950733787502384,-0.03608102336097565
4427,0.970780353846232,0.7628871742987976,-1.6419009293644813,-0.6323708256491528,-0.41702107268800304,-0.28143595376330094,1.6053398555042624,2.087728311191176,0.40683742795524463,-0.651135495119281,-0.4144556004615526,0.4645476830649544,1.3567254221388998,-0.24717387373364158,0.0,2.2694999670951255,-0.5664572772702333,-0.41632529460566275
4428,0.9362387735099132,-0.17951032299256994,-1.6419009293644813,1.463199143005948,-0.41702107268800304,-0.46315617563553707,0.15082521558368214,1.4098287519236279,0.40683742795524463,-0.651135495119281,-0.4144556004615526,1.2574139978466048,0.3432207208457607,-1.2162121733666202,0.0,0.6882113771853678,1.1921382551160753,-1.176813837095037
4429,0.9107986959986345,0.40851593374490414,-1.6419009293644813,1.594172266046892,-0.41702107268800304,-0.5237295829262825,0.18718808158169664,1.1838622321677783,0.40683742795524463,-0.651135495119281,-0.4144556004615526,1.3272261536199352,0.5490800474662717,-1.2162121733666202,0.0,0.6882113771853678,1.1921382551160753,-0.7965695658503499
4430,0.6667743151841893,1.2981505648107,-0.4050542273327106,-0.10847833348537753,-0.41702107268800304,-0.46315617563553707,-1.0855122283488108,0.957895712411929,0.40683742795524463,-0.651135495119281,-0.4144556004615526,1.5785553544193647,0.24412969112463245,1.3032874056791244,0.0,0.6882113771853678,2.950733787502384,-0.7965695658503499
4431,1.0342731806025014,0.21969943174082732,0.6256513576937649,-1.156263317812928,0.16676217049808661,0.6271651555978798,-0.35825490838852087,-0.171936886367318,0.40683742795524463,-0.651135495119281,-0.4144556004615526,0.6119472567422941,1.9809955060542728,-0.6347891935868331,0.0,0.6882113771853678,-0.5664572772702333,-0.7965695658503499
4432,0.23778483236769524,0.5408508680292969,0.2133691236831747,0.2844410356374539,-0.41702107268800304,-0.4025827683447917,-1.012786496352782,-0.171936886367318,0.40683742795524463,-0.651135495119281,-0.4144556004615526,2.777498160435814,0.09799426044490062,-1.2162121733666202,0.0,2.2694999670951255,-0.5664572772702333,-0.41632529460566275
4433,0.017095316722317847,0.16494983765486543,0.007228006677879595,-0.10847833348537753,-0.41702107268800304,-0.8265966193800093,-0.9036978983587384,0.957895712411929,0.40683742795524463,-0.651135495119281,-0.4144556004615526,1.126914741457844,-0.31597258092752933,0.14044144611954992,0.0,0.6882113771853678,1.1921382551160753,-0.7965695658503499
4434,1.0718031166720068,-0.32131218029314246,-1.4357598123591861,1.463199143005948,0.16676217049808661,-0.5843029902170278,0.11446234958566764,0.7319291926560796,-1.7618165702686994,-0.651135495119281,-0.4144556004615526,1.2877670177495213,0.567989945296791,-1.0224045134400246,0.0,0.6882113771853678,2.950733787502384,-0.7965695658503499
4435,0.3204393489850988,0.19285625841007545,-0.4050542273327106,-0.23945145652632133,-0.41702107268800304,0.44544493372564364,2.0416942474804363,1.4098287519236279,0.40683742795524463,-0.651135495119281,-0.4144556004615526,1.1472263896903618,-0.2509127841364151,-1.0224045134400246,0.0,0.6882113771853678,-0.5664572772702333,-0.41632529460566275
4436,1.023137423816093,0.7643318955146722,0.6256513576937649,-0.8943170717310404,-0.41702107268800304,0.6877385628886251,0.15082521558368214,-0.6238699258790168,0.40683742795524463,-0.651135495119281,-0.4144556004615526,0.3402885054811965,0.34217181008068126,-0.053366213807045836,0.0,0.6882113771853678,1.1921382551160753,-1.176813837095037
4437,0.5138513120822684,1.399092407080728,0.83179247469906,-0.5013977026082089,-0.41702107268800304,-0.5237295829262825,-1.1218750943468254,-0.3979034061231674,0.40683742795524463,-0.651135495119281,-0.4144556004615526,0.8215050531116731,-0.21876292564530297,1.3032874056791244,0.0,2.2694999670951255,-0.5664572772702333,-0.7965695658503499
4438,0.19906070274985624,-1.8003907894530935,-0.4050542273327106,-0.6323708256491528,-0.41702107268800304,-1.9169179506134262,-1.012786496352782,1.8617617914353266,0.40683742795524463,-0.651135495119281,-0.4144556004615526,0.45615418547441217,-0.2739607609499709,-1.4100198332932161,0.0,0.6882113771853678,1.1921382551160753,-0.41632529460566275
4439,-0.2494496185866831,0.44003842469574156,1.6563569427202405,-1.287236440853872,-0.41702107268800304,-1.7957711360319355,-0.6127949703746224,-0.8498364456348662,0.40683742795524463,-0.651135495119281,-0.4144556004615526,-0.4727097017891985,0.6755270002582727,0.14044144611954992,0.0,0.6882113771853678,-0.5664572772702333,-0.7965695658503499
4440,0.6628981623156308,0.3340342295490961,-1.0234775783485959,-0.5013977026082089,-0.41702107268800304,-1.6746243214504446,-0.8309721663627093,0.2799961531443808,0.40683742795524463,-0.651135495119281,-0.4144556004615526,1.9791221989669205,0.467691492280034,0.14044144611954992,0.0,0.6882113771853678,2.950733787502384,-0.03608102336097565
4441,0.970780353846232,0.8925062205361945,0.6256513576937649,0.9393066508421729,0.16676217049808661,0.6877385628886251,-0.4673435063825644,-0.8498364456348662,-1.7618165702686994,1.5357786628062884,-0.4144556004615526,1.0810198581726944,0.7993552741388006,-0.44098153366023735,0.0,0.6882113771853678,-0.5664572772702333,-0.41632529460566275
4442,1.0718031166720068,0.9233534734675162,0.4195102406884698,0.6773604047602854,-0.41702107268800304,0.990605599342352,-0.030989114406390354,-1.301769485146565,0.40683742795524463,-0.651135495119281,-0.4144556004615526,0.3956545446563562,0.362023694427613,-0.24717387373364158,0.0,0.6882113771853678,-0.5664572772702333,-1.176813837095037
4443,-1.1765390212527518,-1.8003907894530935,-0.8173364613433008,-1.0252901947719841,-0.41702107268800304,-0.16028913918181015,0.8780825355439722,0.5059626729002302,0.40683742795524463,1.5357786628062884,-0.4144556004615526,1.773735731555905,0.3294554056090743,1.1094797457525287,0.0,0.6882113771853678,1.1921382551160753,-0.03608102336097565
4444,1.0718031166720068,0.729941439056117,0.4195102406884698,0.8083335278012291,-0.41702107268800304,0.6877385628886251,-0.10371484640241935,-1.301769485146565,0.40683742795524463,-0.651135495119281,-0.4144556004615526,0.7762660933212533,0.29335934010404024,-0.44098153366023735,0.0,0.6882113771853678,-0.5664572772702333,-1.176813837095037
4445,-0.21848217145089216,0.34890396824101816,0.4195102406884698,0.6773604047602854,-0.41702107268800304,-2.219784987067153,-0.9400607643567529,0.5059626729002302,0.40683742795524463,-0.651135495119281,-0.4144556004615526,1.1571746731319126,0.21815489483806588,0.5280567659727414,0.0,0.6882113771853678,2.950733787502384,-0.03608102336097565
4446,1.1215593572592488,-1.6092151848440426,-1.0234775783485959,-0.5013977026082089,-0.41702107268800304,-0.5843029902170278,-0.8309721663627093,0.2799961531443808,0.40683742795524463,-0.651135495119281,-0.4144556004615526,5.180977452339642,1.2585247249891847,1.690902725532316,0.0,0.6882113771853678,1.1921382551160753,-0.03608102336097565
4447,0.8584901825482347,0.9207950657031394,0.6256513576937649,1.3322260199650044,0.16676217049808661,0.5665917483071344,1.3507997935181608,-0.6238699258790168,-1.7618165702686994,-0.651135495119281,-0.4144556004615526,0.7405320425385086,0.33657444218891636,-0.8285968535134288,0.0,0.6882113771853678,1.1921382551160753,-0.41632529460566275
4448,0.979528074057813,0.33759729186141657,0.4195102406884698,0.2844410356374539,-0.41702107268800304,0.7483119701793706,0.15082521558368214,-1.301769485146565,0.40683742795524463,-0.651135495119281,-0.4144556004615526,1.2286805764877096,0.8036311741076436,-0.6347891935868331,0.0,2.2694999670951255,1.1921382551160753,-0.7965695658503499
4449,1.108879545614677,1.3495824951702182,0.4195102406884698,1.3322260199650044,-0.41702107268800304,0.8088853774701159,-0.7582464343666804,-0.3979034061231674,0.40683742795524463,-0.651135495119281,-0.4144556004615526,0.5212042599068195,0.6871567964642864,-0.24717387373364158,0.0,0.6882113771853678,-0.5664572772702333,-0.03608102336097565
4450,1.137132900776744,0.788538575889099,0.2133691236831747,-0.8943170717310404,-0.41702107268800304,-1.73519772874119,-0.9400607643567529,-0.171936886367318,0.40683742795524463,-0.651135495119281,-0.4144556004615526,1.9851322050256621,1.2957021721498414,0.14044144611954992,0.0,0.6882113771853678,1.1921382551160753,0.34416324788371144
4451,0.1362975999695102,-0.40265243348739654,0.007228006677879595,-1.0252901947719841,-0.41702107268800304,-1.6746243214504446,-0.43098064038454986,-0.3979034061231674,0.40683742795524463,-0.651135495119281,-0.4144556004615526,-0.06732398640950703,0.046180114212259975,-0.053366213807045836,0.0,0.6882113771853678,1.1921382551160753,-0.7965695658503499
4452,0.6878202981871251,0.7719286936513002,-2.0541831633750713,-0.37042457956726516,-0.41702107268800304,0.44544493372564364,1.8598799174903637,1.1838622321677783,0.40683742795524463,-0.651135495119281,-0.4144556004615526,1.1239471686024822,0.33625949376690206,0.14044144611954992,0.0,0.6882113771853678,-0.5664572772702333,-1.176813837095037
4453,0.7496282970814575,0.20865691992474864,-0.19891311032741552,0.15346791259651008,-0.41702107268800304,0.7483119701793706,0.36900241157176916,-0.6238699258790168,0.40683742795524463,-0.651135495119281,-0.4144556004615526,1.3197083514797716,0.9304245839799351,-0.24717387373364158,0.0,0.6882113771853678,1.1921382551160753,-0.41632529460566275
4454,0.970780353846232,0.5609429414825329,0.4195102406884698,-0.6323708256491528,-0.41702107268800304,1.1723258212145882,-0.17644057839844834,-0.171936886367318,0.40683742795524463,-0.651135495119281,-0.4144556004615526,0.9174774139617212,2.128659256752298,-1.4100198332932161,0.0,0.6882113771853678,-0.5664572772702333,-0.41632529460566275
4455,0.970780353846232,0.3081506330823264,0.6256513576937649,-0.10847833348537753,-0.41702107268800304,0.6877385628886251,0.07809948358765315,-0.6238699258790168,0.40683742795524463,-0.651135495119281,-0.4144556004615526,1.006905838488037,0.8669853602881684,-0.44098153366023735,0.0,0.6882113771853678,1.1921382551160753,-0.41632529460566275
4456,0.970780353846232,1.540253297881654,0.007228006677879595,1.463199143005948,-0.41702107268800304,0.6877385628886251,-0.9036978983587384,0.0540296333885314,-1.7618165702686994,1.5357786628062884,-0.4144556004615526,1.287444498923551,0.7530452610610286,-0.24717387373364158,0.0,0.6882113771853678,-0.5664572772702333,-0.41632529460566275
4457,-0.11010917899070802,0.47593555054984543,-0.6111953443380057,0.022494789555566278,-0.41702107268800304,0.02143108269042598,-0.9036978983587384,-0.3979034061231674,0.40683742795524463,1.5357786628062884,2.412803684849147,0.10417304936456437,-0.36027689024463594,1.4970950656057203,0.0,0.6882113771853678,1.1921382551160753,-0.7965695658503499
4458,1.0161294585110552,1.273828859626552,0.6256513576937649,-0.5013977026082089,-0.41702107268800304,1.0511790066330975,0.15082521558368214,-0.171936886367318,0.40683742795524463,1.5357786628062884,2.412803684849147,0.3323156757761795,0.3393130956850022,-1.4100198332932161,0.0,0.6882113771853678,1.1921382551160753,-1.176813837095037
4459,1.137132900776744,1.7568636111793194,0.6256513576937649,1.0702797738831167,0.7505454136841763,0.5665917483071344,1.5326141235082333,-0.8498364456348662,0.40683742795524463,-0.651135495119281,-0.4144556004615526,0.4883090301558707,0.3767801668299795,0.5280567659727414,0.0,0.6882113771853678,1.1921382551160753,0.34416324788371144
4460,0.840208662214368,0.7054698635453732,-0.4050542273327106,-0.37042457956726516,-0.41702107268800304,-1.1900370631244817,-0.9764236303547674,-0.3979034061231674,0.40683742795524463,-0.651135495119281,-0.4144556004615526,2.9337596047110877,1.0402158447789187,-0.6347891935868331,0.0,0.6882113771853678,1.1921382551160753,-0.03608102336097565
4461,0.970780353846232,0.703103870772332,0.6256513576937649,0.6773604047602854,-0.41702107268800304,0.44544493372564364,0.5144538755638272,-1.0758029653907155,0.40683742795524463,-0.651135495119281,-0.4144556004615526,1.235765636271372,0.19970554832319368,-0.8285968535134288,0.0,0.6882113771853678,2.950733787502384,-0.41632529460566275
4462,0.9393082406225148,0.22669998462219199,-0.4050542273327106,-0.7633439486900966,-0.41702107268800304,1.1723258212145882,-0.9036978983587384,-0.3979034061231674,0.40683742795524463,1.5357786628062884,-0.4144556004615526,0.3624434433962603,0.40292813754079376,0.14044144611954992,0.0,2.2694999670951255,-0.5664572772702333,-0.7965695658503499
4463,1.1362028569438714,0.7841738455743227,1.4502158257149453,-1.0252901947719841,-0.41702107268800304,-1.73519772874119,-0.9400607643567529,-0.171936886367318,0.40683742795524463,-0.651135495119281,-0.4144556004615526,1.2364325228054387,1.289742038224125,0.14044144611954992,0.0,0.6882113771853678,-0.5664572772702333,-0.03608102336097565
4464,1.0418809484077236,1.2104242634111488,0.4195102406884698,-1.0252901947719841,0.16676217049808661,0.7483119701793706,0.8417196695459577,-0.8498364456348662,0.40683742795524463,-0.651135495119281,-0.4144556004615526,0.19369957112380562,0.8538837479563647,-1.2162121733666202,0.0,0.6882113771853678,-0.5664572772702333,-0.7965695658503499
4465,0.36947117098153115,0.05655129509772526,-0.8173364613433008,-0.5013977026082089,-0.41702107268800304,-1.6746243214504446,-0.7946093003646949,0.2799961531443808,0.40683742795524463,-0.651135495119281,-0.4144556004615526,1.4999310870205291,-0.04394241559916354,0.14044144611954992,0.0,0.6882113771853678,2.950733787502384,-0.03608102336097565
4466,-0.7677698652817935,-1.7458753590614198,1.037933591704355,2.118064758210667,-0.41702107268800304,-0.0391423246003194,-0.8309721663627093,-0.8498364456348662,0.40683742795524463,-0.651135495119281,-0.4144556004615526,0.8212464172725932,0.40476337358066744,1.8847103854589116,0.0,0.6882113771853678,1.1921382551160753,-1.176813837095037
4467,-0.08214506844510369,-0.5342485772826943,0.83179247469906,1.0702797738831167,-0.41702107268800304,0.14257789727191675,-0.8309721663627093,0.0540296333885314,0.40683742795524463,-0.651135495119281,-0.4144556004615526,0.4716362297959535,0.1668038857486365,0.14044144611954992,0.0,0.6882113771853678,1.1921382551160753,-1.176813837095037
4468,0.970780353846232,0.29809554583713305,0.83179247469906,-0.7633439486900966,-0.41702107268800304,0.44544493372564364,0.04173661758963865,0.2799961531443808,0.40683742795524463,-0.651135495119281,-0.4144556004615526,0.5763580007279002,0.9515369953279451,-0.44098153366023735,0.0,0.6882113771853678,1.1921382551160753,-0.41632529460566275
4469,1.0718031166720068,0.7400936006782819,0.4195102406884698,0.8083335278012291,-0.41702107268800304,0.7483119701793706,-0.06735198040440485,-1.301769485146565,0.40683742795524463,-0.651135495119281,-0.4144556004615526,0.729350794780769,0.30182311030092474,-0.44098153366023735,0.0,0.6882113771853678,-0.5664572772702333,-1.176813837095037
4470,1.0310881900000803,0.19735393106299054,0.83179247469906,-0.8943170717310404,1.334328656870266,0.14257789727191675,0.5871796075598562,-0.6238699258790168,-1.7618165702686994,-0.651135495119281,-0.4144556004615526,0.6953891283915883,2.1181476749765475,-0.44098153366023735,0.0,2.2694999670951255,-0.5664572772702333,-0.7965695658503499
4471,-1.1089149139277616,-1.8003907894530935,-0.6111953443380057,-1.287236440853872,-0.41702107268800304,-0.0391423246003194,0.40536527756978363,0.5059626729002302,0.40683742795524463,-0.651135495119281,-0.4144556004615526,1.785294287930283,-0.13695906700067983,0.915672085825933,0.0,2.2694999670951255,1.1921382551160753,0.34416324788371144
4472,0.5988447628328389,-0.0286379660427925,-1.229618695353891,1.0702797738831167,-0.41702107268800304,0.8088853774701159,-0.9400607643567529,0.7319291926560796,0.40683742795524463,1.5357786628062884,-0.4144556004615526,0.36941099925748677,-0.2214313214006908,0.5280567659727414,0.0,0.6882113771853678,1.1921382551160753,-0.7965695658503499
4473,-1.7242804397768323,0.7809536414808708,0.83179247469906,2.2490378812516107,-0.41702107268800304,0.44544493372564364,-0.8309721663627093,-0.6238699258790168,0.40683742795524463,1.5357786628062884,-0.4144556004615526,0.3362310852510281,0.071683784271966,1.4970950656057203,0.0,0.6882113771853678,-0.5664572772702333,-0.41632529460566275
4474,0.4108554486924213,0.5853522915997734,1.037933591704355,0.022494789555566278,-0.41702107268800304,-0.5237295829262825,-1.1218750943468254,-0.8498364456348662,0.40683742795524463,-0.651135495119281,-0.4144556004615526,3.200136971161891,0.6707819575397601,-1.4100198332932161,0.0,0.6882113771853678,-0.5664572772702333,-0.03608102336097565
4475,0.38803926238587566,-0.8310403490094311,-1.0234775783485959,0.15346791259651008,-0.41702107268800304,-0.7660232120892639,-0.7218835683686659,0.2799961531443808,0.40683742795524463,-0.651135495119281,-0.4144556004615526,3.8642047965244477,1.1839517722147195,0.5280567659727414,0.0,0.6882113771853678,2.950733787502384,-0.7965695658503499
4476,1.0111997974648228,0.21197756331185189,0.6256513576937649,-0.5013977026082089,-0.41702107268800304,0.9300321920516067,-0.24916631039447737,-0.6238699258790168,0.40683742795524463,1.5357786628062884,-0.4144556004615526,0.9709711271509391,1.8670449059950296,-0.24717387373364158,0.0,0.6882113771853678,-0.5664572772702333,-0.7965695658503499
4477,1.0829100156739737,-0.2243968385885731,-1.6419009293644813,1.463199143005948,-0.41702107268800304,-0.46315617563553707,0.22355094757971114,0.7319291926560796,0.40683742795524463,-0.651135495119281,-0.4144556004615526,1.300345189293939,0.4933113127867445,-0.8285968535134288,0.0,0.6882113771853678,1.1921382551160753,-0.7965695658503499
4478,0.24956855302364617,0.20802203241995837,-0.6111953443380057,-0.5013977026082089,-0.41702107268800304,-1.4929040995782086,-0.8673350323607238,0.957895712411929,0.40683742795524463,-0.651135495119281,-0.4144556004615526,1.4815358842805224,-0.23309534151148653,0.14044144611954992,0.0,0.6882113771853678,1.1921382551160753,-0.41632529460566275
4479,0.20279472704408344,0.775229986864184,0.4195102406884698,-0.10847833348537753,3.085678386428535,1.1723258212145882,-0.39461777438653534,-0.8498364456348662,-3.9304705684926433,-0.651135495119281,-0.4144556004615526,0.17148214451804866,0.2647935198507259,0.14044144611954992,0.0,0.6882113771853678,-0.5664572772702333,-0.41632529460566275
4480,0.4736458587294944,1.1671748815988598,0.4195102406884698,0.15346791259651008,-0.41702107268800304,-0.5237295829262825,-1.1218750943468254,0.2799961531443808,0.40683742795524463,-0.651135495119281,-0.4144556004615526,2.015112022696469,0.10862541844887912,0.5280567659727414,0.0,2.2694999670951255,1.1921382551160753,-0.7965695658503499
4481,-0.5857510555915164,0.8578739930342539,1.037933591704355,2.2490378812516107,-0.41702107268800304,0.08200448998117135,-0.39461777438653534,-0.8498364456348662,0.40683742795524463,-0.651135495119281,-0.4144556004615526,0.7287815462574364,0.03622051723024968,1.1094797457525287,0.0,0.6882113771853678,-0.5664572772702333,-1.176813837095037
4482,0.970780353846232,1.1833443407849318,0.4195102406884698,0.9393066508421729,0.7505454136841763,0.6877385628886251,-0.5764321043766079,-0.6238699258790168,-1.7618165702686994,1.5357786628062884,-0.4144556004615526,1.2572349271104122,0.8146694566161757,-0.24717387373364158,0.0,0.6882113771853678,-0.5664572772702333,-0.41632529460566275
4483,-0.12468803895260275,0.13679096649072117,-0.19891311032741552,0.5463872817193415,-0.41702107268800304,0.14257789727191675,-0.8673350323607238,-0.3979034061231674,0.40683742795524463,-0.651135495119281,-0.4144556004615526,0.20125412107561383,-0.19941728573831893,1.1094797457525287,0.0,0.6882113771853678,1.1921382551160753,-0.7965695658503499
4484,-0.9400991085675006,-0.47168202461524167,0.2133691236831747,2.2490378812516107,-0.41702107268800304,-0.16028913918181015,0.11446234958566764,-0.3979034061231674,0.40683742795524463,-0.651135495119281,-0.4144556004615526,0.9794711176675777,1.5832235371606704,1.3032874056791244,0.0,0.6882113771853678,-0.5664572772702333,-0.7965695658503499
4485,0.8289287004403156,0.7394629244391101,-0.8173364613433008,-1.156263317812928,-0.41702107268800304,0.14257789727191675,1.0962597315320592,0.5059626729002302,0.40683742795524463,-0.651135495119281,-0.4144556004615526,2.160132508933081,0.6005598989200772,-0.44098153366023735,0.0,2.2694999670951255,-0.5664572772702333,-1.176813837095037
4486,1.003581863311256,1.3627823240067152,0.007228006677879595,1.3322260199650044,-0.41702107268800304,0.44544493372564364,-0.9764236303547674,-0.171936886367318,0.40683742795524463,-0.651135495119281,-0.4144556004615526,1.2547120929345519,0.5731981861368445,-0.24717387373364158,0.0,0.6882113771853678,-0.5664572772702333,-0.7965695658503499
4487,1.0500628659512388,0.8375665455909623,-0.6111953443380057,-0.23945145652632133,-0.41702107268800304,-0.5843029902170278,1.3871626595161752,-0.171936886367318,0.40683742795524463,-0.651135495119281,-0.4144556004615526,0.9287999392990027,2.357714229358279,-0.053366213807045836,0.0,2.2694999670951255,-0.5664572772702333,-0.7965695658503499
4488,0.970780353846232,1.6417079483385546,0.007228006677879595,1.594172266046892,-0.41702107268800304,0.6877385628886251,-1.012786496352782,0.2799961531443808,0.40683742795524463,1.5357786628062884,2.412803684849147,1.26238207638335,0.7209823823945722,-0.44098153366023735,0.0,2.2694999670951255,-0.5664572772702333,-0.41632529460566275
4489,0.6943682202179965,0.39678873635093714,1.2440747087096502,-0.7633439486900966,-0.41702107268800304,-1.3717572849967177,-1.1218750943468254,-1.0758029653907155,0.40683742795524463,-0.651135495119281,-0.4144556004615526,0.2523828183333098,1.3965145795021852,-1.4100198332932161,0.0,2.2694999670951255,-0.5664572772702333,-1.176813837095037
4490,0.970780353846232,1.1486382633046082,0.2133691236831747,1.463199143005948,-0.41702107268800304,0.7483119701793706,-0.7946093003646949,-0.171936886367318,0.40683742795524463,1.5357786628062884,2.412803684849147,1.0236995682598609,0.7209823823945722,-0.6347891935868331,0.0,2.2694999670951255,-0.5664572772702333,-0.41632529460566275
4491,0.5971693620624814,0.09772192952453168,-0.4050542273327106,0.15346791259651008,0.16676217049808661,0.8088853774701159,1.4235255255141899,0.7319291926560796,0.40683742795524463,-0.651135495119281,-0.4144556004615526,1.0625436245185456,0.5477750166499181,-0.44098153366023735,0.0,0.6882113771853678,1.1921382551160753,-0.7965695658503499
4492,0.970780353846232,0.546952817588701,-1.8480420463697762,-0.10847833348537753,-0.41702107268800304,-0.22086254647255554,1.6417027215022768,1.1838622321677783,0.40683742795524463,-0.651135495119281,-0.4144556004615526,0.25642127153734134,1.3567254221388998,-0.44098153366023735,0.0,2.2694999670951255,-0.5664572772702333,-0.41632529460566275
4493,0.970780353846232,0.2447686215009854,0.6256513576937649,0.15346791259651008,-0.41702107268800304,1.0511790066330975,-0.030989114406390354,-0.8498364456348662,0.40683742795524463,-0.651135495119281,-0.4144556004615526,1.235765636271372,1.3336973998181965,-0.053366213807045836,0.0,0.6882113771853678,-0.5664572772702333,-0.41632529460566275
4494,-0.07302767124809932,0.5455554156067508,-0.4050542273327106,0.022494789555566278,-0.41702107268800304,-0.0391423246003194,-0.9036978983587384,-0.6238699258790168,0.40683742795524463,1.5357786628062884,2.412803684849147,0.14807343318129693,-0.3632762723524098,1.4970950656057203,0.0,2.2694999670951255,-0.5664572772702333,-0.7965695658503499
4495,1.0718031166720068,1.535830867515183,0.6256513576937649,-0.6323708256491528,0.16676217049808661,0.6877385628886251,0.5871796075598562,-0.6238699258790168,0.40683742795524463,-0.651135495119281,-0.4144556004615526,0.3135061675748847,0.5429506164578106,-1.6038274932198118,0.0,0.6882113771853678,1.1921382551160753,-0.7965695658503499
4496,0.15474415863493782,0.317710026769058,-1.0234775783485959,0.2844410356374539,-0.41702107268800304,-0.8265966193800093,-0.8309721663627093,0.957895712411929,0.40683742795524463,-0.651135495119281,-0.4144556004615526,1.8288267173430486,-0.5020515467731193,-0.44098153366023735,0.0,0.6882113771853678,-0.5664572772702333,-0.41632529460566275
4497,1.0236425530303488,0.23450884924212215,0.2133691236831747,-1.156263317812928,0.16676217049808661,0.8694587847608612,-0.4673435063825644,-0.3979034061231674,0.40683742795524463,1.5357786628062884,2.412803684849147,0.30803780229727995,1.786606218151557,-0.6347891935868331,0.0,0.6882113771853678,-0.5664572772702333,-0.7965695658503499
4498,1.0278610898269385,0.7476208761270486,-1.8480420463697762,-0.6323708256491528,-0.41702107268800304,0.08200448998117135,1.6417027215022768,1.6357952716794772,0.40683742795524463,-0.651135495119281,-0.4144556004615526,0.8958327113726282,0.794690637988704,-0.053366213807045836,0.0,0.6882113771853678,-0.5664572772702333,-0.7965695658503499
4499,-0.11106525973136049,-0.9391394545702388,-0.19891311032741552,-1.0252901947719841,-0.41702107268800304,-1.4929040995782086,-1.012786496352782,0.0540296333885314,0.40683742795524463,1.5357786628062884,-0.4144556004615526,-0.040362973127998227,0.12741406551176365,-0.44098153366023735,0.0,0.6882113771853678,2.950733787502384,-1.176813837095037
4500,1.0528010891603958,0.8343845913277981,-1.4357598123591861,0.15346791259651008,-0.41702107268800304,0.20315130456266212,1.9689685154844072,1.6357952716794772,0.40683742795524463,-0.651135495119281,-0.4144556004615526,0.010967503619165625,0.967267066439093,-0.053366213807045836,0.0,2.2694999670951255,-0.5664572772702333,-0.7965695658503499
4501,-0.6095553187867411,0.6894390736775291,1.2440747087096502,2.2490378812516107,-0.41702107268800304,-0.0391423246003194,-0.24916631039447737,-0.8498364456348662,0.40683742795524463,-0.651135495119281,-0.4144556004615526,0.7692536589171758,0.14876357720061775,1.1094797457525287,0.0,0.6882113771853678,-0.5664572772702333,-1.176813837095037
4502,0.40811009676937043,1.847726523522701,0.2133691236831747,-1.0252901947719841,-0.41702107268800304,-0.9477434339615001,-1.1218750943468254,-0.3979034061231674,0.40683742795524463,1.5357786628062884,2.412803684849147,0.21760136594014182,-0.31205053693607315,-1.0224045134400246,0.0,2.2694999670951255,-0.5664572772702333,-0.7965695658503499
4503,1.1354161069835165,1.4363413663572981,0.6256513576937649,1.3322260199650044,0.16676217049808661,0.32429811914415285,1.3507997935181608,-0.6238699258790168,0.40683742795524463,-0.651135495119281,-0.4144556004615526,0.4334076932406674,0.6854082811345318,-0.053366213807045836,0.0,0.6882113771853678,1.1921382551160753,0.34416324788371144
4504,0.7832679575098151,0.3912914543659582,-0.19891311032741552,-0.6323708256491528,0.16676217049808661,1.1117524139238428,-0.32189204239050634,0.0540296333885314,0.40683742795524463,-0.651135495119281,-0.4144556004615526,-0.008823964856755906,1.4607446945809557,-0.8285968535134288,0.0,0.6882113771853678,1.1921382551160753,-0.41632529460566275
4505,1.0476508582098099,0.8403694209336141,-1.4357598123591861,0.15346791259651008,-0.41702107268800304,0.20315130456266212,1.9326056494863928,1.6357952716794772,0.40683742795524463,-0.651135495119281,-0.4144556004615526,0.049544170894361604,0.9917218639949377,-0.053366213807045836,0.0,2.2694999670951255,-0.5664572772702333,-0.7965695658503499
4506,1.009607488006687,0.4388509005050589,0.4195102406884698,0.4154141586783977,-0.41702107268800304,0.6271651555978798,0.04173661758963865,-1.301769485146565,0.40683742795524463,-0.651135495119281,-0.4144556004615526,1.2043182922661395,0.6150846106365515,-0.6347891935868331,0.0,2.2694999670951255,1.1921382551160753,-0.7965695658503499
4507,-0.5490406872735912,0.4882902723465204,1.037933591704355,0.5463872817193415,0.16676217049808661,0.44544493372564364,-0.21280344439646284,-0.6238699258790168,0.40683742795524463,-0.651135495119281,-0.4144556004615526,-0.23470914891815223,-0.16797168797404738,1.1094797457525287,0.0,0.6882113771853678,-0.5664572772702333,-0.7965695658503499
4508,-0.5657384860383827,0.7609512310223998,1.037933591704355,1.8561185121287795,-0.41702107268800304,0.08200448998117135,-0.21280344439646284,-0.8498364456348662,0.40683742795524463,-0.651135495119281,-0.4144556004615526,0.34689743503744064,-0.18777559025484877,1.1094797457525287,0.0,0.6882113771853678,-0.5664572772702333,-1.176813837095037
4509,1.0718031166720068,1.5105124266611436,0.4195102406884698,-1.287236440853872,-0.41702107268800304,-1.6140509141596993,-1.0491493623507964,0.2799961531443808,0.40683742795524463,-0.651135495119281,-0.4144556004615526,1.4862655830408422,6.466605779984827,-1.6038274932198118,0.0,2.2694999670951255,-0.5664572772702333,-0.7965695658503499
4510,1.1369832774922644,0.9868041486137268,-1.6419009293644813,-0.6323708256491528,-0.41702107268800304,-0.0391423246003194,-0.8673350323607238,1.6357952716794772,0.40683742795524463,-0.651135495119281,-0.4144556004615526,1.689875656634958,1.2933434880715586,1.1094797457525287,0.0,0.6882113771853678,1.1921382551160753,-0.41632529460566275
4511,-0.009364778759356639,-0.4606977629856157,0.6256513576937649,0.15346791259651008,-0.41702107268800304,-0.6448763975077731,-0.8673350323607238,0.0540296333885314,0.40683742795524463,-0.651135495119281,-0.4144556004615526,0.5160286418847608,0.12559674219849357,-0.24717387373364158,0.0,0.6882113771853678,1.1921382551160753,-1.176813837095037
4512,1.0718031166720068,0.4142116557539573,0.2133691236831747,0.5463872817193415,0.16676217049808661,-0.22086254647255554,-0.6491578363726369,-1.0758029653907155,-1.7618165702686994,-0.651135495119281,-0.4144556004615526,1.1614816411792968,0.2658335782256204,-0.44098153366023735,0.0,0.6882113771853678,-0.5664572772702333,-0.7965695658503499
4513,0.6767285488455055,0.44565069760949894,-1.0234775783485959,-0.8943170717310404,-0.41702107268800304,1.2328992285053335,-1.012786496352782,0.2799961531443808,0.40683742795524463,1.5357786628062884,2.412803684849147,0.07221157631751708,0.23987732989148938,-0.44098153366023735,0.0,0.6882113771853678,-0.5664572772702333,-0.7965695658503499
4514,0.970780353846232,0.24169736485609505,0.2133691236831747,-1.4182095638948156,-0.41702107268800304,0.7483119701793706,0.6962682055538997,-0.3979034061231674,0.40683742795524463,-0.651135495119281,-0.4144556004615526,0.0161675861684053,1.3567254221388998,0.14044144611954992,0.0,0.6882113771853678,-0.5664572772702333,-0.41632529460566275
4515,1.108916099697132,0.7692428134897511,-1.229618695353891,-0.6323708256491528,-0.41702107268800304,-0.46315617563553707,-0.9036978983587384,1.8617617914353266,0.40683742795524463,1.5357786628062884,-0.4144556004615526,1.2310568510834154,1.1148763793801046,0.915672085825933,0.0,0.6882113771853678,1.1921382551160753,-0.41632529460566275
4516,1.044693382312359,0.8205931892140966,0.007228006677879595,-0.5013977026082089,-0.41702107268800304,0.32429811914415285,0.8053568035479431,-0.8498364456348662,0.40683742795524463,-0.651135495119281,-0.4144556004615526,1.7127595839042096,0.6325709933692009,-0.24717387373364158,0.0,0.6882113771853678,-0.5664572772702333,-0.7965695658503499
4517,-0.11367110913503502,0.40609880221711214,-0.4050542273327106,0.15346791259651008,-0.41702107268800304,-0.0391423246003194,-0.8673350323607238,-0.3979034061231674,0.40683742795524463,-0.651135495119281,-0.4144556004615526,0.15559091771468375,-0.3334328059932163,1.4970950656057203,0.0,2.2694999670951255,1.1921382551160753,-0.7965695658503499
4518,0.10603801469198461,1.4827460776545442,0.6256513576937649,-0.6323708256491528,-0.41702107268800304,-0.6448763975077731,-1.1218750943468254,-0.8498364456348662,0.40683742795524463,1.5357786628062884,2.412803684849147,0.6372866523615054,-0.22796125381509605,0.33424910604614566,0.0,2.2694999670951255,-0.5664572772702333,-0.7965695658503499
4519,1.062719602626649,0.7609969458496856,-0.19891311032741552,-1.0252901947719841,-0.41702107268800304,0.2637247118534075,0.9144454015419866,-0.8498364456348662,0.40683742795524463,-0.651135495119281,-0.4144556004615526,1.8836002763628341,0.8960236404280516,0.14044144611954992,0.0,2.2694999670951255,-0.5664572772702333,-0.7965695658503499
4520,1.0718031166720068,0.735072085871846,-0.6111953443380057,0.15346791259651008,-0.41702107268800304,-0.0391423246003194,-0.4673435063825644,0.5059626729002302,0.40683742795524463,-0.651135495119281,-0.4144556004615526,1.2522597058723577,0.4407208491273117,-0.053366213807045836,0.0,0.6882113771853678,-0.5664572772702333,-0.7965695658503499
4521,-0.11080518012448634,0.8209566695144088,0.6256513576937649,0.2844410356374539,3.085678386428535,0.990605599342352,-0.35825490838852087,-0.8498364456348662,-3.9304705684926433,-0.651135495119281,-0.4144556004615526,0.09297503710640588,-0.03758491540611911,0.33424910604614566,0.0,0.6882113771853678,-0.5664572772702333,-0.41632529460566275
4522,0.5692398644866447,0.396903132511939,1.037933591704355,-1.156263317812928,-0.41702107268800304,-1.3717572849967177,-1.1218750943468254,-0.8498364456348662,0.40683742795524463,-0.651135495119281,-0.4144556004615526,-0.16113334750680627,1.812086198462554,-1.6038274932198118,0.0,2.2694999670951255,-0.5664572772702333,-1.176813837095037
4523,-0.6052266160982535,0.394583951777104,-1.8480420463697762,1.7251453890878359,-0.41702107268800304,0.8088853774701159,2.3325971754645525,-0.3979034061231674,0.40683742795524463,-0.651135495119281,-0.4144556004615526,0.37630094945849374,-0.937800600794978,0.915672085825933,0.0,0.6882113771853678,1.1921382551160753,-0.41632529460566275
4524,1.0718031166720068,0.9733227819974791,0.6256513576937649,-0.8943170717310404,-0.41702107268800304,0.7483119701793706,0.15082521558368214,-0.6238699258790168,0.40683742795524463,-0.651135495119281,-0.4144556004615526,0.3956545446563562,0.362023694427613,-0.44098153366023735,0.0,0.6882113771853678,1.1921382551160753,-0.7965695658503499
4525,1.0023885945239912,0.7508419699459187,-0.8173364613433008,-0.5013977026082089,-0.41702107268800304,-1.4929040995782086,-0.9400607643567529,-0.171936886367318,0.40683742795524463,-0.651135495119281,-0.4144556004615526,2.833140669300234,1.1797624021083772,-0.24717387373364158,0.0,0.6882113771853678,2.950733787502384,-0.03608102336097565
4526,-0.07549623200451301,-0.5211856666902486,0.83179247469906,0.6773604047602854,-0.41702107268800304,-0.46315617563553707,-0.8309721663627093,-0.171936886367318,0.40683742795524463,-0.651135495119281,-0.4144556004615526,0.6695363548727515,0.15461512685921408,-0.053366213807045836,0.0,2.2694999670951255,1.1921382551160753,-1.176813837095037
4527,0.28902446458906916,1.987234589858119,-0.19891311032741552,-1.156263317812928,-0.41702107268800304,-1.0688902485429908,-1.1218750943468254,-0.171936886367318,0.40683742795524463,1.5357786628062884,2.412803684849147,0.15551764755531883,-0.31545391567117986,-1.7976351531464076,0.0,2.2694999670951255,-0.5664572772702333,-0.7965695658503499
4528,0.9097768772758131,0.9027121005688762,0.6256513576937649,0.9393066508421729,-0.41702107268800304,0.32429811914415285,0.6235424735578706,-1.0758029653907155,0.40683742795524463,-0.651135495119281,-0.4144556004615526,1.0938352331871284,-0.10799896963203916,-1.0224045134400246,0.0,0.6882113771853678,1.1921382551160753,-0.7965695658503499
4529,0.4991094915779232,0.13462012176162025,0.2133691236831747,-0.37042457956726516,0.16676217049808661,-0.9477434339615001,-0.21280344439646284,-0.6238699258790168,-1.7618165702686994,-0.651135495119281,-0.4144556004615526,1.9020500872102233,0.683839549570099,-0.24717387373364158,0.0,0.6882113771853678,-0.5664572772702333,-0.41632529460566275
4530,0.5876762947731771,0.304944972340247,-1.4357598123591861,-0.37042457956726516,-0.41702107268800304,0.506018341016389,0.8053568035479431,0.2799961531443808,0.40683742795524463,-0.651135495119281,-0.4144556004615526,1.6357271654506753,1.0020930013816305,0.33424910604614566,0.0,0.6882113771853678,-0.5664572772702333,-0.41632529460566275
4531,1.0718031166720068,1.4653774899434233,0.6256513576937649,-1.287236440853872,-0.41702107268800304,-1.553477506868954,-1.0855122283488108,-0.171936886367318,0.40683742795524463,-0.651135495119281,-0.4144556004615526,1.3658517680757218,6.466605779984827,-1.6038274932198118,0.0,2.2694999670951255,-0.5664572772702333,-0.7965695658503499
4532,1.0184649921308313,0.5110340519565636,0.6256513576937649,-0.8943170717310404,-0.41702107268800304,0.2637247118534075,0.33263954557375464,-0.3979034061231674,0.40683742795524463,-0.651135495119281,-0.4144556004615526,0.19529254615815256,0.8872075554697761,0.14044144611954992,0.0,0.6882113771853678,1.1921382551160753,-0.7965695658503499
4533,-0.5144468350624023,0.31965227988045514,0.83179247469906,-0.7633439486900966,0.16676217049808661,0.7483119701793706,-0.32189204239050634,-0.3979034061231674,-1.7618165702686994,-0.651135495119281,-0.4144556004615526,-0.07558980439668748,0.6301926621171414,1.4970950656057203,0.0,0.6882113771853678,-0.5664572772702333,-1.176813837095037
4534,1.0718031166720068,2.1769567204583,0.6256513576937649,0.4154141586783977,-0.41702107268800304,0.6271651555978798,-0.06735198040440485,-1.301769485146565,0.40683742795524463,-0.651135495119281,-0.4144556004615526,0.3956545446563562,0.2687597323185582,-0.6347891935868331,0.0,0.6882113771853678,-0.5664572772702333,-1.176813837095037
4535,0.9969229191446173,0.5181523299263797,-0.19891311032741552,-0.8943170717310404,2.501895143242445,-0.09971573189106478,-0.5037063723805789,-1.0758029653907155,-1.7618165702686994,1.5357786628062884,-0.4144556004615526,1.6446155142276144,0.9271770419580063,-0.8285968535134288,0.0,0.6882113771853678,-0.5664572772702333,-0.41632529460566275
4536,0.8280411284219051,0.9533110753634909,0.6256513576937649,0.022494789555566278,-0.41702107268800304,-0.28143595376330094,-0.9036978983587384,-1.0758029653907155,0.40683742795524463,-0.651135495119281,-0.4144556004615526,0.8828694304685394,0.03298460205325775,0.5280567659727414,0.0,0.6882113771853678,-0.5664572772702333,-0.7965695658503499
4537,1.0718031166720068,0.7714717083426906,0.4195102406884698,0.9393066508421729,-0.41702107268800304,0.8088853774701159,-0.06735198040440485,-1.301769485146565,0.40683742795524463,-0.651135495119281,-0.4144556004615526,0.5843458841519663,0.32798276992502157,-0.24717387373364158,0.0,0.6882113771853678,-0.5664572772702333,-1.176813837095037
4538,0.7298506644759019,0.3418689411491264,-1.6419009293644813,1.2012528969240606,-0.41702107268800304,-0.3420093610540463,0.07809948358765315,1.6357952716794772,0.40683742795524463,-0.651135495119281,-0.4144556004615526,1.218216227535716,0.030498363737708187,-1.4100198332932161,0.0,0.6882113771853678,-0.5664572772702333,-1.176813837095037
4539,1.0718031166720068,-0.32131218029314246,0.007228006677879595,0.8083335278012291,2.501895143242445,-0.7054498047985186,-0.21280344439646284,-1.0758029653907155,-1.7618165702686994,-0.651135495119281,-0.4144556004615526,1.1928066686472634,0.27399271462846075,-1.0224045134400246,0.0,0.6882113771853678,2.950733787502384,-0.7965695658503499
4540,-0.029964263979820202,-0.44125853825314043,0.83179247469906,0.8083335278012291,-0.41702107268800304,-0.22086254647255554,-0.8309721663627093,0.0540296333885314,0.40683742795524463,-0.651135495119281,-0.4144556004615526,0.564105440890951,0.14284814653147235,-0.24717387373364158,0.0,0.6882113771853678,1.1921382551160753,-1.176813837095037
4541,-0.2993711714404876,-0.6200160362174753,0.83179247469906,1.7251453890878359,-0.41702107268800304,0.38487152643489825,-0.7946093003646949,-0.171936886367318,0.40683742795524463,-0.651135495119281,-0.4144556004615526,0.5762518818870473,0.4083016919389868,0.5280567659727414,0.0,0.6882113771853678,1.1921382551160753,-1.176813837095037
4542,1.1029807001286829,1.010218237998495,-1.6419009293644813,-0.6323708256491528,-0.41702107268800304,-0.09971573189106478,-0.9036978983587384,1.6357952716794772,0.40683742795524463,-0.651135495119281,-0.4144556004615526,1.6829337387003331,1.219348693191424,1.3032874056791244,0.0,0.6882113771853678,2.950733787502384,-0.41632529460566275
4543,0.9740297705457434,1.1415504453278462,0.6256513576937649,1.3322260199650044,0.16676217049808661,0.44544493372564364,1.3507997935181608,-0.6238699258790168,-1.7618165702686994,-0.651135495119281,-0.4144556004615526,0.6195026597227182,0.4790743923240486,-0.44098153366023735,0.0,0.6882113771853678,1.1921382551160753,-0.03608102336097565
4544,0.6247236068532455,0.15246376665545772,-0.8173364613433008,0.15346791259651008,-0.41702107268800304,0.6877385628886251,0.47809100956581263,-0.171936886367318,0.40683742795524463,-0.651135495119281,-0.4144556004615526,1.367118441141168,0.9710670237884604,0.14044144611954992,0.0,0.6882113771853678,-0.5664572772702333,-0.41632529460566275
4545,0.928855486703885,1.2707505613801657,-0.4050542273327106,-0.6323708256491528,-0.41702107268800304,-1.1900370631244817,-0.9764236303547674,-0.8498364456348662,0.40683742795524463,-0.651135495119281,-0.4144556004615526,-0.1664716512520376,2.3989276466378193,-1.7976351531464076,0.0,2.2694999670951255,-0.5664572772702333,-1.176813837095037
4546,0.970780353846232,0.9093601767667536,0.6256513576937649,0.8083335278012291,0.7505454136841763,0.6877385628886251,-0.39461777438653534,-0.8498364456348662,-1.7618165702686994,1.5357786628062884,-0.4144556004615526,1.1511471691436197,0.8261422217099524,-0.24717387373364158,0.0,0.6882113771853678,-0.5664572772702333,-0.41632529460566275
4547,1.0884989900966466,0.9760883882306032,0.007228006677879595,0.2844410356374539,-0.41702107268800304,-0.4025827683447917,1.3507997935181608,-0.8498364456348662,0.40683742795524463,-0.651135495119281,-0.4144556004615526,0.8680407173940012,2.1333487875655055,-0.053366213807045836,0.0,0.6882113771853678,-0.5664572772702333,-0.41632529460566275
4548,1.1208211453895627,1.4018523600684696,0.4195102406884698,1.3322260199650044,-0.41702107268800304,0.8088853774701159,-0.7218835683686659,-0.3979034061231674,-1.7618165702686994,-0.651135495119281,-0.4144556004615526,0.5258306932652053,0.6977127082399149,-0.053366213807045836,0.0,0.6882113771853678,-0.5664572772702333,-0.03608102336097565
4549,1.0397995387157177,0.8494930524374817,-0.6111953443380057,-0.37042457956726516,-0.41702107268800304,-0.5843029902170278,1.3871626595161752,0.2799961531443808,0.40683742795524463,-0.651135495119281,-0.4144556004615526,0.8895144107928886,2.2281336268418124,-0.053366213807045836,0.0,2.2694999670951255,-0.5664572772702333,-0.7965695658503499
4550,1.0902702398285773,1.990166161275815,0.4195102406884698,0.6773604047602854,-0.41702107268800304,0.6877385628886251,-0.28552917639249187,-1.0758029653907155,0.40683742795524463,-0.651135495119281,-0.4144556004615526,0.4106349946036059,0.3829750939812557,-0.44098153366023735,0.0,0.6882113771853678,-0.5664572772702333,-0.7965695658503499
4551,1.135390424189343,1.4360894203024428,0.4195102406884698,1.3322260199650044,-0.41702107268800304,0.8694587847608612,-0.7582464343666804,-0.3979034061231674,0.40683742795524463,-0.651135495119281,-0.4144556004615526,0.4472362918222589,0.6717491326369641,-0.053366213807045836,0.0,0.6882113771853678,-0.5664572772702333,-0.03608102336097565
4552,1.0010943240502803,0.4129194733030745,-0.19891311032741552,0.022494789555566278,-0.41702107268800304,-0.6448763975077731,1.3507997935181608,-0.8498364456348662,0.40683742795524463,-0.651135495119281,-0.4144556004615526,1.592942535829342,1.5514864513487125,0.14044144611954992,0.0,2.2694999670951255,-0.5664572772702333,-0.7965695658503499
4553,0.6451127861893027,-0.02296731391242297,0.2133691236831747,-0.5013977026082089,0.7505454136841763,1.2328992285053335,1.1689854635280883,0.5059626729002302,-1.7618165702686994,-0.651135495119281,-0.4144556004615526,1.086251521254264,0.730527623315371,-0.6347891935868331,0.0,0.6882113771853678,1.1921382551160753,-0.7965695658503499
4554,0.991876681783176,0.4134315528747855,-0.19891311032741552,-0.37042457956726516,-0.41702107268800304,1.0511790066330975,-0.32189204239050634,-0.3979034061231674,0.40683742795524463,-0.651135495119281,-0.4144556004615526,0.0954148874708078,0.7547939774105563,-0.44098153366023735,0.0,0.6882113771853678,1.1921382551160753,-0.7965695658503499
4555,-0.05197876612443772,-0.7909505071762218,0.007228006677879595,-1.156263317812928,-0.41702107268800304,-1.432330692287463,-1.012786496352782,0.0540296333885314,0.40683742795524463,1.5357786628062884,-0.4144556004615526,-0.052820408103075214,0.2296670999268148,-0.44098153366023735,0.0,0.6882113771853678,1.1921382551160753,-1.176813837095037
4556,0.11430983287728075,0.6643754106570947,-0.8173364613433008,0.6773604047602854,-0.41702107268800304,-0.3420093610540463,-0.9036978983587384,1.1838622321677783,0.40683742795524463,-0.651135495119281,-0.4144556004615526,1.9387681051050774,-0.6585043348355215,-0.44098153366023735,0.0,2.2694999670951255,-0.5664572772702333,-0.7965695658503499
4557,0.2917016247218255,0.27274307648170937,0.4195102406884698,0.9393066508421729,-0.41702107268800304,0.8088853774701159,1.1689854635280883,-0.8498364456348662,-1.7618165702686994,-0.651135495119281,-0.4144556004615526,0.7262785570840493,-0.0074036037495071065,-0.44098153366023735,0.0,0.6882113771853678,-0.5664572772702333,-1.176813837095037
4558,-0.7213022602793554,-0.10126328599244169,0.83179247469906,2.5109841273334985,-0.41702107268800304,0.38487152643489825,-0.6855207023706513,-0.3979034061231674,0.40683742795524463,1.5357786628062884,-0.4144556004615526,0.9592462988228595,0.6770867029687548,1.1094797457525287,0.0,2.2694999670951255,-0.5664572772702333,-1.176813837095037
4559,1.0718031166720068,1.3880159435654509,1.037933591704355,-1.287236440853872,-0.41702107268800304,-1.432330692287463,-1.1218750943468254,-0.8498364456348662,0.40683742795524463,-0.651135495119281,-0.4144556004615526,1.1594617826586027,6.466605779984827,-1.6038274932198118,0.0,2.2694999670951255,-0.5664572772702333,-0.7965695658503499
4560,0.9712475927976236,0.24698962100104832,-1.0234775783485959,-0.10847833348537753,-0.41702107268800304,-0.09971573189106478,-0.32189204239050634,1.4098287519236279,0.40683742795524463,-0.651135495119281,-0.4144556004615526,1.3623927959177118,3.8258076098340346,-0.053366213807045836,0.0,2.2694999670951255,1.1921382551160753,-0.7965695658503499
4561,1.110950784294894,0.6656649289983225,0.6256513576937649,-0.8943170717310404,-0.41702107268800304,-1.4929040995782086,-0.9400607643567529,0.5059626729002302,0.40683742795524463,-0.651135495119281,-0.4144556004615526,0.9970588434102188,1.1279155419126912,0.14044144611954992,0.0,0.6882113771853678,-0.5664572772702333,-0.41632529460566275
4562,0.970780353846232,0.2939529662240368,0.6256513576937649,0.15346791259651008,-0.41702107268800304,0.8694587847608612,0.11446234958566764,-1.0758029653907155,0.40683742795524463,-0.651135495119281,-0.4144556004615526,1.235765636271372,0.9649173468727933,-0.44098153366023735,0.0,0.6882113771853678,1.1921382551160753,-0.41632529460566275
4563,1.014238340926982,0.38309582134930414,-1.6419009293644813,1.3322260199650044,-0.41702107268800304,-0.46315617563553707,0.22355094757971114,0.7319291926560796,0.40683742795524463,-0.651135495119281,-0.4144556004615526,1.332343466895406,0.47153530044308634,-0.6347891935868331,0.0,0.6882113771853678,1.1921382551160753,-0.41632529460566275
4564,1.1138824519880028,1.3800173489697576,0.4195102406884698,1.0702797738831167,0.16676217049808661,0.20315130456266212,1.3507997935181608,-0.171936886367318,0.40683742795524463,-0.651135495119281,-0.4144556004615526,0.4733430880760676,0.7747867333716445,-0.053366213807045836,0.0,0.6882113771853678,1.1921382551160753,0.34416324788371144
4565,0.8167517892862641,-0.16348232861551434,-1.229618695353891,1.0702797738831167,-0.41702107268800304,0.506018341016389,-0.8673350323607238,1.6357952716794772,0.40683742795524463,1.5357786628062884,-0.4144556004615526,0.22725571353191973,-0.07573130098710641,-0.24717387373364158,0.0,0.6882113771853678,-0.5664572772702333,-0.7965695658503499
4566,-1.2030762545224638,-1.8003907894530935,-1.0234775783485959,-0.5013977026082089,-0.41702107268800304,-0.22086254647255554,1.1689854635280883,0.5059626729002302,0.40683742795524463,1.5357786628062884,-0.4144556004615526,1.6843468356108708,0.7416930575688362,1.1094797457525287,0.0,0.6882113771853678,1.1921382551160753,-0.03608102336097565
4567,1.0454069423793808,0.1868255704282032,0.2133691236831747,-0.6323708256491528,1.9181119000563556,0.2637247118534075,0.40536527756978363,-0.3979034061231674,-1.7618165702686994,-0.651135495119281,-0.4144556004615526,1.2086625723573892,2.9408691679124126,-0.44098153366023735,0.0,2.2694999670951255,-0.5664572772702333,-0.7965695658503499
4568,1.1110526551689304,1.1973379492857008,-0.19891311032741552,1.0702797738831167,0.16676217049808661,0.32429811914415285,1.6053398555042624,0.0540296333885314,0.40683742795524463,-0.651135495119281,-0.4144556004615526,0.2171033949725181,0.7588022173916688,-0.053366213807045836,0.0,0.6882113771853678,1.1921382551160753,-0.03608102336097565
4569,1.023352711970129,0.5226394466972952,0.2133691236831747,-0.23945145652632133,0.7505454136841763,-0.09971573189106478,-0.6127949703746224,-1.301769485146565,-1.7618165702686994,-0.651135495119281,-0.4144556004615526,1.385112247259913,0.5500586817503728,-0.6347891935868331,0.0,0.6882113771853678,-0.5664572772702333,-0.7965695658503499
4570,0.9788286484055334,0.9040244189918802,0.6256513576937649,0.5463872817193415,0.7505454136841763,0.6271651555978798,-0.35825490838852087,-1.0758029653907155,-1.7618165702686994,-0.651135495119281,-0.4144556004615526,1.2292470638056356,0.8112506501943256,-0.053366213807045836,0.0,0.6882113771853678,-0.5664572772702333,-0.7965695658503499
4571,0.14227349300581293,-0.2076570148415144,-0.6111953443380057,0.2844410356374539,-0.41702107268800304,-0.9477434339615001,-0.5037063723805789,0.0540296333885314,0.40683742795524463,-0.651135495119281,-0.4144556004615526,2.767986183244863,0.9544187312223772,0.14044144611954992,0.0,2.2694999670951255,1.1921382551160753,-0.7965695658503499
4572,0.5738622268797317,0.2596044009407336,0.4195102406884698,-0.7633439486900966,-0.41702107268800304,1.0511790066330975,0.22355094757971114,-0.3979034061231674,0.40683742795524463,-0.651135495119281,-0.4144556004615526,-0.20558884350859952,0.29495358237429936,-1.2162121733666202,0.0,0.6882113771853678,-0.5664572772702333,-1.176813837095037
4573,0.7027164653668877,0.42700705153836943,0.007228006677879595,-0.6323708256491528,0.16676217049808661,1.1117524139238428,-0.28552917639249187,0.0540296333885314,0.40683742795524463,-0.651135495119281,-0.4144556004615526,-0.01955982427391741,1.71947197835129,-1.0224045134400246,0.0,0.6882113771853678,1.1921382551160753,-0.41632529460566275
4574,0.9903748222926632,0.5046423293674195,-0.19891311032741552,-0.7633439486900966,1.9181119000563556,-0.09971573189106478,-0.43098064038454986,-1.0758029653907155,-1.7618165702686994,-0.651135495119281,-0.4144556004615526,1.5730672270033992,0.7979669224834968,-0.8285968535134288,0.0,0.6882113771853678,-0.5664572772702333,-0.7965695658503499
4575,0.48348882497305656,1.343258816592902,0.007228006677879595,0.15346791259651008,-0.41702107268800304,-0.5237295829262825,-1.1218750943468254,0.957895712411929,0.40683742795524463,-0.651135495119281,-0.4144556004615526,1.5721174618240217,-0.14037060936608747,1.1094797457525287,0.0,2.2694999670951255,1.1921382551160753,-0.7965695658503499
4576,0.6676144536757234,0.5560989064152716,0.4195102406884698,1.3322260199650044,0.16676217049808661,0.7483119701793706,1.3507997935181608,-0.6238699258790168,-1.7618165702686994,-0.651135495119281,-0.4144556004615526,0.9404771181644691,0.10115918480608434,-1.2162121733666202,0.0,0.6882113771853678,-0.5664572772702333,-0.7965695658503499
4577,0.8390258120522197,1.2396223955889236,0.4195102406884698,0.9393066508421729,0.16676217049808661,0.9300321920516067,1.5689769895062478,-0.8498364456348662,-1.7618165702686994,-0.651135495119281,-0.4144556004615526,0.8074153630615333,-0.04318572035942527,-0.053366213807045836,0.0,0.6882113771853678,-0.5664572772702333,-0.41632529460566275
4578,1.0891716294936036,0.5634545451094395,0.007228006677879595,-0.7633439486900966,-0.41702107268800304,-1.250610470415227,-0.9400607643567529,1.1838622321677783,0.40683742795524463,-0.651135495119281,-0.4144556004615526,0.7906062289507031,0.9883450455376174,0.33424910604614566,0.0,0.6882113771853678,-0.5664572772702333,-0.7965695658503499
4579,0.7337802784232427,0.5419024197778527,0.4195102406884698,1.0702797738831167,-0.41702107268800304,0.6271651555978798,0.9871711335380157,-0.8498364456348662,-1.7618165702686994,-0.651135495119281,-0.4144556004615526,1.1661486762511664,-0.062239549687407324,-1.2162121733666202,0.0,0.6882113771853678,-0.5664572772702333,-1.176813837095037
4580,1.0819892460940723,1.2509801251088202,0.4195102406884698,1.3322260199650044,-0.41702107268800304,0.8088853774701159,-0.7218835683686659,-0.3979034061231674,0.40683742795524463,-0.651135495119281,-0.4144556004615526,0.5902584183071663,0.6937432226806723,-0.44098153366023735,0.0,0.6882113771853678,-0.5664572772702333,-0.03608102336097565
4581,0.1971429834191519,-0.1327841291499966,0.83179247469906,-1.156263317812928,-0.41702107268800304,-1.9169179506134262,-1.0855122283488108,-0.3979034061231674,0.40683742795524463,-0.651135495119281,-0.4144556004615526,-0.2687284695641091,0.7013239848295107,-0.8285968535134288,0.0,2.2694999670951255,-0.5664572772702333,-1.176813837095037
4582,-0.23034932388035576,-0.27365777629571675,0.83179247469906,1.594172266046892,-0.41702107268800304,0.38487152643489825,-0.8309721663627093,-0.171936886367318,0.40683742795524463,-0.651135495119281,-0.4144556004615526,0.47245290831947856,0.15193342144887934,0.33424910604614566,0.0,0.6882113771853678,1.1921382551160753,-1.176813837095037
4583,1.0718031166720068,1.7868520914704313,0.6256513576937649,-0.10847833348537753,-0.41702107268800304,0.8088853774701159,0.04173661758963865,-0.8498364456348662,0.40683742795524463,-0.651135495119281,-0.4144556004615526,0.3956545446563562,0.3147550413999932,-1.0224045134400246,0.0,0.6882113771853678,1.1921382551160753,-1.176813837095037
4584,1.000298369181675,0.7743137420874527,0.4195102406884698,1.0702797738831167,-0.41702107268800304,0.506018341016389,-0.6491578363726369,-0.6238699258790168,0.40683742795524463,-0.651135495119281,-0.4144556004615526,0.9571013401081194,0.587991668167741,-0.6347891935868331,0.0,0.6882113771853678,-0.5664572772702333,-0.7965695658503499
4585,-0.03450478208583843,0.4665780504405912,-0.4050542273327106,-0.23945145652632133,-0.41702107268800304,-1.250610470415227,-0.5764321043766079,-0.6238699258790168,0.40683742795524463,-0.651135495119281,-0.4144556004615526,0.3779819778616515,-0.1595259934261232,1.3032874056791244,0.0,0.6882113771853678,2.950733787502384,0.34416324788371144
4586,0.9838025646828849,0.3152505939806355,-0.19891311032741552,-0.23945145652632133,-0.41702107268800304,-0.5237295829262825,1.2780740615221318,-0.8498364456348662,0.40683742795524463,-0.651135495119281,-0.4144556004615526,1.8478877005387526,1.0609532496898302,0.14044144611954992,0.0,2.2694999670951255,-0.5664572772702333,-0.7965695658503499
4587,0.543197345326208,0.10801416539027245,-1.4357598123591861,-0.37042457956726516,-0.41702107268800304,0.990605599342352,0.5508167415618417,1.6357952716794772,0.40683742795524463,-0.651135495119281,-0.4144556004615526,0.044678137565690994,0.8914570749012432,0.14044144611954992,0.0,0.6882113771853678,-0.5664572772702333,-0.03608102336097565
4588,-0.5669862665298009,0.766994349638011,1.037933591704355,1.8561185121287795,-0.41702107268800304,0.08200448998117135,-0.21280344439646284,-0.8498364456348662,0.40683742795524463,-0.651135495119281,-0.4144556004615526,0.37070784792309003,-0.1738094689963344,1.1094797457525287,0.0,0.6882113771853678,-0.5664572772702333,-1.176813837095037
4589,0.20709233352142886,0.23844238686462785,-1.0234775783485959,0.5463872817193415,-0.41702107268800304,0.44544493372564364,-0.9400607643567529,0.0540296333885314,0.40683742795524463,1.5357786628062884,-0.4144556004615526,0.2755906655475273,-0.3231683240098474,1.1094797457525287,0.0,2.2694999670951255,1.1921382551160753,-0.7965695658503499
4590,0.9790554580482378,1.7171179091235005,0.83179247469906,-1.0252901947719841,-0.41702107268800304,-1.73519772874119,-1.1218750943468254,0.0540296333885314,0.40683742795524463,-0.651135495119281,-0.4144556004615526,0.3496268337329193,1.2146449937221484,-0.44098153366023735,0.0,2.2694999670951255,-0.5664572772702333,-0.7965695658503499
4591,0.7078976493804678,0.43093531048480577,-0.6111953443380057,-0.5013977026082089,1.334328656870266,0.8088853774701159,2.0053313814824216,0.5059626729002302,-1.7618165702686994,-0.651135495119281,-0.4144556004615526,-0.04484015874620508,0.633074834609451,0.33424910604614566,0.0,0.6882113771853678,-0.5664572772702333,-0.7965695658503499
4592,0.4552640656808166,0.5273731960825512,0.83179247469906,0.2844410356374539,-0.41702107268800304,-0.22086254647255554,-1.1218750943468254,-0.8498364456348662,0.40683742795524463,-0.651135495119281,-0.4144556004615526,3.4739313802418783,0.6732522612632695,-1.2162121733666202,0.0,2.2694999670951255,-0.5664572772702333,-0.41632529460566275
4593,1.0093956668713588,0.43631779334880066,0.4195102406884698,-1.0252901947719841,0.16676217049808661,0.990605599342352,-0.32189204239050634,-0.171936886367318,0.40683742795524463,-0.651135495119281,-0.4144556004615526,0.7604453808639225,2.383512388612922,-1.2162121733666202,0.0,0.6882113771853678,-0.5664572772702333,-0.7965695658503499
4594,1.0399730677316017,0.6534558721059948,0.6256513576937649,-0.8943170717310404,-0.41702107268800304,0.6271651555978798,0.11446234958566764,-0.3979034061231674,0.40683742795524463,-0.651135495119281,-0.4144556004615526,0.4840586133120276,0.5250051235981187,-0.053366213807045836,0.0,0.6882113771853678,1.1921382551160753,-0.7965695658503499
4595,0.9720302586053579,0.3143882647254747,-0.19891311032741552,-0.7633439486900966,-0.41702107268800304,1.0511790066330975,-0.35825490838852087,-0.171936886367318,0.40683742795524463,-0.651135495119281,-0.4144556004615526,0.020862790914074388,0.8523222264634902,-0.44098153366023735,0.0,0.6882113771853678,1.1921382551160753,-0.7965695658503499
4596,0.264917623374346,0.24177159344773194,-1.0234775783485959,-0.23945145652632133,-0.41702107268800304,-1.3717572849967177,-0.7218835683686659,0.0540296333885314,0.40683742795524463,-0.651135495119281,-0.4144556004615526,1.138900961410007,-0.17395815886749902,0.7218644258993372,0.0,0.6882113771853678,2.950733787502384,0.34416324788371144
4597,1.070125642997441,2.18065187066006,-0.19891311032741552,-0.6323708256491528,0.16676217049808661,1.0511790066330975,-0.35825490838852087,-0.171936886367318,-1.7618165702686994,1.5357786628062884,-0.4144556004615526,1.1553026932602644,0.2756741591608498,-0.44098153366023735,0.0,0.6882113771853678,-0.5664572772702333,-1.176813837095037
4598,1.0718031166720068,0.6176562798360381,0.4195102406884698,0.5463872817193415,-0.41702107268800304,0.08200448998117135,-0.5764321043766079,-1.301769485146565,0.40683742795524463,-0.651135495119281,-0.4144556004615526,1.1539440534109828,0.2556696483623619,-0.44098153366023735,0.0,0.6882113771853678,-0.5664572772702333,-0.7965695658503499
4599,1.0676378246546285,0.659820280593337,0.4195102406884698,0.6773604047602854,-0.41702107268800304,0.44544493372564364,-0.14007771240043385,-1.301769485146565,-1.7618165702686994,-0.651135495119281,-0.4144556004615526,1.1573176573038535,0.251333489333557,-0.8285968535134288,0.0,0.6882113771853678,-0.5664572772702333,-0.7965695658503499
4600,0.5742365373491474,0.45573842099353756,1.037933591704355,-1.156263317812928,-0.41702107268800304,-1.432330692287463,-1.1218750943468254,-0.8498364456348662,0.40683742795524463,-0.651135495119281,-0.4144556004615526,-0.08681017790449785,1.6379759461876455,-1.4100198332932161,0.0,2.2694999670951255,-0.5664572772702333,-1.176813837095037
4601,1.058312874283913,0.17733603517963303,0.2133691236831747,-1.287236440853872,-0.41702107268800304,0.6271651555978798,-0.5400692383785933,-0.171936886367318,0.40683742795524463,-0.651135495119281,-0.4144556004615526,0.6793642198064843,2.7899498904006363,-0.6347891935868331,0.0,2.2694999670951255,-0.5664572772702333,-0.7965695658503499
4602,0.970780353846232,0.24169736485609505,-0.8173364613433008,0.022494789555566278,-0.41702107268800304,0.08200448998117135,-0.28552917639249187,1.1838622321677783,0.40683742795524463,-0.651135495119281,-0.4144556004615526,1.3459039440731029,3.477400285395823,0.14044144611954992,0.0,0.6882113771853678,1.1921382551160753,-0.41632529460566275
4603,0.8914291286670053,0.3543989227633774,-0.6111953443380057,-0.7633439486900966,-0.41702107268800304,1.1117524139238428,-0.4673435063825644,0.0540296333885314,0.40683742795524463,1.5357786628062884,2.412803684849147,-0.015717344416994808,0.7472798364762931,-0.6347891935868331,0.0,0.6882113771853678,1.1921382551160753,-0.7965695658503499
4604,-0.08281224240522118,-0.9976418010632212,-0.19891311032741552,-1.0252901947719841,-0.41702107268800304,-1.4929040995782086,-1.012786496352782,0.0540296333885314,0.40683742795524463,1.5357786628062884,-0.4144556004615526,-0.005918083114073743,0.09183390786298926,-0.44098153366023735,0.0,0.6882113771853678,2.950733787502384,-1.176813837095037
4605,0.7856723645166045,0.502818341329608,-0.6111953443380057,-0.10847833348537753,-0.41702107268800304,-0.5237295829262825,-0.24916631039447737,0.7319291926560796,0.40683742795524463,-0.651135495119281,-0.4144556004615526,1.5822527692034072,0.58321150669617,0.14044144611954992,0.0,0.6882113771853678,1.1921382551160753,-0.7965695658503499
4606,1.0765781113154973,0.31493973582015894,-1.4357598123591861,0.8083335278012291,-0.41702107268800304,-0.3420093610540463,0.25991381357772564,0.0540296333885314,0.40683742795524463,-0.651135495119281,-0.4144556004615526,1.2878487945948935,0.11370754868720705,-0.053366213807045836,0.0,0.6882113771853678,-0.5664572772702333,-0.03608102336097565
4607,0.970780353846232,0.9256120946280201,0.6256513576937649,0.6773604047602854,0.7505454136841763,0.6877385628886251,-0.35825490838852087,-0.8498364456348662,-1.7618165702686994,1.5357786628062884,-0.4144556004615526,1.2187694699340106,0.8519723155896936,-0.24717387373364158,0.0,0.6882113771853678,-0.5664572772702333,-0.41632529460566275
4608,0.970780353846232,0.5844740813275852,0.6256513576937649,0.2844410356374539,0.16676217049808661,0.8694587847608612,-0.17644057839844834,-0.8498364456348662,-1.7618165702686994,1.5357786628062884,-0.4144556004615526,1.235765636271372,1.1084806674398655,-0.053366213807045836,0.0,0.6882113771853678,-0.5664572772702333,-0.41632529460566275
4609,0.9099609844189332,0.7669664797176533,0.4195102406884698,0.8083335278012291,-0.41702107268800304,0.32429811914415285,0.6599053395558852,-1.0758029653907155,0.40683742795524463,-0.651135495119281,-0.4144556004615526,1.2588508523063304,0.06733824073255035,-0.8285968535134288,0.0,0.6882113771853678,1.1921382551160753,-0.41632529460566275
4610,-0.07365562632997147,1.0087925242542815,-1.8480420463697762,-0.23945145652632133,-0.41702107268800304,0.6271651555978798,2.1871457114724944,2.087728311191176,0.40683742795524463,-0.651135495119281,-0.4144556004615526,1.1638728929492657,0.2169519114849725,0.33424910604614566,0.0,0.6882113771853678,1.1921382551160753,-1.176813837095037
4611,0.8324837885356261,-0.856360459585763,-0.6111953443380057,0.2844410356374539,-0.41702107268800304,-0.5843029902170278,-0.6127949703746224,0.5059626729002302,0.40683742795524463,-0.651135495119281,-0.4144556004615526,4.41496285624057,0.7828149412103405,0.5280567659727414,0.0,0.6882113771853678,-0.5664572772702333,-0.03608102336097565
4612,1.0441365146656327,0.6742334938813108,-1.6419009293644813,0.5463872817193415,-0.41702107268800304,0.20315130456266212,1.9689685154844072,0.957895712411929,0.40683742795524463,1.5357786628062884,-0.4144556004615526,-0.08819723072955625,1.0084089913760457,-0.053366213807045836,0.0,2.2694999670951255,-0.5664572772702333,-0.7965695658503499
4613,-0.12468803895260275,-0.4378543465568098,0.6256513576937649,1.2012528969240606,-0.41702107268800304,0.32429811914415285,-0.8673350323607238,-0.171936886367318,0.40683742795524463,-0.651135495119281,-0.4144556004615526,0.35128507577889484,0.09738859285186093,0.5280567659727414,0.0,0.6882113771853678,1.1921382551160753,-1.176813837095037
4614,0.7075983254140827,0.7331070621359141,0.4195102406884698,-0.8943170717310404,-0.41702107268800304,-1.3111838777059723,-1.0491493623507964,-0.8498364456348662,0.40683742795524463,-0.651135495119281,-0.4144556004615526,-0.16318720569461098,2.0378674898240017,-1.6038274932198118,0.0,2.2694999670951255,-0.5664572772702333,-1.176813837095037
4615,1.0369668882208807,0.6384535766877601,-1.6419009293644813,0.5463872817193415,-0.41702107268800304,0.14257789727191675,1.9326056494863928,0.957895712411929,0.40683742795524463,1.5357786628062884,-0.4144556004615526,-0.07701109589259938,1.0424524672783253,-0.24717387373364158,0.0,2.2694999670951255,-0.5664572772702333,-0.7965695658503499
4616,0.9461715242203304,0.20058508938811787,-0.19891311032741552,0.022494789555566278,-0.41702107268800304,-0.5843029902170278,1.3144369275201464,-0.8498364456348662,0.40683742795524463,-0.651135495119281,-0.4144556004615526,1.9581373873712837,1.024298086795499,-0.053366213807045836,0.0,2.2694999670951255,1.1921382551160753,-0.7965695658503499
4617,0.7385206907892158,-0.14280467968938831,0.2133691236831747,0.2844410356374539,1.334328656870266,-0.9477434339615001,-0.21280344439646284,-0.8498364456348662,-1.7618165702686994,-0.651135495119281,-0.4144556004615526,1.5630509958374104,0.4420009241963565,-0.6347891935868331,0.0,0.6882113771853678,1.1921382551160753,-0.7965695658503499
4618,1.0718031166720068,0.7218079901108381,-0.4050542273327106,0.2844410356374539,-0.41702107268800304,0.20315130456266212,-0.21280344439646284,-0.171936886367318,0.40683742795524463,-0.651135495119281,-0.4144556004615526,1.2247234084407606,0.369342204967535,-0.44098153366023735,0.0,0.6882113771853678,1.1921382551160753,-0.7965695658503499
4619,0.970780353846232,0.6882026684380878,0.4195102406884698,0.6773604047602854,-0.41702107268800304,0.02143108269042598,0.8053568035479431,-1.0758029653907155,0.40683742795524463,-0.651135495119281,-0.4144556004615526,1.3919772605938492,0.25518844281235586,-0.6347891935868331,0.0,0.6882113771853678,1.1921382551160753,-0.41632529460566275
4620,0.9959038436210802,0.38360213225674344,-0.19891311032741552,0.022494789555566278,-0.41702107268800304,-0.6448763975077731,1.3507997935181608,-0.8498364456348662,0.40683742795524463,-0.651135495119281,-0.4144556004615526,1.6355862565623238,1.4721552827944024,0.14044144611954992,0.0,2.2694999670951255,-0.5664572772702333,-0.7965695658503499
4621,0.9647012864962228,0.6066331539410738,-2.0541831633750713,-0.5013977026082089,-0.41702107268800304,0.2637247118534075,1.6780655875002912,0.957895712411929,0.40683742795524463,-0.651135495119281,-0.4144556004615526,1.3439400525466714,0.3187931302766186,-0.24717387373364158,0.0,0.6882113771853678,-0.5664572772702333,-1.176813837095037
4622,0.970780353846232,1.4630797166487015,1.037933591704355,-0.7633439486900966,-0.41702107268800304,-1.6746243214504446,-1.1218750943468254,-0.171936886367318,0.40683742795524463,-0.651135495119281,-0.4144556004615526,0.5101738869999852,1.043799944426401,-0.6347891935868331,0.0,2.2694999670951255,-0.5664572772702333,-0.41632529460566275
4623,0.5317940623596705,1.930761923219166,0.2133691236831747,-1.156263317812928,-0.41702107268800304,-1.250610470415227,-1.1218750943468254,0.0540296333885314,0.40683742795524463,-0.651135495119281,-0.4144556004615526,0.18396016600999102,0.05202256882899542,-1.4100198332932161,0.0,2.2694999670951255,-0.5664572772702333,-0.7965695658503499
4624,1.0065793129241771,-0.1456060991847684,0.007228006677879595,-0.5013977026082089,-0.41702107268800304,0.990605599342352,-0.35825490838852087,-0.171936886367318,0.40683742795524463,-0.651135495119281,-0.4144556004615526,0.12841562148457983,1.0349759956534736,-0.053366213807045836,0.0,0.6882113771853678,1.1921382551160753,-0.41632529460566275
4625,1.1067222496911455,0.5110729864322061,-1.229618695353891,0.15346791259651008,-0.41702107268800304,-0.16028913918181015,0.04173661758963865,0.5059626729002302,0.40683742795524463,-0.651135495119281,-0.4144556004615526,1.2758767872711847,0.1294128354338971,0.33424910604614566,0.0,0.6882113771853678,-0.5664572772702333,-0.41632529460566275
4626,0.4373243110634005,0.16684381663863884,1.037933591704355,-1.156263317812928,-0.41702107268800304,-1.553477506868954,-1.1218750943468254,-0.8498364456348662,0.40683742795524463,-0.651135495119281,-0.4144556004615526,-0.18650827734895914,1.4751440508808584,-1.4100198332932161,0.0,2.2694999670951255,-0.5664572772702333,-1.176813837095037
4627,0.6393439460424787,0.3114599792832478,-0.4050542273327106,-0.37042457956726516,-0.41702107268800304,-1.3717572849967177,-0.43098064038454986,-0.171936886367318,0.40683742795524463,-0.651135495119281,-0.4144556004615526,2.246015670373984,0.8673832431643548,0.14044144611954992,0.0,0.6882113771853678,1.1921382551160753,-0.03608102336097565
4628,1.0751609984829074,-1.014888400514888,0.83179247469906,-0.10847833348537753,-0.41702107268800304,0.5665917483071344,-0.24916631039447737,-0.3979034061231674,0.40683742795524463,-0.651135495119281,-0.4144556004615526,0.5893507311926834,1.3808879854672422,0.915672085825933,0.0,0.6882113771853678,1.1921382551160753,-0.03608102336097565
4629,1.0975323323541368,1.291392510374758,-0.6111953443380057,-1.0252901947719841,-0.41702107268800304,-1.73519772874119,-0.9400607643567529,0.7319291926560796,0.40683742795524463,-0.651135495119281,-0.4144556004615526,2.1577858870586755,4.430118195942078,-1.0224045134400246,0.0,0.6882113771853678,1.1921382551160753,-0.41632529460566275
4630,1.0718031166720068,2.2017746047074485,0.4195102406884698,0.15346791259651008,0.16676217049808661,0.6877385628886251,-0.14007771240043385,-1.0758029653907155,0.40683742795524463,-0.651135495119281,-0.4144556004615526,0.5686378508477148,0.2658335782256204,-0.44098153366023735,0.0,2.2694999670951255,-0.5664572772702333,-1.176813837095037
4631,0.42483714858212973,1.2385269745217145,0.007228006677879595,0.022494789555566278,-0.41702107268800304,-0.6448763975077731,-1.0855122283488108,0.957895712411929,0.40683742795524463,-0.651135495119281,-0.4144556004615526,1.5231927984952145,-0.18756820381973915,1.1094797457525287,0.0,0.6882113771853678,1.1921382551160753,-0.7965695658503499
4632,0.6979575240772924,1.3209828402533719,0.6256513576937649,0.5463872817193415,-0.41702107268800304,0.8088853774701159,0.44172814356779816,-0.3979034061231674,0.40683742795524463,-0.651135495119281,-0.4144556004615526,0.24625221917951925,-0.2748827246646442,-1.4100198332932161,0.0,0.6882113771853678,-0.5664572772702333,-1.176813837095037
4633,-1.1446146457412516,-1.2418330542449445,-2.0541831633750713,-0.23945145652632133,-0.41702107268800304,0.6877385628886251,2.223508577470509,2.3136948309470253,0.40683742795524463,-0.651135495119281,-0.4144556004615526,0.4433061227519547,0.4499061585112154,0.7218644258993372,0.0,0.6882113771853678,2.950733787502384,-0.7965695658503499
4634,1.0407701030141845,0.5190394709530058,0.2133691236831747,-0.37042457956726516,-0.41702107268800304,-1.1294636558337363,-0.9764236303547674,0.7319291926560796,0.40683742795524463,-0.651135495119281,-0.4144556004615526,0.7053248031646936,0.8836574866700506,-0.24717387373364158,0.0,0.6882113771853678,-0.5664572772702333,-0.7965695658503499
4635,0.9963494772097273,0.5313100990651222,-0.6111953443380057,-0.37042457956726516,-0.41702107268800304,-0.4025827683447917,-0.5037063723805789,0.957895712411929,0.40683742795524463,-0.651135495119281,-0.4144556004615526,1.3103573031009392,4.485035545493045,-0.44098153366023735,0.0,2.2694999670951255,1.1921382551160753,-0.7965695658503499
4636,0.657522170002657,0.30056561979206786,-1.229618695353891,-0.10847833348537753,-0.41702107268800304,-1.3111838777059723,-0.7946093003646949,0.0540296333885314,0.40683742795524463,-0.651135495119281,-0.4144556004615526,2.9435456919804976,1.2241534521629627,0.14044144611954992,0.0,0.6882113771853678,2.950733787502384,-0.41632529460566275
4637,-0.24640632384278818,-1.1457440930326364,0.2133691236831747,-0.5013977026082089,-0.41702107268800304,-1.73519772874119,-0.9764236303547674,0.0540296333885314,0.40683742795524463,-0.651135495119281,-0.4144556004615526,0.057795902631471566,0.27380879060233443,-0.053366213807045836,0.0,0.6882113771853678,1.1921382551160753,-1.176813837095037
4638,0.8301686933834179,0.2940445614875103,0.007228006677879595,-0.6323708256491528,-0.41702107268800304,1.0511790066330975,-0.21280344439646284,-0.171936886367318,0.40683742795524463,1.5357786628062884,2.412803684849147,-0.06239153642319312,0.6356534537433499,-0.8285968535134288,0.0,0.6882113771853678,1.1921382551160753,-0.7965695658503499
4639,-0.6953966183479316,-0.3014404735070304,-1.8480420463697762,0.4154141586783977,-0.41702107268800304,0.14257789727191675,2.1871457114724944,1.1838622321677783,0.40683742795524463,-0.651135495119281,-0.4144556004615526,1.263901765756227,1.2176027871393844,1.1094797457525287,0.0,0.6882113771853678,1.1921382551160753,-1.176813837095037
4640,0.9767035024525487,0.23734216386030949,-1.0234775783485959,-0.10847833348537753,-0.41702107268800304,-0.0391423246003194,-0.32189204239050634,1.4098287519236279,0.40683742795524463,-0.651135495119281,-0.4144556004615526,1.317076665415559,3.7442728735131023,-0.053366213807045836,0.0,2.2694999670951255,1.1921382551160753,-0.7965695658503499
4641,1.0403633330674578,0.7077412560247248,-2.0541831633750713,-0.6323708256491528,-0.41702107268800304,0.14257789727191675,1.6417027215022768,1.4098287519236279,0.40683742795524463,-0.651135495119281,-0.4144556004615526,0.9550811487362808,0.6715896397210337,-0.053366213807045836,0.0,0.6882113771853678,-0.5664572772702333,-0.7965695658503499
4642,0.46351683907320745,-0.23449343904711056,-1.4357598123591861,0.4154141586783977,-0.41702107268800304,-0.09971573189106478,0.04173661758963865,1.8617617914353266,0.40683742795524463,-0.651135495119281,-0.4144556004615526,1.1932515226357856,-0.33416353199328175,-1.4100198332932161,0.0,0.6882113771853678,-0.5664572772702333,-1.176813837095037
4643,1.0525588306497908,0.7036059545141374,-0.19891311032741552,-0.8943170717310404,-0.41702107268800304,0.14257789727191675,0.9508082675400011,-0.8498364456348662,0.40683742795524463,-0.651135495119281,-0.4144556004615526,1.8790021902066696,0.9172587525864097,0.14044144611954992,0.0,2.2694999670951255,-0.5664572772702333,-0.7965695658503499
4644,0.30486590107301353,-0.7767267285767188,-1.4357598123591861,-0.37042457956726516,-0.41702107268800304,0.2637247118534075,0.5508167415618417,0.957895712411929,0.40683742795524463,-0.651135495119281,-0.4144556004615526,1.504235954608859,0.8114044833029707,-0.24717387373364158,0.0,0.6882113771853678,-0.5664572772702333,-0.41632529460566275
4645,1.119178222556069,1.4985089845020632,0.6256513576937649,0.8083335278012291,0.7505454136841763,0.38487152643489825,1.2053483295261027,-0.8498364456348662,0.40683742795524463,-0.651135495119281,-0.4144556004615526,0.3991149427930263,0.6698011520058834,-0.6347891935868331,0.0,0.6882113771853678,1.1921382551160753,-0.03608102336097565
4646,-0.4153281050996761,0.3220051292173735,1.6563569427202405,-1.287236440853872,-0.41702107268800304,-1.9774913579041715,-0.5400692383785933,-0.6238699258790168,0.40683742795524463,-0.651135495119281,-0.4144556004615526,-0.5335146367074225,0.2522712445747226,0.5280567659727414,0.0,0.6882113771853678,-0.5664572772702333,-0.7965695658503499
4647,0.9878324077852177,0.20190097660861223,-0.4050542273327106,-0.37042457956726516,-0.41702107268800304,0.9300321920516067,-0.43098064038454986,0.5059626729002302,0.40683742795524463,1.5357786628062884,2.412803684849147,0.023712877717230997,0.7295631190277867,-0.6347891935868331,0.0,0.6882113771853678,1.1921382551160753,-0.7965695658503499
4648,0.30486590107301353,-0.4660187542580002,-1.6419009293644813,-0.23945145652632133,-0.41702107268800304,0.38487152643489825,0.6235424735578706,0.957895712411929,0.40683742795524463,-0.651135495119281,-0.4144556004615526,1.4980204986577963,0.9157559704597983,0.14044144611954992,0.0,0.6882113771853678,-0.5664572772702333,-0.41632529460566275
4649,-0.0836411678986128,-0.7506802330156177,0.2133691236831747,-1.156263317812928,-0.41702107268800304,-1.6746243214504446,-1.012786496352782,0.0540296333885314,0.40683742795524463,1.5357786628062884,-0.4144556004615526,-0.1361194375884749,0.137816727672772,-0.24717387373364158,0.0,0.6882113771853678,1.1921382551160753,-1.176813837095037
4650,0.33756366631494095,0.3913390576976021,-0.8173364613433008,-0.6323708256491528,-0.41702107268800304,0.14257789727191675,1.8235170514923493,2.3136948309470253,0.40683742795524463,-0.651135495119281,-0.4144556004615526,1.9043482708361965,-0.09376709158806722,-1.2162121733666202,0.0,0.6882113771853678,-0.5664572772702333,-0.7965695658503499
4651,-0.6315926664107573,-0.9934000965725804,-1.0234775783485959,-0.8943170717310404,1.334328656870266,0.9300321920516067,2.078057113478451,0.957895712411929,-1.7618165702686994,-0.651135495119281,-0.4144556004615526,0.1736202421840791,0.43311109625157423,0.7218644258993372,0.0,0.6882113771853678,1.1921382551160753,-0.41632529460566275
4652,-0.14650780691599694,0.4080756617538222,-1.0234775783485959,0.9393066508421729,-0.41702107268800304,0.6877385628886251,2.223508577470509,0.2799961531443808,0.40683742795524463,-0.651135495119281,-0.4144556004615526,0.7372488187621936,-0.6988933968599275,-0.053366213807045836,0.0,0.6882113771853678,-0.5664572772702333,-0.41632529460566275
4653,-0.41430725733636037,0.7501712300156615,-1.8480420463697762,1.3322260199650044,-0.41702107268800304,0.8088853774701159,2.296234309466538,0.0540296333885314,0.40683742795524463,-0.651135495119281,-0.4144556004615526,0.6119002567489068,-0.6792252811041931,0.915672085825933,0.0,2.2694999670951255,1.1921382551160753,-0.7965695658503499
4654,0.970780353846232,0.61712814534068,0.6256513576937649,0.4154141586783977,0.16676217049808661,0.7483119701793706,-0.06735198040440485,-1.0758029653907155,-1.7618165702686994,-0.651135495119281,-0.4144556004615526,1.235765636271372,0.8584644426980357,-0.44098153366023735,0.0,0.6882113771853678,1.1921382551160753,-0.41632529460566275
4655,-0.03618792473164868,-0.04629501927612924,0.2133691236831747,0.2844410356374539,-0.41702107268800304,-0.28143595376330094,-0.8673350323607238,-0.171936886367318,0.40683742795524463,-0.651135495119281,-0.4144556004615526,0.44706201252015,-0.0640229096225647,0.33424910604614566,0.0,2.2694999670951255,1.1921382551160753,-0.7965695658503499
4656,-0.7058282871404175,0.6694238441842283,0.6256513576937649,2.2490378812516107,-0.41702107268800304,-0.09971573189106478,-0.06735198040440485,-0.6238699258790168,0.40683742795524463,-0.651135495119281,-0.4144556004615526,0.7354491343860312,0.5318982554379453,1.1094797457525287,0.0,0.6882113771853678,-0.5664572772702333,-1.176813837095037
4657,0.970780353846232,0.2674297150641901,0.83179247469906,-0.8943170717310404,-0.41702107268800304,0.14257789727191675,0.29627667957574016,0.0540296333885314,0.40683742795524463,-0.651135495119281,-0.4144556004615526,0.27176121844369777,1.1718533160248379,-0.24717387373364158,0.0,0.6882113771853678,1.1921382551160753,-0.41632529460566275
4658,0.5010587379118417,0.080656674413553,-1.4357598123591861,0.8083335278012291,-0.41702107268800304,0.9300321920516067,-1.012786496352782,0.5059626729002302,0.40683742795524463,1.5357786628062884,-0.4144556004615526,0.36673612667896327,-0.25177373831208805,0.7218644258993372,0.0,0.6882113771853678,1.1921382551160753,-1.176813837095037
4659,0.970780353846232,1.441884167481516,1.037933591704355,-0.7633439486900966,-0.41702107268800304,-1.6140509141596993,-1.1218750943468254,-0.171936886367318,0.40683742795524463,-0.651135495119281,-0.4144556004615526,0.519390816668826,1.040222479064112,-0.6347891935868331,0.0,2.2694999670951255,-0.5664572772702333,-0.41632529460566275
4660,1.099949617989096,1.3824209731079287,-0.6111953443380057,0.5463872817193415,-0.41702107268800304,0.5665917483071344,1.9326056494863928,0.2799961531443808,0.40683742795524463,-0.651135495119281,-0.4144556004615526,0.15692347115161903,0.49846394478776224,0.7218644258993372,0.0,2.2694999670951255,1.1921382551160753,-0.41632529460566275
4661,-0.5615590261877641,0.28470876308094234,0.83179247469906,-0.8943170717310404,0.16676217049808661,0.6877385628886251,-0.28552917639249187,-0.171936886367318,-1.7618165702686994,-0.651135495119281,-0.4144556004615526,-0.10660074365632644,0.670400218798583,1.4970950656057203,0.0,0.6882113771853678,-0.5664572772702333,-1.176813837095037
4662,1.0551106161791501,0.1796906068126587,0.6256513576937649,-1.287236440853872,-0.41702107268800304,0.7483119701793706,-0.4673435063825644,-0.6238699258790168,0.40683742795524463,1.5357786628062884,-0.4144556004615526,0.6833040381069798,2.421445074227146,-0.6347891935868331,0.0,0.6882113771853678,-0.5664572772702333,-0.7965695658503499
4663,0.3686044423044869,0.08595432208884139,0.4195102406884698,-0.6323708256491528,2.501895143242445,1.1723258212145882,1.7507913194963203,-0.6238699258790168,-1.7618165702686994,-0.651135495119281,-0.4144556004615526,0.3713963545893484,0.22521791173366693,-0.053366213807045836,0.0,0.6882113771853678,-0.5664572772702333,-0.41632529460566275
4664,0.5138513120822684,1.399092407080728,1.037933591704355,-0.5013977026082089,-0.41702107268800304,-0.5237295829262825,-1.1218750943468254,-0.6238699258790168,0.40683742795524463,-0.651135495119281,-0.4144556004615526,0.7064735097032451,-0.23808318063841638,1.3032874056791244,0.0,2.2694999670951255,-0.5664572772702333,-0.7965695658503499
4665,0.9765829834949883,0.4500397752182799,0.007228006677879595,-0.8943170717310404,2.501895143242445,-0.09971573189106478,-0.4673435063825644,-1.5277360049024145,-1.7618165702686994,1.5357786628062884,-0.4144556004615526,1.6378712613256998,0.8737159591868808,-1.0224045134400246,0.0,0.6882113771853678,-0.5664572772702333,-0.41632529460566275
4666,-0.56204968657332,-0.7761169830940496,1.2440747087096502,1.3322260199650044,-0.41702107268800304,-2.4620786162301345,-0.9764236303547674,0.7319291926560796,0.40683742795524463,-0.651135495119281,-0.4144556004615526,0.6417130928812449,0.5109816757551422,0.915672085825933,0.0,0.6882113771853678,1.1921382551160753,-0.41632529460566275
4667,0.8659192633547259,0.1765251554864587,-1.0234775783485959,0.6773604047602854,-0.41702107268800304,-0.7660232120892639,-0.6855207023706513,0.5059626729002302,0.40683742795524463,1.5357786628062884,-0.4144556004615526,4.797201073781342,1.3316437587910257,0.14044144611954992,0.0,2.2694999670951255,2.950733787502384,-0.7965695658503499
4668,0.970780353846232,0.24169736485609505,0.6256513576937649,-1.0252901947719841,-0.41702107268800304,-0.0391423246003194,0.5144538755638272,-0.171936886367318,0.40683742795524463,-0.651135495119281,-0.4144556004615526,0.0161675861684053,1.3567254221388998,0.14044144611954992,0.0,0.6882113771853678,1.1921382551160753,-0.41632529460566275
4669,0.018868246573472514,0.5007846641297908,-0.6111953443380057,-0.5013977026082089,-0.41702107268800304,-1.0688902485429908,-0.9036978983587384,1.6357952716794772,0.40683742795524463,-0.651135495119281,-0.4144556004615526,1.4375516743840808,-0.5961680403146696,0.33424910604614566,0.0,0.6882113771853678,1.1921382551160753,-0.41632529460566275
4670,0.9965093810520809,0.4918421614589068,0.4195102406884698,-0.8943170717310404,0.16676217049808661,1.0511790066330975,-0.28552917639249187,-0.171936886367318,0.40683742795524463,-0.651135495119281,-0.4144556004615526,0.7989544004969944,2.3321622468888354,-1.2162121733666202,0.0,0.6882113771853678,-0.5664572772702333,-0.7965695658503499
4671,0.970780353846232,0.6803935715441839,1.4502158257149453,0.022494789555566278,-0.41702107268800304,-1.3111838777059723,-1.1218750943468254,-1.301769485146565,0.40683742795524463,-0.651135495119281,-0.4144556004615526,0.8505266231005114,0.9116952015122586,-1.4100198332932161,0.0,2.2694999670951255,1.1921382551160753,-0.41632529460566275
4672,0.7917731764878985,0.13044262597456585,-1.0234775783485959,1.2012528969240606,-0.41702107268800304,0.6877385628886251,-0.9400607643567529,0.2799961531443808,0.40683742795524463,-0.651135495119281,-0.4144556004615526,4.657910047597761,0.9417594100534702,0.14044144611954992,0.0,2.2694999670951255,-0.5664572772702333,-0.7965695658503499
4673,0.970780353846232,0.24712267926790238,0.6256513576937649,0.15346791259651008,-0.41702107268800304,1.0511790066330975,-0.06735198040440485,-0.8498364456348662,-1.7618165702686994,1.5357786628062884,-0.4144556004615526,1.235765636271372,1.3527963167457793,-0.053366213807045836,0.0,0.6882113771853678,-0.5664572772702333,-0.41632529460566275
4674,0.9877816512970863,0.47333557059197,-1.0234775783485959,-0.23945145652632133,-0.41702107268800304,-0.3420093610540463,-0.43098064038454986,1.4098287519236279,0.40683742795524463,-0.651135495119281,-0.4144556004615526,1.4323523904951783,4.26002653434674,-0.24717387373364158,0.0,2.2694999670951255,1.1921382551160753,-0.7965695658503499
4675,1.0381853954921616,0.6852852632079647,-0.8173364613433008,-0.37042457956726516,0.16676217049808661,-0.09971573189106478,-0.35825490838852087,0.5059626729002302,-1.7618165702686994,-0.651135495119281,-0.4144556004615526,1.419639761876369,0.6503527564491962,-0.24717387373364158,0.0,0.6882113771853678,-0.5664572772702333,-0.7965695658503499
4676,-0.07492901397206618,-1.8003907894530935,0.2133691236831747,0.022494789555566278,-0.41702107268800304,-2.0986381724856624,-1.012786496352782,1.4098287519236279,0.40683742795524463,-0.651135495119281,-0.4144556004615526,0.4287860476844024,0.043064370690790325,-0.6347891935868331,0.0,0.6882113771853678,1.1921382551160753,-0.41632529460566275
4677,-0.511182965715099,0.3231431935972246,0.83179247469906,-0.7633439486900966,0.16676217049808661,0.7483119701793706,-0.32189204239050634,-0.3979034061231674,-1.7618165702686994,-0.651135495119281,-0.4144556004615526,-0.07384208657598047,0.6270675223434167,1.4970950656057203,0.0,0.6882113771853678,-0.5664572772702333,-1.176813837095037
4678,1.1034105427446326,0.7562192263109465,1.4502158257149453,-1.0252901947719841,-0.41702107268800304,-1.73519772874119,-0.9400607643567529,-0.171936886367318,0.40683742795524463,-0.651135495119281,-0.4144556004615526,1.2566645553731681,1.2368231606889986,0.14044144611954992,0.0,0.6882113771853678,1.1921382551160753,-0.03608102336097565
4679,0.4657099270579878,1.6033445302547515,0.6256513576937649,-0.8943170717310404,-0.41702107268800304,-0.7054498047985186,-1.1218750943468254,-0.6238699258790168,0.40683742795524463,1.5357786628062884,2.412803684849147,0.38966590815234914,-0.28758623677751277,0.14044144611954992,0.0,2.2694999670951255,-0.5664572772702333,-0.7965695658503499
4680,-0.2435210649310634,0.6094244449210796,0.6256513576937649,-0.37042457956726516,1.9181119000563556,0.990605599342352,-0.35825490838852087,-0.6238699258790168,-3.9304705684926433,-0.651135495119281,-0.4144556004615526,0.06948395504729629,0.37078249281483633,0.915672085825933,0.0,0.6882113771853678,-0.5664572772702333,-0.7965695658503499
4681,1.0718031166720068,0.6718479018183094,0.4195102406884698,0.6773604047602854,-0.41702107268800304,0.506018341016389,-0.10371484640241935,-1.301769485146565,0.40683742795524463,-0.651135495119281,-0.4144556004615526,1.0447286872218473,0.2449272556471249,-0.8285968535134288,0.0,0.6882113771853678,-0.5664572772702333,-1.176813837095037
4682,0.0890639681832886,0.4670277906713452,-1.229618695353891,0.4154141586783977,-0.41702107268800304,-0.7054498047985186,-0.7218835683686659,0.2799961531443808,0.40683742795524463,1.5357786628062884,2.412803684849147,1.3061298356520705,-0.5309008815376886,0.5280567659727414,0.0,0.6882113771853678,1.1921382551160753,0.34416324788371144
4683,0.31673177217807325,-1.4668424457987155,-0.6111953443380057,-0.8943170717310404,-0.41702107268800304,-0.3420093610540463,0.18718808158169664,0.7319291926560796,0.40683742795524463,-0.651135495119281,-0.4144556004615526,1.6055957579770845,0.49795612225995267,-1.0224045134400246,0.0,2.2694999670951255,1.1921382551160753,-0.41632529460566275
4684,0.11968650544523579,0.8258324118211804,0.2133691236831747,-0.23945145652632133,-0.41702107268800304,-0.22086254647255554,-0.9764236303547674,-0.6238699258790168,0.40683742795524463,1.5357786628062884,2.412803684849147,0.27462848450354244,-0.3317076263156127,1.4970950656057203,0.0,2.2694999670951255,-0.5664572772702333,-0.7965695658503499
4685,1.078004532147705,1.5393594350123452,0.007228006677879595,-1.287236440853872,-0.41702107268800304,-1.73519772874119,-0.9764236303547674,1.1838622321677783,0.40683742795524463,-0.651135495119281,-0.4144556004615526,1.7231841668267762,5.97575888531944,-1.6038274932198118,0.0,0.6882113771853678,-0.5664572772702333,-0.7965695658503499
4686,0.970780353846232,0.8879009893723478,1.4502158257149453,-0.23945145652632133,-0.41702107268800304,-1.432330692287463,-1.1218750943468254,-1.0758029653907155,0.40683742795524463,-0.651135495119281,-0.4144556004615526,0.7602915807904936,0.9467190923226763,-1.2162121733666202,0.0,2.2694999670951255,1.1921382551160753,-0.41632529460566275
4687,1.1207673634215245,1.3931731963342222,0.4195102406884698,1.3322260199650044,-0.41702107268800304,0.8088853774701159,-0.7582464343666804,-0.3979034061231674,0.40683742795524463,-0.651135495119281,-0.4144556004615526,0.4906764015897535,0.6842450313945581,-0.24717387373364158,0.0,0.6882113771853678,-0.5664572772702333,-0.03608102336097565
4688,0.11015344746581839,-0.10764272505962402,-0.6111953443380057,0.4154141586783977,-0.41702107268800304,-0.7054498047985186,-0.8309721663627093,0.0540296333885314,0.40683742795524463,-0.651135495119281,-0.4144556004615526,3.208481751395667,0.9991163118856018,-0.44098153366023735,0.0,2.2694999670951255,1.1921382551160753,-1.176813837095037
4689,1.0609792867176386,0.7582871044807474,-1.6419009293644813,0.5463872817193415,-0.41702107268800304,0.32429811914415285,2.0053313814824216,1.1838622321677783,0.40683742795524463,1.5357786628062884,-0.4144556004615526,-0.11447552021279332,0.9284346009529912,-0.053366213807045836,0.0,2.2694999670951255,-0.5664572772702333,-0.7965695658503499
4690,0.4503406215005717,0.5301015463616352,0.83179247469906,0.2844410356374539,-0.41702107268800304,-0.22086254647255554,-1.1218750943468254,-0.8498364456348662,0.40683742795524463,-0.651135495119281,-0.4144556004615526,3.459412100669652,0.6711002438025063,-1.2162121733666202,0.0,2.2694999670951255,-0.5664572772702333,-0.41632529460566275
4691,0.5138513120822684,0.6515511117905782,0.6256513576937649,0.022494789555566278,-0.41702107268800304,0.9300321920516067,0.29627667957574016,-0.3979034061231674,0.40683742795524463,-0.651135495119281,-0.4144556004615526,-0.08299553057519375,-0.1396699950401823,-1.4100198332932161,0.0,2.2694999670951255,-0.5664572772702333,-1.176813837095037
4692,0.39002771552577825,-0.09064912142755277,0.4195102406884698,0.5463872817193415,0.16676217049808661,0.990605599342352,1.3144369275201464,0.7319291926560796,-1.7618165702686994,-0.651135495119281,-0.4144556004615526,1.0506294843425392,0.539099178438723,-0.6347891935868331,0.0,0.6882113771853678,1.1921382551160753,-1.176813837095037
4693,1.040028163028305,1.0971156344043753,0.4195102406884698,1.3322260199650044,-0.41702107268800304,0.8088853774701159,-0.6855207023706513,-0.3979034061231674,0.40683742795524463,-0.651135495119281,-0.4144556004615526,0.6980142755616868,0.7040210396815773,-0.6347891935868331,0.0,0.6882113771853678,-0.5664572772702333,-0.41632529460566275
4694,0.5138513120822684,0.20246949996559627,0.4195102406884698,-1.156263317812928,-0.41702107268800304,-1.250610470415227,-1.1218750943468254,-0.3979034061231674,0.40683742795524463,-0.651135495119281,-0.4144556004615526,-0.09034209728054467,1.3063712918457109,-1.7976351531464076,0.0,2.2694999670951255,-0.5664572772702333,-1.176813837095037
4695,0.37234566974964434,0.5745786418468718,1.037933591704355,0.022494789555566278,-0.41702107268800304,-0.46315617563553707,-1.1218750943468254,-0.8498364456348662,0.40683742795524463,-0.651135495119281,-0.4144556004615526,3.224029032929015,0.6376464949800427,-1.4100198332932161,0.0,0.6882113771853678,-0.5664572772702333,-0.03608102336097565
4696,1.1156156633213243,1.6997424638865613,-0.19891311032741552,0.6773604047602854,0.16676217049808661,0.7483119701793706,1.8598799174903637,-0.171936886367318,0.40683742795524463,-0.651135495119281,-0.4144556004615526,0.3173806681434918,0.2877525658738464,0.915672085825933,0.0,2.2694999670951255,1.1921382551160753,-0.03608102336097565
4697,-0.12256339014857576,1.0283423775686882,0.6256513576937649,-1.5491826869357594,1.334328656870266,1.1117524139238428,-0.17644057839844834,-0.171936886367318,-1.7618165702686994,1.5357786628062884,2.412803684849147,0.02201807742467486,0.16347599525961246,0.33424910604614566,0.0,0.6882113771853678,1.1921382551160753,-1.176813837095037
4698,0.9716531575294317,0.3125063472540153,-1.8480420463697762,0.4154141586783977,-0.41702107268800304,-0.22086254647255554,1.6780655875002912,0.0540296333885314,0.40683742795524463,-0.651135495119281,-0.4144556004615526,0.03477057293241949,1.3677450870635677,-0.44098153366023735,0.0,2.2694999670951255,-0.5664572772702333,-0.7965695658503499
4699,0.9940200248202516,0.5753073284627942,0.007228006677879595,1.2012528969240606,-0.41702107268800304,0.6271651555978798,-0.6491578363726369,0.2799961531443808,0.40683742795524463,1.5357786628062884,2.412803684849147,0.6883626047842727,0.576934012582638,-1.0224045134400246,0.0,0.6882113771853678,-0.5664572772702333,-0.7965695658503499
4700,1.0639894781758095,0.6323786452294223,0.4195102406884698,0.5463872817193415,-0.41702107268800304,-0.0391423246003194,-0.7218835683686659,-1.0758029653907155,-1.7618165702686994,-0.651135495119281,-0.4144556004615526,1.1602725703884915,0.311670805471746,-0.053366213807045836,0.0,0.6882113771853678,-0.5664572772702333,-0.7965695658503499
4701,0.8211465752400006,-0.16620189264344062,-1.229618695353891,1.0702797738831167,-0.41702107268800304,0.506018341016389,-0.8673350323607238,1.6357952716794772,0.40683742795524463,1.5357786628062884,-0.4144556004615526,0.22438870156298907,-0.0727927982063822,-0.24717387373364158,0.0,0.6882113771853678,-0.5664572772702333,-0.7965695658503499
4702,0.9764193455811159,-0.26228717306014865,-1.229618695353891,1.0702797738831167,-0.41702107268800304,0.32429811914415285,-0.7946093003646949,2.3136948309470253,0.40683742795524463,1.5357786628062884,-0.4144556004615526,0.12309391822125301,0.031027836568833296,-0.8285968535134288,0.0,0.6882113771853678,-0.5664572772702333,-0.7965695658503499
4703,0.9747891937767373,0.32815669084014154,-0.19891311032741552,-0.7633439486900966,-0.41702107268800304,1.0511790066330975,-0.35825490838852087,-0.171936886367318,0.40683742795524463,-0.651135495119281,-0.4144556004615526,0.031226592967854058,0.8387644123372688,-0.44098153366023735,0.0,0.6882113771853678,1.1921382551160753,-0.7965695658503499
4704,0.967803113413862,0.8460998333404609,0.6256513576937649,0.9393066508421729,-0.41702107268800304,0.32429811914415285,0.6235424735578706,-1.0758029653907155,0.40683742795524463,-0.651135495119281,-0.4144556004615526,1.2288388026153065,-0.03757199932449266,-1.0224045134400246,0.0,0.6882113771853678,1.1921382551160753,-0.7965695658503499
4705,1.0339179834980166,0.6175731466047738,0.007228006677879595,0.6773604047602854,-0.41702107268800304,0.08200448998117135,0.5144538755638272,-0.8498364456348662,0.40683742795524463,-0.651135495119281,-0.4144556004615526,1.2391293217747859,-0.10983483129356214,-0.44098153366023735,0.0,0.6882113771853678,1.1921382551160753,-0.41632529460566275
4706,1.032715068760977,0.4659347257011859,-1.4357598123591861,-0.23945145652632133,-0.41702107268800304,-0.0391423246003194,1.5689769895062478,0.0540296333885314,0.40683742795524463,-0.651135495119281,-0.4144556004615526,1.3895932720172686,0.6429859523662289,-0.053366213807045836,0.0,0.6882113771853678,-0.5664572772702333,-0.7965695658503499
4707,0.35014274930010003,-0.041941786449879885,0.2133691236831747,0.2844410356374539,0.16676217049808661,0.8694587847608612,1.5326141235082333,0.957895712411929,0.40683742795524463,-0.651135495119281,-0.4144556004615526,1.0757990837545373,0.3540171695041979,-0.6347891935868331,0.0,0.6882113771853678,1.1921382551160753,-0.7965695658503499
4708,1.106160379200161,1.1818322824217404,-0.8173364613433008,-0.8943170717310404,-0.41702107268800304,-1.73519772874119,-0.9400607643567529,0.5059626729002302,0.40683742795524463,-0.651135495119281,-0.4144556004615526,2.2867161068657134,3.747201526676039,-0.8285968535134288,0.0,0.6882113771853678,1.1921382551160753,-0.41632529460566275
4709,1.0245797757848076,0.20213946895091595,0.83179247469906,-0.8943170717310404,1.334328656870266,0.14257789727191675,0.5871796075598562,-0.6238699258790168,-1.7618165702686994,-0.651135495119281,-0.4144556004615526,0.6220876236012765,2.0359750796681824,-0.44098153366023735,0.0,2.2694999670951255,-0.5664572772702333,-0.7965695658503499
4710,0.8037951570743629,0.816292173479498,0.4195102406884698,1.3322260199650044,0.16676217049808661,0.6271651555978798,1.3507997935181608,-0.6238699258790168,-1.7618165702686994,-0.651135495119281,-0.4144556004615526,0.7978258696234669,0.2691167115725106,-0.8285968535134288,0.0,0.6882113771853678,-0.5664572772702333,-0.41632529460566275
4711,0.970780353846232,0.24169736485609505,0.2133691236831747,-1.5491826869357594,-0.41702107268800304,0.8694587847608612,0.6962682055538997,-0.3979034061231674,0.40683742795524463,-0.651135495119281,-0.4144556004615526,0.0161675861684053,1.3567254221388998,0.14044144611954992,0.0,0.6882113771853678,-0.5664572772702333,-0.41632529460566275
4712,1.0218779319089153,0.4801557851970185,0.4195102406884698,0.022494789555566278,-0.41702107268800304,0.44544493372564364,-0.10371484640241935,-0.6238699258790168,0.40683742795524463,-0.651135495119281,-0.4144556004615526,0.9178604601701957,0.54846526925662,-0.8285968535134288,0.0,0.6882113771853678,1.1921382551160753,-0.7965695658503499
4713,0.9860463298624423,0.4573324356236537,0.2133691236831747,-0.7633439486900966,2.501895143242445,-0.09971573189106478,-0.5037063723805789,-1.5277360049024145,-1.7618165702686994,-0.651135495119281,-0.4144556004615526,1.5631097072179239,0.7689094918093479,-1.0224045134400246,0.0,0.6882113771853678,-0.5664572772702333,-0.7965695658503499
4714,0.7068158200539538,1.4028128055150169,0.6256513576937649,0.5463872817193415,-0.41702107268800304,0.6271651555978798,0.6599053395558852,-0.6238699258790168,0.40683742795524463,-0.651135495119281,-0.4144556004615526,0.20578640853184552,-0.16287078469937358,-1.4100198332932161,0.0,2.2694999670951255,-0.5664572772702333,-1.176813837095037
4715,0.5785121639546354,0.20783970294973134,0.2133691236831747,-1.0252901947719841,-0.41702107268800304,-1.1294636558337363,-1.1218750943468254,-0.171936886367318,0.40683742795524463,-0.651135495119281,-0.4144556004615526,0.10752602391938737,0.8928474232841822,-1.7976351531464076,0.0,2.2694999670951255,-0.5664572772702333,-1.176813837095037
4716,0.45140690454467824,0.2389909579636537,0.2133691236831747,0.8083335278012291,-0.41702107268800304,0.7483119701793706,1.5326141235082333,-0.171936886367318,-1.7618165702686994,-0.651135495119281,-0.4144556004615526,1.1154626058046675,-0.14081305953572437,-1.4100198332932161,0.0,0.6882113771853678,-0.5664572772702333,-1.176813837095037
4717,0.970780353846232,0.7139378240159571,0.6256513576937649,0.4154141586783977,0.16676217049808661,0.6877385628886251,-0.17644057839844834,-1.0758029653907155,-1.7618165702686994,-0.651135495119281,-0.4144556004615526,1.235765636271372,0.8584644426980357,-0.24717387373364158,0.0,0.6882113771853678,-0.5664572772702333,-0.41632529460566275
4718,1.0556928394849652,0.731905165938944,-0.6111953443380057,0.022494789555566278,-0.41702107268800304,-0.5843029902170278,1.3871626595161752,-0.8498364456348662,0.40683742795524463,-0.651135495119281,-0.4144556004615526,0.8548150829622049,2.4287959892896156,-0.053366213807045836,0.0,2.2694999670951255,-0.5664572772702333,-0.7965695658503499
4719,0.017095316722317847,0.17688810957886322,0.007228006677879595,-0.10847833348537753,-0.41702107268800304,-0.8265966193800093,-0.9036978983587384,0.957895712411929,0.40683742795524463,-0.651135495119281,-0.4144556004615526,1.1378718559583139,-0.3259652242817326,0.14044144611954992,0.0,0.6882113771853678,1.1921382551160753,-0.7965695658503499
4720,-0.8083316562243846,0.8428361922647161,1.037933591704355,2.118064758210667,-0.41702107268800304,0.02143108269042598,-0.32189204239050634,-0.8498364456348662,0.40683742795524463,-0.651135495119281,-0.4144556004615526,0.6520385841493157,0.04315352694277219,1.1094797457525287,0.0,0.6882113771853678,-0.5664572772702333,-1.176813837095037
4721,1.0498180669129413,0.542318756564938,-2.0541831633750713,-0.23945145652632133,-0.41702107268800304,0.2637247118534075,1.7144284534983059,0.5059626729002302,0.40683742795524463,-0.651135495119281,-0.4144556004615526,0.8695145366602063,0.578495372368907,-0.24717387373364158,0.0,0.6882113771853678,-0.5664572772702333,-0.7965695658503499
4722,0.6612862088511394,0.620571005625203,0.6256513576937649,-1.0252901947719841,-0.41702107268800304,-1.3111838777059723,-1.0855122283488108,-0.8498364456348662,0.40683742795524463,-0.651135495119281,-0.4144556004615526,-0.16249972681431873,1.9622927153348064,-1.6038274932198118,0.0,2.2694999670951255,-0.5664572772702333,-1.176813837095037
4723,-0.29679455762281076,0.7232167949091295,0.83179247469906,0.6773604047602854,1.9181119000563556,0.7483119701793706,-0.28552917639249187,-0.8498364456348662,-1.7618165702686994,-0.651135495119281,-0.4144556004615526,-0.07579951115850138,-0.26854884178667815,0.7218644258993372,0.0,0.6882113771853678,-0.5664572772702333,-0.41632529460566275
4724,1.0244051494117286,0.6626084585910099,1.6563569427202405,-0.23945145652632133,-0.41702107268800304,-1.432330692287463,-1.0855122283488108,-1.0758029653907155,0.40683742795524463,-0.651135495119281,-0.4144556004615526,1.0006611696931855,1.0265964278338888,-1.0224045134400246,0.0,0.6882113771853678,1.1921382551160753,-0.41632529460566275
4725,-0.21645700812127638,0.2568327273952646,0.6256513576937649,0.5463872817193415,-0.41702107268800304,0.506018341016389,0.8780825355439722,-0.8498364456348662,0.40683742795524463,-0.651135495119281,-0.4144556004615526,0.08527234903546353,0.3539946102755041,1.8847103854589116,0.0,0.6882113771853678,1.1921382551160753,-0.41632529460566275
4726,1.1061735476638261,0.9045674743770455,-1.4357598123591861,-0.37042457956726516,-0.41702107268800304,-0.0391423246003194,-0.6127949703746224,1.6357952716794772,0.40683742795524463,-0.651135495119281,-0.4144556004615526,1.5113355099771344,0.9406880440534838,0.7218644258993372,0.0,0.6882113771853678,1.1921382551160753,-0.41632529460566275
4727,0.6722689526345881,0.5616442789034025,-0.4050542273327106,-1.0252901947719841,-0.41702107268800304,-1.0688902485429908,-1.0855122283488108,-0.171936886367318,0.40683742795524463,1.5357786628062884,2.412803684849147,-0.0625605816644844,1.3860192143531216,-1.7976351531464076,0.0,2.2694999670951255,-0.5664572772702333,-1.176813837095037
4728,1.063308512562929,0.5125462420933321,-0.4050542273327106,0.5463872817193415,-0.41702107268800304,0.02143108269042598,0.44172814356779816,-0.8498364456348662,0.40683742795524463,-0.651135495119281,-0.4144556004615526,1.2406951153767711,-0.14515522047229826,-0.24717387373364158,0.0,0.6882113771853678,-0.5664572772702333,-0.03608102336097565
4729,0.7274483449579706,1.8394789975079844,0.4195102406884698,-1.156263317812928,-0.41702107268800304,-1.4929040995782086,-1.1218750943468254,0.0540296333885314,0.40683742795524463,-0.651135495119281,-0.4144556004615526,0.2784044930724466,0.5138283148080165,-1.0224045134400246,0.0,2.2694999670951255,-0.5664572772702333,-0.7965695658503499
4730,0.7743239618936982,0.5005491790240183,-1.0234775783485959,-0.6323708256491528,-0.41702107268800304,0.44544493372564364,0.8053568035479431,-0.171936886367318,0.40683742795524463,-0.651135495119281,-0.4144556004615526,1.7328756150507543,0.9538806978100692,0.33424910604614566,0.0,0.6882113771853678,-0.5664572772702333,-0.7965695658503499
4731,0.9484278924888266,0.2528456381396306,-1.4357598123591861,0.4154141586783977,-0.41702107268800304,-0.16028913918181015,0.22355094757971114,0.2799961531443808,0.40683742795524463,-0.651135495119281,-0.4144556004615526,1.197234604576484,-0.3412523936326482,-0.24717387373364158,0.0,0.6882113771853678,-0.5664572772702333,-0.41632529460566275
4732,0.6975852156644837,-0.12087946316713195,0.2133691236831747,0.2844410356374539,0.7505454136841763,-0.9477434339615001,-0.17644057839844834,-0.6238699258790168,-1.7618165702686994,-0.651135495119281,-0.4144556004615526,1.608850014313928,0.46363871079633523,-0.44098153366023735,0.0,0.6882113771853678,1.1921382551160753,-0.41632529460566275
4733,-0.094930186120613,1.8998476521034255,-0.19891311032741552,-0.8943170717310404,-0.41702107268800304,-1.0688902485429908,-1.1218750943468254,-0.171936886367318,0.40683742795524463,1.5357786628062884,2.412803684849147,0.386653557690882,-0.2571374608505885,-1.7976351531464076,0.0,2.2694999670951255,-0.5664572772702333,-0.7965695658503499
4734,1.0718031166720068,0.7279376829905075,-0.6111953443380057,0.15346791259651008,-0.41702107268800304,-0.0391423246003194,-0.4673435063825644,0.5059626729002302,0.40683742795524463,-0.651135495119281,-0.4144556004615526,1.24676340458623,0.4309438389776614,-0.053366213807045836,0.0,0.6882113771853678,-0.5664572772702333,-0.7965695658503499
4735,0.32279203581414556,-0.16103381154042015,-1.0234775783485959,0.8083335278012291,-0.41702107268800304,-0.22086254647255554,-0.7946093003646949,0.2799961531443808,0.40683742795524463,-0.651135495119281,-0.4144556004615526,3.7768808914330756,1.0548790790223597,0.14044144611954992,0.0,2.2694999670951255,1.1921382551160753,-1.176813837095037
4736,-0.50266730290894,0.6033552000783651,-1.6419009293644813,1.8561185121287795,-0.41702107268800304,0.8088853774701159,2.3325971754645525,-0.6238699258790168,0.40683742795524463,1.5357786628062884,-0.4144556004615526,0.3764136590729933,-1.034921566365245,0.915672085825933,0.0,2.2694999670951255,1.1921382551160753,-0.7965695658503499
4737,1.1343935936859888,0.9894831276332261,-1.6419009293644813,-0.6323708256491528,-0.41702107268800304,-0.09971573189106478,-0.9036978983587384,1.6357952716794772,0.40683742795524463,-0.651135495119281,-0.4144556004615526,1.6904504261865074,1.2895779510939291,1.3032874056791244,0.0,0.6882113771853678,2.950733787502384,-0.41632529460566275
4738,0.3812160577520471,-0.11576687745108126,0.4195102406884698,0.5463872817193415,0.16676217049808661,0.990605599342352,1.3144369275201464,0.7319291926560796,-1.7618165702686994,-0.651135495119281,-0.4144556004615526,1.0470060967390824,0.5837598418292906,-0.6347891935868331,0.0,0.6882113771853678,1.1921382551160753,-1.176813837095037
4739,0.593922548508992,0.4447114812674533,0.4195102406884698,-0.8943170717310404,0.16676217049808661,1.0511790066330975,-0.32189204239050634,-0.171936886367318,0.40683742795524463,-0.651135495119281,-0.4144556004615526,0.13916995496773155,2.7366725010082575,-1.2162121733666202,0.0,0.6882113771853678,-0.5664572772702333,-0.41632529460566275
4740,-0.5468979876190949,-0.12132407434960187,1.2440747087096502,1.3322260199650044,-0.41702107268800304,-2.4620786162301345,-0.9764236303547674,0.7319291926560796,0.40683742795524463,-0.651135495119281,-0.4144556004615526,0.8104509261601596,0.4322617830085853,0.915672085825933,0.0,0.6882113771853678,1.1921382551160753,-0.41632529460566275
4741,-0.020352278969063296,-0.4241292726072565,0.83179247469906,0.6773604047602854,-0.41702107268800304,-0.28143595376330094,-0.8309721663627093,0.0540296333885314,0.40683742795524463,-0.651135495119281,-0.4144556004615526,0.5811387672282822,0.13843537044193946,-0.24717387373364158,0.0,0.6882113771853678,1.1921382551160753,-1.176813837095037
4742,1.073532065308736,0.8473237599005964,-1.4357598123591861,0.5463872817193415,-0.41702107268800304,0.38487152643489825,2.0416942474804363,1.1838622321677783,0.40683742795524463,-0.651135495119281,-0.4144556004615526,-0.1136544803723398,0.8537852039033862,0.14044144611954992,0.0,2.2694999670951255,1.1921382551160753,-0.7965695658503499
4743,1.1166702705613147,1.378149820857546,0.4195102406884698,1.3322260199650044,-0.41702107268800304,0.8088853774701159,-0.7582464343666804,-0.3979034061231674,0.40683742795524463,-0.651135495119281,-0.4144556004615526,0.5011977161304513,0.685248560559593,-0.24717387373364158,0.0,0.6882113771853678,-0.5664572772702333,-0.03608102336097565
4744,-1.2204403893936089,-0.24958649105122951,-1.229618695353891,2.2490378812516107,-0.41702107268800304,-0.4025827683447917,0.9508082675400011,0.5059626729002302,0.40683742795524463,-0.651135495119281,-0.4144556004615526,0.807288161686619,2.6006763009254916,1.8847103854589116,0.0,0.6882113771853678,1.1921382551160753,-0.7965695658503499
4745,-0.636568184164193,0.4983006307805463,1.2440747087096502,2.2490378812516107,-0.41702107268800304,-0.0391423246003194,-0.24916631039447737,-0.8498364456348662,0.40683742795524463,-0.651135495119281,-0.4144556004615526,0.8151810510759866,0.2764764370028039,1.1094797457525287,0.0,0.6882113771853678,-0.5664572772702333,-1.176813837095037
4746,0.6310646800330775,0.646958906749271,0.2133691236831747,-0.10847833348537753,-0.41702107268800304,-0.8871700266707547,-1.0491493623507964,-0.6238699258790168,0.40683742795524463,-0.651135495119281,-0.4144556004615526,3.0635157621775506,0.8602594082214408,-1.0224045134400246,0.0,0.6882113771853678,1.1921382551160753,-0.03608102336097565
4747,0.9205193369944764,0.28686936752245046,0.4195102406884698,-0.6323708256491528,-0.41702107268800304,0.5665917483071344,0.005373751591624148,0.5059626729002302,0.40683742795524463,-0.651135495119281,-0.4144556004615526,0.6242861744198643,0.8646035372345736,-0.44098153366023735,0.0,0.6882113771853678,1.1921382551160753,-0.41632529460566275
4748,0.970780353846232,0.7089429014280512,-1.6419009293644813,-0.5013977026082089,-0.41702107268800304,-0.28143595376330094,1.6053398555042624,1.8617617914353266,0.40683742795524463,-0.651135495119281,-0.4144556004615526,0.4125539748560846,1.3567254221388998,-0.24717387373364158,0.0,2.2694999670951255,-0.5664572772702333,-0.41632529460566275
4749,1.0509019797454642,0.6031927594864843,0.2133691236831747,0.2844410356374539,0.16676217049808661,0.32429811914415285,-0.17644057839844834,-1.5277360049024145,-1.7618165702686994,-0.651135495119281,-0.4144556004615526,1.2536682580368896,0.3562386596859971,-1.0224045134400246,0.0,0.6882113771853678,-0.5664572772702333,-0.7965695658503499
4750,1.0605377923672232,0.17570008678528745,0.4195102406884698,-0.7633439486900966,2.501895143242445,0.32429811914415285,0.5508167415618417,-0.6238699258790168,-1.7618165702686994,-0.651135495119281,-0.4144556004615526,1.17729675045621,2.7639321621079485,-0.6347891935868331,0.0,2.2694999670951255,-0.5664572772702333,-0.7965695658503499
4751,1.0423846548970814,0.6654908630153271,0.6256513576937649,-0.8943170717310404,-0.41702107268800304,0.6271651555978798,0.11446234958566764,-0.3979034061231674,0.40683742795524463,-0.651135495119281,-0.4144556004615526,0.4773607248562045,0.5126569200645626,-0.053366213807045836,0.0,0.6882113771853678,1.1921382551160753,-0.7965695658503499
4752,0.970780353846232,0.24297160633663195,0.6256513576937649,0.022494789555566278,-0.41702107268800304,1.0511790066330975,-0.030989114406390354,-0.6238699258790168,0.40683742795524463,-0.651135495119281,-0.4144556004615526,1.2250365958170306,1.3475707314752143,-0.053366213807045836,0.0,0.6882113771853678,-0.5664572772702333,-0.41632529460566275
4753,-0.07685581253354462,0.9827482667121848,0.6256513576937649,-1.0252901947719841,2.501895143242445,1.1723258212145882,-0.28552917639249187,-0.6238699258790168,-3.9304705684926433,-0.651135495119281,-0.4144556004615526,0.08568882005302005,0.14929266130716684,0.33424910604614566,0.0,0.6882113771853678,1.1921382551160753,-1.176813837095037
4754,-0.6501818793680945,0.40197243801060045,1.037933591704355,2.2490378812516107,-0.41702107268800304,0.08200448998117135,-0.39461777438653534,-0.8498364456348662,0.40683742795524463,-0.651135495119281,-0.4144556004615526,0.8383271153540095,0.34083998832071716,1.1094797457525287,0.0,0.6882113771853678,-0.5664572772702333,-1.176813837095037
4755,1.0386602452057225,1.0323512716983443,0.6256513576937649,-0.6323708256491528,-0.41702107268800304,0.8694587847608612,0.07809948358765315,-0.171936886367318,0.40683742795524463,-0.651135495119281,-0.4144556004615526,0.48770481734168064,0.5317272524869451,-1.2162121733666202,0.0,0.6882113771853678,1.1921382551160753,-0.7965695658503499
4756,0.8756601092050531,-0.11614434554711524,-1.6419009293644813,1.3322260199650044,-0.41702107268800304,-0.4025827683447917,0.11446234958566764,1.4098287519236279,0.40683742795524463,-0.651135495119281,-0.4144556004615526,1.2331296173109567,0.20958828799572718,-1.2162121733666202,0.0,0.6882113771853678,1.1921382551160753,-1.176813837095037
4757,1.0230994661523456,0.6682718124733131,-1.0234775783485959,0.8083335278012291,-0.41702107268800304,-0.0391423246003194,1.5689769895062478,-0.171936886367318,0.40683742795524463,-0.651135495119281,-0.4144556004615526,0.15910054883115574,1.1439646310097358,-0.44098153366023735,0.0,0.6882113771853678,-0.5664572772702333,-0.41632529460566275
4758,1.0718031166720068,1.3922958297889667,1.037933591704355,-1.287236440853872,-0.41702107268800304,-1.432330692287463,-1.1218750943468254,-0.8498364456348662,0.40683742795524463,-0.651135495119281,-0.4144556004615526,1.1708799315531788,6.466605779984827,-1.6038274932198118,0.0,2.2694999670951255,-0.5664572772702333,-0.7965695658503499
4759,1.0544742658962818,0.1801585054878089,-0.19891311032741552,-1.811128933017647,0.7505454136841763,1.5357662649590604,0.9508082675400011,-0.3979034061231674,-1.7618165702686994,-0.651135495119281,-0.4144556004615526,0.9587765677327226,0.9593223356602543,-0.6347891935868331,0.0,0.6882113771853678,-0.5664572772702333,-0.7965695658503499
4760,-0.044146263776273155,-1.077705832919676,-0.19891311032741552,-1.0252901947719841,-0.41702107268800304,-1.553477506868954,-1.012786496352782,0.2799961531443808,0.40683742795524463,1.5357786628062884,-0.4144556004615526,0.04122185120800933,0.04314029049174643,-0.6347891935868331,0.0,0.6882113771853678,2.950733787502384,-1.176813837095037
4761,0.970780353846232,0.35685062597867206,0.6256513576937649,-0.6323708256491528,0.16676217049808661,0.6271651555978798,-0.06735198040440485,0.2799961531443808,0.40683742795524463,-0.651135495119281,-0.4144556004615526,0.7092354243093497,1.102555808778364,-0.6347891935868331,0.0,0.6882113771853678,1.1921382551160753,-0.41632529460566275
4762,-0.07324206236289858,-0.5183827643358008,0.83179247469906,1.0702797738831167,-0.41702107268800304,0.08200448998117135,-0.8309721663627093,0.0540296333885314,0.40683742795524463,-0.651135495119281,-0.4144556004615526,0.48741317990685495,0.16271659552496762,-0.053366213807045836,0.0,0.6882113771853678,1.1921382551160753,-1.176813837095037
4763,0.6882871041003461,0.2533350340417664,0.2133691236831747,-0.6323708256491528,1.334328656870266,-0.6448763975077731,-0.32189204239050634,-1.0758029653907155,-1.7618165702686994,-0.651135495119281,-0.4144556004615526,1.795321635838186,0.7538780510159111,-0.6347891935868331,0.0,0.6882113771853678,-0.5664572772702333,-0.41632529460566275
4764,0.970780353846232,0.43279033109723614,0.6256513576937649,0.2844410356374539,-0.41702107268800304,0.990605599342352,-0.14007771240043385,-0.8498364456348662,-1.7618165702686994,1.5357786628062884,-0.4144556004615526,1.235765636271372,1.2183326310019655,-0.053366213807045836,0.0,0.6882113771853678,-0.5664572772702333,-0.41632529460566275
4765,1.1053686587612261,0.9024068255035131,-1.4357598123591861,-0.37042457956726516,-0.41702107268800304,-0.0391423246003194,-0.6127949703746224,1.6357952716794772,0.40683742795524463,-0.651135495119281,-0.4144556004615526,1.5066617948581986,0.9314582991383155,0.7218644258993372,0.0,0.6882113771853678,1.1921382551160753,-0.41632529460566275
4766,1.0718031166720068,1.5722897748365365,0.6256513576937649,-0.6323708256491528,0.16676217049808661,0.6271651555978798,0.7326310715519142,-0.8498364456348662,0.40683742795524463,-0.651135495119281,-0.4144556004615526,0.2935236667339787,0.5869608878722461,-1.6038274932198118,0.0,0.6882113771853678,1.1921382551160753,-0.7965695658503499
4767,0.017095316722317847,-0.09614822283840065,-1.0234775783485959,0.6773604047602854,-0.41702107268800304,-0.6448763975077731,-0.7582464343666804,0.7319291926560796,0.40683742795524463,1.5357786628062884,-0.4144556004615526,2.846988352801601,0.5426064505527826,-0.24717387373364158,0.0,2.2694999670951255,1.1921382551160753,-1.176813837095037
4768,1.0629148517855862,0.5752743691120653,-2.0541831633750713,-0.37042457956726516,-0.41702107268800304,0.2637247118534075,1.6780655875002912,0.5059626729002302,0.40683742795524463,-0.651135495119281,-0.4144556004615526,1.168999287839123,0.42591194429185336,-0.053366213807045836,0.0,0.6882113771853678,-0.5664572772702333,-0.7965695658503499
4769,0.26270429778641324,-1.588975781615864,-0.4050542273327106,-0.8943170717310404,-0.41702107268800304,-1.8563445433226808,-1.0491493623507964,1.6357952716794772,0.40683742795524463,1.5357786628062884,-0.4144556004615526,0.3499407750451582,-0.3205464080486515,-1.4100198332932161,0.0,0.6882113771853678,1.1921382551160753,-0.7965695658503499
4770,0.970780353846232,0.7028773787784177,0.6256513576937649,0.4154141586783977,0.7505454136841763,0.8088853774701159,-0.24916631039447737,-0.8498364456348662,-1.7618165702686994,1.5357786628062884,-0.4144556004615526,1.235765636271372,1.0227309764054,-0.053366213807045836,0.0,0.6882113771853678,-0.5664572772702333,-0.41632529460566275
4771,0.5594599956111475,1.3689869000900803,0.007228006677879595,0.022494789555566278,-0.41702107268800304,-0.5237295829262825,-1.1218750943468254,0.957895712411929,0.40683742795524463,-0.651135495119281,-0.4144556004615526,1.5528764655404892,0.00420893972431458,1.3032874056791244,0.0,0.6882113771853678,2.950733787502384,-0.7965695658503499
4772,-0.9385623177478618,1.697022200209699,-0.4050542273327106,-0.37042457956726516,-0.41702107268800304,-1.0083168412522454,-1.1218750943468254,-0.3979034061231674,0.40683742795524463,-0.651135495119281,-0.4144556004615526,0.920258529986739,-0.12474224024395904,-1.7976351531464076,0.0,2.2694999670951255,-0.5664572772702333,-0.41632529460566275
4773,0.9262563046601912,1.050272210911947,0.6256513576937649,1.3322260199650044,0.16676217049808661,0.506018341016389,1.3507997935181608,-0.6238699258790168,-1.7618165702686994,-0.651135495119281,-0.4144556004615526,0.6695460534314116,0.4201533192575571,-0.6347891935868331,0.0,0.6882113771853678,1.1921382551160753,-0.03608102336097565
4774,0.970780353846232,0.24169736485609505,0.4195102406884698,-1.287236440853872,-0.41702107268800304,0.38487152643489825,0.5871796075598562,-0.171936886367318,0.40683742795524463,-0.651135495119281,-0.4144556004615526,0.0161675861684053,1.3567254221388998,0.14044144611954992,0.0,0.6882113771853678,1.1921382551160753,-0.41632529460566275
4775,0.8411657522203696,1.009348491558795,0.4195102406884698,1.0702797738831167,-0.41702107268800304,0.8694587847608612,0.22355094757971114,-1.0758029653907155,0.40683742795524463,-0.651135495119281,-0.4144556004615526,0.3034834470869944,-0.030904350764071345,-0.44098153366023735,0.0,0.6882113771853678,-0.5664572772702333,-1.176813837095037
4776,1.0718031166720068,1.6181059352659815,-0.8173364613433008,-0.6323708256491528,-0.41702107268800304,-1.250610470415227,-0.9400607643567529,-0.171936886367318,0.40683742795524463,1.5357786628062884,-0.4144556004615526,0.2831510675430278,3.524195325505552,-1.7976351531464076,0.0,2.2694999670951255,-0.5664572772702333,-0.7965695658503499
4777,1.0718031166720068,0.37443473715434,-0.19891311032741552,-1.6801558099767033,0.7505454136841763,1.1723258212145882,0.9508082675400011,-0.3979034061231674,-1.7618165702686994,1.5357786628062884,2.412803684849147,1.389493822851958,0.8770399017923932,-0.44098153366023735,0.0,2.2694999670951255,-0.5664572772702333,-0.7965695658503499
4778,-0.042216480018067964,-0.5889540983579283,0.4195102406884698,-1.156263317812928,-0.41702107268800304,-1.8563445433226808,-1.0491493623507964,0.0540296333885314,0.40683742795524463,1.5357786628062884,-0.4144556004615526,-0.2159961036252846,0.13100151909784052,-0.24717387373364158,0.0,0.6882113771853678,-0.5664572772702333,-1.176813837095037
4779,0.5705344079414012,0.21206118760643747,-1.229618695353891,0.022494789555566278,-0.41702107268800304,-1.250610470415227,-0.7946093003646949,0.2799961531443808,0.40683742795524463,-0.651135495119281,-0.4144556004615526,2.978732229265567,1.2111765468715388,0.14044144611954992,0.0,0.6882113771853678,2.950733787502384,-0.7965695658503499
4780,1.0018849126580538,0.8336836417548031,0.4195102406884698,0.2844410356374539,-0.41702107268800304,0.32429811914415285,0.6962682055538997,-1.0758029653907155,0.40683742795524463,-0.651135495119281,-0.4144556004615526,1.4364973151773173,0.2465347560229279,-0.6347891935868331,0.0,0.6882113771853678,1.1921382551160753,-0.7965695658503499
4781,0.970780353846232,0.7741855149589298,0.6256513576937649,0.15346791259651008,1.334328656870266,0.38487152643489825,-0.35825490838852087,-1.0758029653907155,-1.7618165702686994,1.5357786628062884,-0.4144556004615526,1.3604585258983977,0.8584644426980357,-0.44098153366023735,0.0,0.6882113771853678,-0.5664572772702333,-0.41632529460566275
4782,0.40456118605804586,0.2674436372839605,0.4195102406884698,1.0702797738831167,-0.41702107268800304,0.8694587847608612,1.2417111955241174,-0.8498364456348662,-1.7618165702686994,-0.651135495119281,-0.4144556004615526,0.9169272353448608,-0.0485949460327554,-1.0224045134400246,0.0,0.6882113771853678,-0.5664572772702333,-1.176813837095037
4783,-0.02246024243557504,-0.5118237661075276,0.4195102406884698,-1.156263317812928,-0.41702107268800304,-1.9774913579041715,-1.0491493623507964,0.0540296333885314,0.40683742795524463,1.5357786628062884,-0.4144556004615526,-0.25409083583114395,0.1277512138651531,-0.24717387373364158,0.0,0.6882113771853678,-0.5664572772702333,-1.176813837095037
4784,0.9870914388432593,0.4591619602231278,0.2133691236831747,-0.7633439486900966,2.501895143242445,-0.09971573189106478,-0.5037063723805789,-1.5277360049024145,-1.7618165702686994,-0.651135495119281,-0.4144556004615526,1.5581232482408036,0.762778558330151,-1.0224045134400246,0.0,0.6882113771853678,-0.5664572772702333,-0.7965695658503499
4785,-0.5763720521780679,0.8124505948376086,1.037933591704355,1.9870916351697234,-0.41702107268800304,0.02143108269042598,-0.24916631039447737,-0.8498364456348662,0.40683742795524463,-0.651135495119281,-0.4144556004615526,0.5498094071143498,-0.06875651988255728,1.1094797457525287,0.0,0.6882113771853678,-0.5664572772702333,-1.176813837095037
4786,0.361122602330685,0.5405386614788598,-1.4357598123591861,-1.0252901947719841,-0.41702107268800304,-0.16028913918181015,1.6417027215022768,2.765627870458724,0.40683742795524463,-0.651135495119281,-0.4144556004615526,2.449214712215701,0.028610831281003116,-1.2162121733666202,0.0,0.6882113771853678,-0.5664572772702333,-1.176813837095037
4787,1.0718031166720068,0.7475393532831833,-0.6111953443380057,0.15346791259651008,-0.41702107268800304,0.14257789727191675,-0.24916631039447737,0.2799961531443808,0.40683742795524463,-0.651135495119281,-0.4144556004615526,1.2494708039569262,0.4197318242761978,-0.24717387373364158,0.0,0.6882113771853678,1.1921382551160753,-0.7965695658503499
4788,0.8018829472293063,0.546234072155666,-1.229618695353891,0.4154141586783977,-0.41702107268800304,-0.09971573189106478,-0.17644057839844834,1.8617617914353266,0.40683742795524463,-0.651135495119281,-0.4144556004615526,1.2035543089607617,-0.0025663816649871213,-0.6347891935868331,0.0,0.6882113771853678,-0.5664572772702333,-1.176813837095037
4789,-0.5169569650583405,0.31696753784538084,0.83179247469906,-0.7633439486900966,0.16676217049808661,0.7483119701793706,-0.32189204239050634,-0.3979034061231674,-1.7618165702686994,-0.651135495119281,-0.4144556004615526,-0.07693391424281744,0.6325960999551199,1.4970950656057203,0.0,0.6882113771853678,-0.5664572772702333,-1.176813837095037
4790,0.980532373444698,0.9179995226343142,0.6256513576937649,0.6773604047602854,-0.41702107268800304,0.32429811914415285,0.6599053395558852,-1.0758029653907155,0.40683742795524463,-0.651135495119281,-0.4144556004615526,1.1423842502694819,0.031319458481053525,-1.0224045134400246,0.0,0.6882113771853678,1.1921382551160753,-0.7965695658503499
4791,0.9755529946843924,0.24765675374094964,0.6256513576937649,0.2844410356374539,-0.41702107268800304,0.7483119701793706,0.15082521558368214,-1.0758029653907155,0.40683742795524463,-0.651135495119281,-0.4144556004615526,1.2157401374569883,0.8819965863061224,-0.44098153366023735,0.0,0.6882113771853678,1.1921382551160753,-0.41632529460566275
4792,0.6250440420905743,0.07694392452596471,-1.0234775783485959,0.5463872817193415,-0.41702107268800304,0.990605599342352,-0.9764236303547674,0.2799961531443808,0.40683742795524463,1.5357786628062884,-0.4144556004615526,0.4085459427021886,-0.10023278918501018,0.7218644258993372,0.0,2.2694999670951255,1.1921382551160753,-0.7965695658503499
4793,-0.5421617664159699,0.08335555051758661,1.2440747087096502,1.3322260199650044,-0.41702107268800304,-2.4620786162301345,-0.9764236303547674,0.7319291926560796,0.40683742795524463,-0.651135495119281,-0.4144556004615526,0.8631961467561717,0.4076549830543133,0.915672085825933,0.0,0.6882113771853678,1.1921382551160753,-0.41632529460566275
4794,-0.02251055888189468,-0.12615177596953137,0.4195102406884698,0.4154141586783977,-0.41702107268800304,-0.3420093610540463,-0.8673350323607238,-0.171936886367318,0.40683742795524463,-0.651135495119281,-0.4144556004615526,0.49851261859653623,-0.016466556013992606,0.14044144611954992,0.0,2.2694999670951255,1.1921382551160753,-0.7965695658503499
4795,0.7721186491884307,0.8898881237937418,0.2133691236831747,-0.8943170717310404,-0.41702107268800304,-1.250610470415227,-1.0491493623507964,-0.8498364456348662,0.40683742795524463,-0.651135495119281,-0.4144556004615526,-0.1641449757823635,2.143155463708524,-1.6038274932198118,0.0,2.2694999670951255,-0.5664572772702333,-1.176813837095037
4796,-0.5434016371511814,0.8222859010831248,1.037933591704355,1.9870916351697234,-0.41702107268800304,-0.0391423246003194,-0.32189204239050634,-0.8498364456348662,0.40683742795524463,-0.651135495119281,-0.4144556004615526,0.6723264297334024,-0.0012512359745560186,1.1094797457525287,0.0,0.6882113771853678,-0.5664572772702333,-1.176813837095037
4797,0.35275163482493205,0.48752501798114606,-1.229618695353891,-0.8943170717310404,-0.41702107268800304,-0.0391423246003194,1.7144284534983059,2.765627870458724,0.40683742795524463,-0.651135495119281,-0.4144556004615526,2.255612621157135,-0.014872525313450492,-1.2162121733666202,0.0,0.6882113771853678,-0.5664572772702333,-1.176813837095037
4798,0.9798559143897232,0.36534949001999,-1.0234775783485959,-0.10847833348537753,-0.41702107268800304,-0.22086254647255554,-0.35825490838852087,1.4098287519236279,0.40683742795524463,-0.651135495119281,-0.4144556004615526,1.400189863660619,4.051880122139619,-0.053366213807045836,0.0,2.2694999670951255,1.1921382551160753,-0.7965695658503499
4799,0.821004339881776,0.8808745040618855,0.6256513576937649,-0.5013977026082089,-0.41702107268800304,1.0511790066330975,0.15082521558368214,-0.171936886367318,0.40683742795524463,1.5357786628062884,2.412803684849147,0.11032551539621684,0.25971695596336064,-1.4100198332932161,0.0,0.6882113771853678,1.1921382551160753,-1.176813837095037
4800,0.017095316722317847,0.2369507744501993,-0.6111953443380057,0.6773604047602854,-0.41702107268800304,-0.3420093610540463,-0.8309721663627093,0.957895712411929,0.40683742795524463,-0.651135495119281,-0.4144556004615526,1.6259582879256276,-0.5246990789225277,-0.6347891935868331,0.0,2.2694999670951255,-0.5664572772702333,-0.7965695658503499
4801,0.006573694927675219,-1.8003907894530935,0.007228006677879595,-0.10847833348537753,-0.41702107268800304,-2.038064765194917,-1.012786496352782,1.4098287519236279,0.40683742795524463,-0.651135495119281,-0.4144556004615526,0.4369271465333458,-0.05123992410959815,-0.8285968535134288,0.0,0.6882113771853678,1.1921382551160753,-0.41632529460566275
4802,0.5138513120822684,0.16913849277788168,0.2133691236831747,-1.156263317812928,-0.41702107268800304,-1.1900370631244817,-1.1218750943468254,-0.171936886367318,0.40683742795524463,-0.651135495119281,-0.4144556004615526,-0.05137069621940014,1.0750412425953029,-1.7976351531464076,0.0,2.2694999670951255,-0.5664572772702333,-1.176813837095037
4803,0.42245924168787746,0.13179975655508047,0.2133691236831747,-1.156263317812928,2.501895143242445,1.1723258212145882,1.9326056494863928,-0.171936886367318,-1.7618165702686994,-0.651135495119281,-0.4144556004615526,0.023026197385660894,0.44171469696819354,0.5280567659727414,0.0,0.6882113771853678,-0.5664572772702333,-0.41632529460566275
4804,1.1118416430462306,1.1096907452761202,-0.8173364613433008,-0.8943170717310404,-0.41702107268800304,-1.73519772874119,-0.9400607643567529,0.5059626729002302,0.40683742795524463,-0.651135495119281,-0.4144556004615526,2.371612098916687,3.2975250411146355,-0.6347891935868331,0.0,0.6882113771853678,1.1921382551160753,-0.41632529460566275
4805,1.0130811710371495,0.4462449730681376,-0.4050542273327106,-0.6323708256491528,-0.41702107268800304,-1.0688902485429908,-0.9400607643567529,1.6357952716794772,0.40683742795524463,1.5357786628062884,-0.4144556004615526,0.557924401979209,0.8786040809196971,0.14044144611954992,0.0,0.6882113771853678,-0.5664572772702333,-1.176813837095037
4806,0.9731968994509722,0.2504465745604537,-0.4050542273327106,-0.10847833348537753,-0.41702107268800304,-0.6448763975077731,1.3507997935181608,-0.8498364456348662,0.40683742795524463,-0.651135495119281,-0.4144556004615526,1.8243430875502011,1.070798548067461,-0.053366213807045836,0.0,0.6882113771853678,-0.5664572772702333,-0.7965695658503499
4807,0.07326636802141867,1.9381286881064959,-0.19891311032741552,-1.0252901947719841,-0.41702107268800304,-1.0688902485429908,-1.1218750943468254,-0.171936886367318,0.40683742795524463,1.5357786628062884,2.412803684849147,0.28540133024311687,-0.282683776626353,-1.7976351531464076,0.0,2.2694999670951255,-0.5664572772702333,-0.7965695658503499
4808,0.993032563962334,1.7021967686235118,0.6256513576937649,-0.8943170717310404,-0.41702107268800304,-1.6140509141596993,-1.0855122283488108,0.0540296333885314,0.40683742795524463,-0.651135495119281,-0.4144556004615526,0.2715308207333908,1.4282707187966002,-0.6347891935868331,0.0,2.2694999670951255,-0.5664572772702333,-0.7965695658503499
4809,0.6463642941643143,0.49314631087369115,-0.19891311032741552,-1.0252901947719841,-0.41702107268800304,-1.0688902485429908,-1.0855122283488108,-0.171936886367318,0.40683742795524463,1.5357786628062884,2.412803684849147,-0.05568570027876391,1.3052205398859806,-1.7976351531464076,0.0,2.2694999670951255,-0.5664572772702333,-1.176813837095037
4810,-0.7870097192604149,-0.5661980946795768,0.83179247469906,2.5109841273334985,-0.41702107268800304,0.38487152643489825,-0.6855207023706513,-0.3979034061231674,0.40683742795524463,1.5357786628062884,-0.4144556004615526,1.0709624086917897,0.9877419177913381,1.1094797457525287,0.0,2.2694999670951255,-0.5664572772702333,-1.176813837095037
4811,0.970780353846232,0.24169736485609505,0.6256513576937649,-1.0252901947719841,-0.41702107268800304,-0.09971573189106478,0.5144538755638272,-0.171936886367318,0.40683742795524463,-0.651135495119281,-0.4144556004615526,0.0161675861684053,1.3567254221388998,0.14044144611954992,0.0,0.6882113771853678,1.1921382551160753,-0.41632529460566275
4812,1.0718031166720068,0.6144904126094606,-2.0541831633750713,-0.37042457956726516,-0.41702107268800304,0.38487152643489825,1.7144284534983059,0.7319291926560796,0.40683742795524463,-0.651135495119281,-0.4144556004615526,1.061642934030331,0.3797123432913702,-0.053366213807045836,0.0,0.6882113771853678,-0.5664572772702333,-0.7965695658503499
4813,0.3947962745531338,0.21784882729119953,0.007228006677879595,0.4154141586783977,-0.41702107268800304,0.6877385628886251,1.7507913194963203,0.5059626729002302,-1.7618165702686994,-0.651135495119281,-0.4144556004615526,1.1280788699742277,-0.18825378805843207,-1.2162121733666202,0.0,0.6882113771853678,-0.5664572772702333,-0.7965695658503499
4814,0.970780353846232,0.47896594199749354,0.007228006677879595,-0.6323708256491528,0.16676217049808661,1.1723258212145882,-0.28552917639249187,0.0540296333885314,0.40683742795524463,-0.651135495119281,-0.4144556004615526,0.5147053134836337,1.653626231972524,-1.0224045134400246,0.0,0.6882113771853678,1.1921382551160753,-0.41632529460566275
4815,0.5954928534072699,0.4267263069331413,0.6256513576937649,-0.5013977026082089,-0.41702107268800304,1.0511790066330975,0.15082521558368214,-0.171936886367318,0.40683742795524463,1.5357786628062884,2.412803684849147,-0.14623464150040283,0.1677254998537915,-1.4100198332932161,0.0,0.6882113771853678,1.1921382551160753,-1.176813837095037
4816,0.3809035153158307,-0.1843548175458516,-1.0234775783485959,0.2844410356374539,-0.41702107268800304,0.7483119701793706,0.9508082675400011,0.957895712411929,0.40683742795524463,-0.651135495119281,-0.4144556004615526,2.4017581811866777,0.6483939334540562,0.14044144611954992,0.0,0.6882113771853678,-0.5664572772702333,-0.7965695658503499
4817,-0.4124656649936773,0.6624301000884311,0.83179247469906,0.9393066508421729,1.334328656870266,0.5665917483071344,-0.21280344439646284,-0.8498364456348662,-1.7618165702686994,-0.651135495119281,-0.4144556004615526,-0.18076431697917497,-0.41219066416657857,0.915672085825933,0.0,0.6882113771853678,-0.5664572772702333,-0.41632529460566275
4818,0.03380296396221182,0.5331721126658211,-0.4050542273327106,-0.5013977026082089,-0.41702107268800304,-1.0083168412522454,-0.9400607643567529,1.6357952716794772,0.40683742795524463,-0.651135495119281,-0.4144556004615526,1.4407367412337762,-0.5821011141859771,0.5280567659727414,0.0,0.6882113771853678,1.1921382551160753,-0.7965695658503499
4819,0.9132984618708423,0.3023840865459901,-0.19891311032741552,-0.6323708256491528,-0.41702107268800304,1.0511790066330975,-0.32189204239050634,-0.171936886367318,0.40683742795524463,1.5357786628062884,2.412803684849147,-0.0159472966487694,0.7673795557415232,-0.6347891935868331,0.0,0.6882113771853678,1.1921382551160753,-0.7965695658503499
4820,1.030754417323879,0.657208760296728,-0.6111953443380057,-0.37042457956726516,0.7505454136841763,-0.09971573189106478,-0.35825490838852087,0.2799961531443808,-1.7618165702686994,-0.651135495119281,-0.4144556004615526,1.4434862892755822,0.6732957494259391,-0.44098153366023735,0.0,0.6882113771853678,-0.5664572772702333,-0.7965695658503499
4821,1.0343685830545184,0.8558040983965615,-1.4357598123591861,-0.10847833348537753,-0.41702107268800304,0.08200448998117135,1.8598799174903637,1.8617617914353266,0.40683742795524463,-0.651135495119281,-0.4144556004615526,0.1490321189571592,1.0547899774679355,-0.053366213807045836,0.0,2.2694999670951255,-0.5664572772702333,-0.7965695658503499
4822,1.0889607141709923,1.5747921250903376,0.6256513576937649,-0.10847833348537753,0.7505454136841763,0.44544493372564364,0.9871711335380157,-0.8498364456348662,0.40683742795524463,-0.651135495119281,-0.4144556004615526,0.31574840299969975,0.6522385734607535,-1.2162121733666202,0.0,0.6882113771853678,1.1921382551160753,-0.41632529460566275
4823,0.045354990214613596,-1.8003907894530935,0.007228006677879595,-0.23945145652632133,-0.41702107268800304,-2.038064765194917,-1.012786496352782,1.6357952716794772,0.40683742795524463,-0.651135495119281,-0.4144556004615526,0.44080091174536346,-0.09611257623186373,-1.0224045134400246,0.0,0.6882113771853678,1.1921382551160753,-0.41632529460566275
4824,0.6146416126290953,1.1906555823924914,0.6256513576937649,1.0702797738831167,-0.41702107268800304,0.6271651555978798,0.5871796075598562,-0.6238699258790168,0.40683742795524463,-0.651135495119281,-0.4144556004615526,0.407174907732897,-0.4662073233590324,-1.2162121733666202,0.0,0.6882113771853678,-0.5664572772702333,-1.176813837095037
4825,0.5702365828484011,-0.010934765475316684,-1.229618695353891,1.0702797738831167,-0.41702107268800304,0.8088853774701159,-0.9764236303547674,0.7319291926560796,0.40683742795524463,1.5357786628062884,-0.4144556004615526,0.3880740229606048,-0.24055971976199433,0.5280567659727414,0.0,0.6882113771853678,1.1921382551160753,-0.7965695658503499
4826,1.0129659290209676,0.5985209856281934,-1.229618695353891,0.6773604047602854,-0.41702107268800304,-0.0391423246003194,1.6053398555042624,-0.171936886367318,0.40683742795524463,-0.651135495119281,-0.4144556004615526,0.13336986810825788,1.1851736516137943,-0.44098153366023735,0.0,0.6882113771853678,-0.5664572772702333,-0.41632529460566275
4827,-0.545264478255407,-0.05073064776807662,1.2440747087096502,1.3322260199650044,-0.41702107268800304,-2.4620786162301345,-0.9764236303547674,0.7319291926560796,0.40683742795524463,-0.651135495119281,-0.4144556004615526,0.8286426043014842,0.42377496695591116,0.915672085825933,0.0,0.6882113771853678,1.1921382551160753,-0.41632529460566275
4828,0.970780353846232,0.3081506330823264,0.6256513576937649,0.022494789555566278,-0.41702107268800304,0.7483119701793706,0.15082521558368214,-0.8498364456348662,0.40683742795524463,-0.651135495119281,-0.4144556004615526,1.1458023599914744,0.8618139591738173,-0.44098153366023735,0.0,0.6882113771853678,1.1921382551160753,-0.41632529460566275
4829,0.7788905103342612,0.45975401949783684,1.4502158257149453,-0.5013977026082089,-0.41702107268800304,-1.3111838777059723,-1.1218750943468254,-1.301769485146565,0.40683742795524463,-0.651135495119281,-0.4144556004615526,0.44561589719710465,1.2442550789952,-1.4100198332932161,0.0,2.2694999670951255,1.1921382551160753,-0.7965695658503499
4830,0.9692882388948958,0.2407700005920363,-1.0234775783485959,0.6773604047602854,-0.41702107268800304,-0.7660232120892639,-0.6855207023706513,0.5059626729002302,0.40683742795524463,1.5357786628062884,-0.4144556004615526,4.9913902924841,1.3563685240300747,0.14044144611954992,0.0,2.2694999670951255,2.950733787502384,-0.7965695658503499
4831,0.8313223181545452,0.1550228103785878,-1.0234775783485959,0.6773604047602854,-0.41702107268800304,-0.7660232120892639,-0.6855207023706513,0.5059626729002302,0.40683742795524463,1.5357786628062884,-0.4144556004615526,4.73220716508855,1.323368535557046,0.14044144611954992,0.0,2.2694999670951255,2.950733787502384,-0.7965695658503499
4832,1.0457731014168157,0.6984540957374815,0.4195102406884698,0.8083335278012291,-0.41702107268800304,0.506018341016389,-0.24916631039447737,-1.0758029653907155,0.40683742795524463,-0.651135495119281,-0.4144556004615526,1.0822870095085557,0.3529636742579035,-0.8285968535134288,0.0,2.2694999670951255,-0.5664572772702333,-0.7965695658503499
4833,0.8475437308963845,0.4786512749457902,1.037933591704355,-0.23945145652632133,-0.41702107268800304,-1.250610470415227,-1.1218750943468254,-1.0758029653907155,0.40683742795524463,-0.651135495119281,-0.4144556004615526,0.6402725661091044,0.8967806328837934,-1.6038274932198118,0.0,2.2694999670951255,1.1921382551160753,-0.7965695658503499
4834,-0.7836038639507207,-0.542098841544783,1.2440747087096502,2.2490378812516107,-0.41702107268800304,-0.0391423246003194,-0.24916631039447737,-0.8498364456348662,0.40683742795524463,-0.651135495119281,-0.4144556004615526,1.0651717585604987,0.971639534145783,1.1094797457525287,0.0,0.6882113771853678,-0.5664572772702333,-1.176813837095037
4835,1.0855499945587235,0.3051307737743908,-1.4357598123591861,0.6773604047602854,-0.41702107268800304,-0.28143595376330094,0.29627667957574016,0.0540296333885314,0.40683742795524463,-0.651135495119281,-0.4144556004615526,1.2814451616918863,0.06220930302585744,-0.053366213807045836,0.0,0.6882113771853678,-0.5664572772702333,-0.03608102336097565
4836,0.5101083218175795,0.5807839141560414,0.4195102406884698,-0.6323708256491528,0.16676217049808661,1.2328992285053335,-0.17644057839844834,0.0540296333885314,0.40683742795524463,-0.651135495119281,-0.4144556004615526,0.15433201121889822,2.6564194134930763,-1.4100198332932161,0.0,0.6882113771853678,1.1921382551160753,-0.41632529460566275
4837,1.0718031166720068,0.16741686532808495,0.4195102406884698,-1.156263317812928,1.9181119000563556,0.7483119701793706,0.7689939375499286,-0.6238699258790168,-1.7618165702686994,-0.651135495119281,-0.4144556004615526,1.1539440534109828,2.0384556195649077,-0.6347891935868331,0.0,2.2694999670951255,-0.5664572772702333,-0.7965695658503499
4838,0.7756004652312468,0.3587195617750642,-1.6419009293644813,1.3322260199650044,-0.41702107268800304,-0.4025827683447917,0.11446234958566764,1.6357952716794772,0.40683742795524463,-0.651135495119281,-0.4144556004615526,1.2457776348455347,0.16161340547814615,-1.2162121733666202,0.0,0.6882113771853678,1.1921382551160753,-0.7965695658503499
4839,0.970780353846232,0.2986186832940792,0.4195102406884698,0.022494789555566278,-0.41702107268800304,1.1117524139238428,-0.06735198040440485,-0.6238699258790168,0.40683742795524463,-0.651135495119281,-0.4144556004615526,1.1790150136046484,1.4943608189309405,-0.24717387373364158,0.0,0.6882113771853678,-0.5664572772702333,-0.41632529460566275
4840,0.5138513120822684,1.1239920961497578,0.6256513576937649,0.8083335278012291,-0.41702107268800304,0.7483119701793706,0.5144538755638272,-0.3979034061231674,0.40683742795524463,-0.651135495119281,-0.4144556004615526,0.10649722706132027,-0.4723503906654472,-1.4100198332932161,0.0,2.2694999670951255,-0.5664572772702333,-1.176813837095037
4841,1.02463242447689,0.5248796585358185,0.2133691236831747,-0.23945145652632133,0.7505454136841763,-0.09971573189106478,-0.6127949703746224,-1.301769485146565,-1.7618165702686994,-0.651135495119281,-0.4144556004615526,1.3790064400813333,0.5425514912128707,-0.6347891935868331,0.0,0.6882113771853678,-0.5664572772702333,-0.7965695658503499
4842,-0.1929398974043021,0.4900417884268081,-1.0234775783485959,1.7251453890878359,-0.41702107268800304,0.8694587847608612,2.0053313814824216,-0.6238699258790168,-1.7618165702686994,1.5357786628062884,-0.4144556004615526,0.6181524102720471,-0.7522344912411124,0.14044144611954992,0.0,0.6882113771853678,-0.5664572772702333,-0.7965695658503499
4843,-1.1284568039948273,-1.7528669353115285,-0.6111953443380057,-1.4182095638948156,-0.41702107268800304,-0.0391423246003194,0.5144538755638272,0.5059626729002302,0.40683742795524463,-0.651135495119281,-0.4144556004615526,1.8550030505854567,-0.1458514610140918,0.915672085825933,0.0,0.6882113771853678,1.1921382551160753,0.34416324788371144
4844,1.0318486346593985,0.6613430472654843,-0.6111953443380057,-0.37042457956726516,0.7505454136841763,-0.09971573189106478,-0.35825490838852087,0.2799961531443808,-1.7618165702686994,-0.651135495119281,-0.4144556004615526,1.4399748695026724,0.6699173758019907,-0.44098153366023735,0.0,0.6882113771853678,-0.5664572772702333,-0.7965695658503499
4845,-0.7986357834816118,-1.47732257648206,1.037933591704355,2.2490378812516107,-0.41702107268800304,0.02143108269042598,-0.7946093003646949,-0.8498364456348662,0.40683742795524463,-0.651135495119281,-0.4144556004615526,0.9115028321897759,0.5912240399782884,1.690902725532316,0.0,2.2694999670951255,1.1921382551160753,-1.176813837095037
4846,0.9964871074554572,1.4093953599010889,0.6256513576937649,-0.8943170717310404,-0.41702107268800304,-1.553477506868954,-1.0855122283488108,0.5059626729002302,0.40683742795524463,-0.651135495119281,-0.4144556004615526,0.4544158277918003,1.0344436804300794,-0.053366213807045836,0.0,0.6882113771853678,-0.5664572772702333,-0.7965695658503499
4847,1.0384033307563334,0.4865293285727737,-1.6419009293644813,-0.37042457956726516,-0.41702107268800304,0.02143108269042598,1.5689769895062478,0.0540296333885314,0.40683742795524463,-0.651135495119281,-0.4144556004615526,1.3480434246033872,0.6020991079374787,-0.053366213807045836,0.0,0.6882113771853678,-0.5664572772702333,-0.7965695658503499
4848,0.3395946209104835,0.03254810920005729,-1.8480420463697762,0.15346791259651008,-0.41702107268800304,0.7483119701793706,0.5871796075598562,1.8617617914353266,0.40683742795524463,-0.651135495119281,-0.4144556004615526,0.7345326635607361,0.8797255603247435,0.33424910604614566,0.0,0.6882113771853678,-0.5664572772702333,-0.03608102336097565
4849,-0.7012618775186203,0.04053905531503927,0.83179247469906,2.5109841273334985,-0.41702107268800304,0.38487152643489825,-0.6855207023706513,-0.3979034061231674,0.40683742795524463,1.5357786628062884,-0.4144556004615526,0.9251735521814303,0.5823387168465456,1.1094797457525287,0.0,2.2694999670951255,-0.5664572772702333,-1.176813837095037
4850,1.0718031166720068,0.2728309545639181,-0.19891311032741552,-1.811128933017647,0.7505454136841763,1.3540460430868244,0.9508082675400011,-0.3979034061231674,-1.7618165702686994,1.5357786628062884,2.412803684849147,1.2738866660766677,0.8770399017923932,-0.6347891935868331,0.0,2.2694999670951255,-0.5664572772702333,-0.7965695658503499
4851,1.0270214660331332,0.8643418210518873,-0.8173364613433008,-0.5013977026082089,-0.41702107268800304,-0.5237295829262825,1.4235255255141899,0.7319291926560796,0.40683742795524463,-0.651135495119281,-0.4144556004615526,0.8406030463683445,2.0668028693582134,-0.053366213807045836,0.0,2.2694999670951255,-0.5664572772702333,-0.7965695658503499
4852,-0.32071199606397344,0.8234361642712462,0.6256513576937649,-0.23945145652632133,1.334328656870266,0.7483119701793706,-0.17644057839844834,-0.3979034061231674,-1.7618165702686994,-0.651135495119281,-0.4144556004615526,-0.12735005512509925,-0.18485971513683686,0.7218644258993372,0.0,0.6882113771853678,1.1921382551160753,-1.176813837095037
4853,0.7809194653856983,0.3469096896138195,-0.4050542273327106,0.4154141586783977,-0.41702107268800304,-0.7054498047985186,-0.8309721663627093,0.0540296333885314,0.40683742795524463,-0.651135495119281,-0.4144556004615526,4.4342919772996074,1.1287512250072562,-0.44098153366023735,0.0,2.2694999670951255,1.1921382551160753,-0.41632529460566275
4854,-0.8080692799880203,0.028215480337912803,-0.6111953443380057,1.594172266046892,-0.41702107268800304,-0.0391423246003194,0.8780825355439722,0.0540296333885314,0.40683742795524463,-0.651135495119281,-0.4144556004615526,0.48743707099432937,1.7041056787205495,1.8847103854589116,0.0,0.6882113771853678,1.1921382551160753,-0.41632529460566275
4855,0.7604018005643747,0.2870455915456569,0.007228006677879595,-0.6323708256491528,-0.41702107268800304,1.0511790066330975,-0.14007771240043385,-0.171936886367318,0.40683742795524463,1.5357786628062884,2.412803684849147,-0.10136999573280026,0.5251019508726644,-1.0224045134400246,0.0,0.6882113771853678,1.1921382551160753,-0.7965695658503499
4856,0.37004292152143126,0.0531998444738647,0.2133691236831747,-1.156263317812928,-0.41702107268800304,-1.9169179506134262,0.07809948358765315,-0.3979034061231674,0.40683742795524463,-0.651135495119281,-0.4144556004615526,-0.07719927927011898,-0.04187229229665507,-0.053366213807045836,0.0,2.2694999670951255,-0.5664572772702333,-0.41632529460566275
4857,0.1407970033423124,-0.39388968392079016,0.007228006677879595,-1.0252901947719841,-0.41702107268800304,-1.6746243214504446,-0.39461777438653534,-0.3979034061231674,0.40683742795524463,-0.651135495119281,-0.4144556004615526,-0.06750246728901704,0.04448387228357555,-0.053366213807045836,0.0,0.6882113771853678,1.1921382551160753,-0.7965695658503499
4858,0.970780353846232,0.3102608308420949,0.4195102406884698,-0.10847833348537753,-0.41702107268800304,1.1117524139238428,-0.06735198040440485,-0.6238699258790168,0.40683742795524463,-0.651135495119281,-0.4144556004615526,1.1674077785535562,1.5225114598727587,-0.24717387373364158,0.0,0.6882113771853678,-0.5664572772702333,-0.41632529460566275
4859,1.1231318530864904,1.8080838553229266,0.007228006677879595,0.5463872817193415,0.16676217049808661,0.8088853774701159,1.7507913194963203,-0.6238699258790168,0.40683742795524463,-0.651135495119281,-0.4144556004615526,0.6591350697835967,0.07628347019717201,1.1094797457525287,0.0,0.6882113771853678,-0.5664572772702333,-0.03608102336097565
4860,1.0718031166720068,0.3599123971386673,-0.19891311032741552,0.6773604047602854,-0.41702107268800304,0.02143108269042598,-0.7218835683686659,-0.171936886367318,0.40683742795524463,-0.651135495119281,-0.4144556004615526,0.8626089413859728,0.22024959292008156,-0.44098153366023735,0.0,0.6882113771853678,-0.5664572772702333,-0.7965695658503499
4861,-1.1667399669011678,-0.1245111254368701,-1.4357598123591861,2.2490378812516107,-0.41702107268800304,-0.3420093610540463,0.8417196695459577,0.7319291926560796,0.40683742795524463,-0.651135495119281,-0.4144556004615526,0.7864581500354144,2.582640745855804,1.690902725532316,0.0,0.6882113771853678,1.1921382551160753,-0.41632529460566275
4862,0.288454581299364,0.6881787815842435,-1.6419009293644813,-1.0252901947719841,-0.41702107268800304,-0.09971573189106478,1.6780655875002912,2.9915943902145736,0.40683742795524463,-0.651135495119281,-0.4144556004615526,2.423242336534641,0.11277992902006659,-1.0224045134400246,0.0,2.2694999670951255,-0.5664572772702333,-1.176813837095037
4863,0.03842338514677413,0.4595112259938764,-1.0234775783485959,0.15346791259651008,-0.41702107268800304,-0.5843029902170278,-0.7218835683686659,-0.3979034061231674,0.40683742795524463,1.5357786628062884,2.412803684849147,0.4842582776791938,-0.34162222987487073,1.690902725532316,0.0,0.6882113771853678,2.950733787502384,0.34416324788371144
4864,1.0448510391986112,-0.6675695621049892,-1.0234775783485959,0.022494789555566278,-0.41702107268800304,-0.7660232120892639,-0.7582464343666804,0.2799961531443808,0.40683742795524463,-0.651135495119281,-0.4144556004615526,5.085951676572851,1.329554007979505,0.915672085825933,0.0,0.6882113771853678,2.950733787502384,-0.41632529460566275
4865,1.0078315996497742,0.4509735627400198,-0.19891311032741552,-0.37042457956726516,-0.41702107268800304,-0.28143595376330094,1.1689854635280883,-0.8498364456348662,0.40683742795524463,-0.651135495119281,-0.4144556004615526,1.8587616354404413,1.0107346980147063,0.14044144611954992,0.0,2.2694999670951255,-0.5664572772702333,-0.7965695658503499
4866,0.7178013067931699,-0.5009885358899907,-0.19891311032741552,0.2844410356374539,-0.41702107268800304,-0.5237295829262825,-0.7582464343666804,0.0540296333885314,0.40683742795524463,-0.651135495119281,-0.4144556004615526,4.119340934595656,0.7464300272401868,-0.053366213807045836,0.0,0.6882113771853678,-0.5664572772702333,-0.03608102336097565
4867,-0.5857510555915164,0.8578739930342539,1.037933591704355,2.2490378812516107,-0.41702107268800304,0.02143108269042598,-0.39461777438653534,-0.8498364456348662,0.40683742795524463,-0.651135495119281,-0.4144556004615526,0.7287815462574364,0.03622051723024968,1.1094797457525287,0.0,0.6882113771853678,-0.5664572772702333,-1.176813837095037
4868,0.970780353846232,0.3081506330823264,0.2133691236831747,-0.6323708256491528,0.16676217049808661,0.8088853774701159,-0.21280344439646284,0.2799961531443808,0.40683742795524463,-0.651135495119281,-0.4144556004615526,0.37482254739184867,0.8697840735889503,-0.44098153366023735,0.0,0.6882113771853678,1.1921382551160753,-0.41632529460566275
4869,0.8896876374120375,0.6214487358093589,-1.0234775783485959,0.022494789555566278,0.16676217049808661,0.5665917483071344,2.0416942474804363,0.957895712411929,-1.7618165702686994,-0.651135495119281,-0.4144556004615526,-0.0880628776812312,0.7549482622702046,0.14044144611954992,0.0,0.6882113771853678,-0.5664572772702333,-0.7965695658503499
4870,1.0217337298058262,0.42617630476975815,-1.229618695353891,-0.23945145652632133,-0.41702107268800304,-0.16028913918181015,1.5326141235082333,-0.171936886367318,0.40683742795524463,-0.651135495119281,-0.4144556004615526,1.4698063420831502,0.7219190777822422,-0.053366213807045836,0.0,0.6882113771853678,-0.5664572772702333,-0.7965695658503499
4871,0.606642239577965,0.3264898589759564,-1.229618695353891,0.8083335278012291,-0.41702107268800304,-0.0391423246003194,-0.030989114406390354,1.6357952716794772,0.40683742795524463,-0.651135495119281,-0.4144556004615526,1.0990419991712217,-0.4532036987934145,-1.4100198332932161,0.0,0.6882113771853678,-0.5664572772702333,-1.176813837095037
4872,0.07963668124470039,1.939578552469623,-0.19891311032741552,-1.0252901947719841,-0.41702107268800304,-1.0688902485429908,-1.1218750943468254,-0.171936886367318,0.40683742795524463,1.5357786628062884,2.412803684849147,0.2815664811483334,-0.2836513233993686,-1.7976351531464076,0.0,2.2694999670951255,-0.5664572772702333,-0.7965695658503499
4873,0.970780353846232,1.554825176025638,0.007228006677879595,1.463199143005948,-0.41702107268800304,0.6877385628886251,-0.9036978983587384,0.0540296333885314,-1.7618165702686994,1.5357786628062884,-0.4144556004615526,1.2886778952575175,0.7505292685354966,-0.24717387373364158,0.0,0.6882113771853678,-0.5664572772702333,-0.41632529460566275
4874,-0.14832623859310326,0.8012388576742511,0.6256513576937649,0.2844410356374539,3.085678386428535,0.9300321920516067,-0.32189204239050634,-0.8498364456348662,-3.9304705684926433,-0.651135495119281,-0.4144556004615526,0.05892685769616465,-0.0841790333198928,0.5280567659727414,0.0,0.6882113771853678,-0.5664572772702333,-0.41632529460566275
4875,0.02754904155168959,0.7883394210132505,-1.4357598123591861,-0.23945145652632133,-0.41702107268800304,0.5665917483071344,2.1507828454744797,1.8617617914353266,0.40683742795524463,-0.651135495119281,-0.4144556004615526,1.159661277773277,0.08846298848519532,-0.053366213807045836,0.0,0.6882113771853678,1.1921382551160753,-0.7965695658503499
4876,0.9889255972076941,0.22835544365689744,0.83179247469906,-0.8943170717310404,0.16676217049808661,-0.0391423246003194,0.5144538755638272,-0.171936886367318,-1.7618165702686994,-0.651135495119281,-0.4144556004615526,0.2205297547686283,1.5858198974128286,-0.053366213807045836,0.0,2.2694999670951255,1.1921382551160753,-0.7965695658503499
4877,1.0340251596064094,0.1951944220240924,-0.19891311032741552,-1.811128933017647,0.16676217049808661,1.475192857668315,0.9144454015419866,-0.3979034061231674,-1.7618165702686994,-0.651135495119281,-0.4144556004615526,0.7284669695594369,1.0564206520881623,-0.44098153366023735,0.0,0.6882113771853678,-0.5664572772702333,-0.7965695658503499
4878,-0.8100896827954183,-0.634148744417422,1.037933591704355,2.2490378812516107,-0.41702107268800304,-0.09971573189106478,-0.24916631039447737,-0.8498364456348662,0.40683742795524463,-0.651135495119281,-0.4144556004615526,1.081720839383608,1.08647228992338,1.1094797457525287,0.0,0.6882113771853678,-0.5664572772702333,-0.7965695658503499
4879,-0.6562918215814222,0.3587395256731745,1.037933591704355,2.2490378812516107,-0.41702107268800304,0.08200448998117135,-0.39461777438653534,-0.8498364456348662,0.40683742795524463,-0.651135495119281,-0.4144556004615526,0.8487152658955441,0.3697268976650905,1.1094797457525287,0.0,0.6882113771853678,-0.5664572772702333,-1.176813837095037
4880,0.15107792659948024,0.3330083206237685,-0.6111953443380057,-0.5013977026082089,-0.41702107268800304,-1.3111838777059723,-0.8673350323607238,1.1838622321677783,0.40683742795524463,-0.651135495119281,-0.4144556004615526,1.4627581355547827,-0.3880984192831288,0.33424910604614566,0.0,0.6882113771853678,1.1921382551160753,-0.41632529460566275
4881,0.970780353846232,1.6381191271541409,0.007228006677879595,1.594172266046892,-0.41702107268800304,0.6877385628886251,-1.012786496352782,0.2799961531443808,0.40683742795524463,1.5357786628062884,2.412803684849147,1.2606448192217306,0.7209823823945722,-0.44098153366023735,0.0,2.2694999670951255,-0.5664572772702333,-0.41632529460566275
4882,0.16101310541460798,0.7944517963496402,-0.4050542273327106,-0.37042457956726516,1.9181119000563556,1.2328992285053335,-0.7218835683686659,-0.171936886367318,-3.9304705684926433,-0.651135495119281,-0.4144556004615526,0.03249346525525053,0.07917686029469202,-0.24717387373364158,0.0,0.6882113771853678,-0.5664572772702333,-0.7965695658503499
4883,0.9745069406663069,0.917809790106327,-1.6419009293644813,-0.8943170717310404,-0.41702107268800304,-0.28143595376330094,1.5689769895062478,2.765627870458724,0.40683742795524463,-0.651135495119281,-0.4144556004615526,0.6429860898647687,1.3200322824473274,-0.053366213807045836,0.0,0.6882113771853678,-0.5664572772702333,-0.7965695658503499
4884,-0.19895532999755566,1.8761718384204942,-0.19891311032741552,-0.8943170717310404,-0.41702107268800304,-1.0688902485429908,-1.1218750943468254,-0.171936886367318,0.40683742795524463,1.5357786628062884,2.412803684849147,0.44927539665686034,-0.24133773660739355,-1.7976351531464076,0.0,2.2694999670951255,-0.5664572772702333,-0.7965695658503499
4885,0.2615261024554545,0.12069735500190808,0.2133691236831747,-1.4182095638948156,3.085678386428535,1.2328992285053335,1.9326056494863928,-0.171936886367318,-1.7618165702686994,-0.651135495119281,-0.4144556004615526,0.16348433898196182,0.35469291391475544,0.7218644258993372,0.0,0.6882113771853678,-0.5664572772702333,-0.41632529460566275
4886,1.088556714395954,0.8572767354533304,-1.229618695353891,-0.23945145652632133,-0.41702107268800304,-0.0391423246003194,-0.4673435063825644,1.6357952716794772,0.40683742795524463,-0.651135495119281,-0.4144556004615526,1.4090405724697386,0.7386739813047696,0.33424910604614566,0.0,0.6882113771853678,1.1921382551160753,-0.7965695658503499
4887,1.114901131736668,1.3001579937000602,0.4195102406884698,1.3322260199650044,0.16676217049808661,0.20315130456266212,1.3871626595161752,-0.6238699258790168,0.40683742795524463,-0.651135495119281,-0.4144556004615526,0.3921997437476439,0.7706441724664583,-0.24717387373364158,0.0,0.6882113771853678,1.1921382551160753,0.34416324788371144
4888,0.14298148215935866,0.16364359995352382,-0.8173364613433008,0.2844410356374539,-0.41702107268800304,0.7483119701793706,0.6599053395558852,0.957895712411929,0.40683742795524463,-0.651135495119281,-0.4144556004615526,0.040867175154595224,0.44670814984766966,0.915672085825933,0.0,0.6882113771853678,1.1921382551160753,-0.03608102336097565
4889,0.970780353846232,0.5663255543411855,0.4195102406884698,-0.6323708256491528,-0.41702107268800304,1.1723258212145882,-0.17644057839844834,-0.171936886367318,0.40683742795524463,-0.651135495119281,-0.4144556004615526,0.9121109424940013,2.1416743814350783,-1.4100198332932161,0.0,0.6882113771853678,-0.5664572772702333,-0.41632529460566275
4890,1.0489368910899985,0.6831481878830826,-0.19891311032741552,-0.8943170717310404,-0.41702107268800304,0.14257789727191675,0.9508082675400011,-0.8498364456348662,0.40683742795524463,-0.651135495119281,-0.4144556004615526,1.877363142486056,0.9248282849957735,0.14044144611954992,0.0,2.2694999670951255,-0.5664572772702333,-0.7965695658503499
4891,1.0523329864722413,0.606275189564378,0.2133691236831747,0.2844410356374539,0.16676217049808661,0.32429811914415285,-0.17644057839844834,-1.5277360049024145,-1.7618165702686994,-0.651135495119281,-0.4144556004615526,1.2468405908078886,0.34726869101916985,-1.0224045134400246,0.0,0.6882113771853678,-0.5664572772702333,-0.7965695658503499
4892,0.45595930369142806,0.38854889744281257,0.4195102406884698,-0.6323708256491528,-0.41702107268800304,1.1117524139238428,0.005373751591624148,-0.171936886367318,0.40683742795524463,-0.651135495119281,-0.4144556004615526,-0.16814418431702793,1.2075724997084245,-1.4100198332932161,0.0,0.6882113771853678,1.1921382551160753,-0.7965695658503499
4893,1.063499186478152,0.7708626278308116,0.6256513576937649,-0.8943170717310404,-0.41702107268800304,0.6877385628886251,0.18718808158169664,-0.8498364456348662,0.40683742795524463,-0.651135495119281,-0.4144556004615526,0.4647105045679391,0.4028304314808461,-0.053366213807045836,0.0,0.6882113771853678,1.1921382551160753,-0.7965695658503499
4894,0.838710689431492,0.2949014890525511,0.007228006677879595,-0.6323708256491528,-0.41702107268800304,1.0511790066330975,-0.21280344439646284,-0.171936886367318,0.40683742795524463,1.5357786628062884,2.412803684849147,-0.057619160416048004,0.6491889641046807,-0.8285968535134288,0.0,0.6882113771853678,1.1921382551160753,-0.7965695658503499
4895,1.1297014143110249,0.8304157503251262,1.4502158257149453,-1.0252901947719841,-0.41702107268800304,-1.73519772874119,-0.9764236303547674,-0.171936886367318,0.40683742795524463,-0.651135495119281,-0.4144556004615526,1.207304058364956,1.2864309972211987,-0.053366213807045836,0.0,0.6882113771853678,-0.5664572772702333,-0.03608102336097565
4896,0.7069024632259219,0.38173114733779834,-0.6111953443380057,0.6773604047602854,0.16676217049808661,0.6877385628886251,1.4598883915122043,-0.171936886367318,-1.7618165702686994,-0.651135495119281,-0.4144556004615526,1.1024211985209544,0.06739183614128254,-1.0224045134400246,0.0,0.6882113771853678,-0.5664572772702333,-1.176813837095037
4897,-0.7357636506307029,0.6110816787994041,1.037933591704355,1.2012528969240606,0.16676217049808661,0.38487152643489825,-0.24916631039447737,-0.6238699258790168,0.40683742795524463,-0.651135495119281,-0.4144556004615526,-0.25917867886706897,-0.49701454245104815,1.1094797457525287,0.0,0.6882113771853678,1.1921382551160753,-0.41632529460566275
4898,-0.15369463913220077,-0.08905906103351068,0.83179247469906,-0.5013977026082089,-0.41702107268800304,-2.2803583943578984,-1.0491493623507964,0.0540296333885314,0.40683742795524463,-0.651135495119281,-0.4144556004615526,0.07446677232655606,0.19447640255653573,-0.053366213807045836,0.0,0.6882113771853678,-0.5664572772702333,-0.7965695658503499
4899,0.3371934409073031,-0.8916671676744645,-0.4050542273327106,-0.6323708256491528,-0.41702107268800304,-0.6448763975077731,0.07809948358765315,0.5059626729002302,0.40683742795524463,-0.651135495119281,-0.4144556004615526,1.745070205928403,0.55029193298631,-0.6347891935868331,0.0,2.2694999670951255,1.1921382551160753,-0.41632529460566275
4900,0.04879810424883764,-1.2701618654916602,-0.19891311032741552,-1.0252901947719841,-0.41702107268800304,-1.6140509141596993,-1.012786496352782,0.7319291926560796,0.40683742795524463,1.5357786628062884,-0.4144556004615526,0.15453571418705173,-0.07390827917870739,-0.8285968535134288,0.0,0.6882113771853678,2.950733787502384,-1.176813837095037
4901,0.4376316547794878,1.7224737726944823,0.4195102406884698,-1.0252901947719841,-0.41702107268800304,-0.8265966193800093,-1.1218750943468254,-0.3979034061231674,0.40683742795524463,1.5357786628062884,2.412803684849147,0.30578935779618344,-0.2995118844315609,-0.44098153366023735,0.0,2.2694999670951255,-0.5664572772702333,-0.7965695658503499
4902,0.07644935250930963,0.594753757169548,-1.0234775783485959,0.6773604047602854,-0.41702107268800304,-0.3420093610540463,-0.8673350323607238,1.1838622321677783,0.40683742795524463,-0.651135495119281,-0.4144556004615526,1.9763692952568868,-0.711640597085325,-0.44098153366023735,0.0,2.2694999670951255,-0.5664572772702333,-0.7965695658503499
4903,0.4036277213899766,1.8667441460452434,0.2133691236831747,-1.156263317812928,-0.41702107268800304,-0.9477434339615001,-1.1218750943468254,-0.171936886367318,0.40683742795524463,1.5357786628062884,2.412803684849147,0.2042114329522476,-0.31395433033538295,-1.2162121733666202,0.0,2.2694999670951255,-0.5664572772702333,-0.7965695658503499
4904,0.2039671059923102,-1.5914638560074914,-0.4050542273327106,-0.8943170717310404,-0.41702107268800304,-1.73519772874119,-1.012786496352782,1.4098287519236279,0.40683742795524463,1.5357786628062884,-0.4144556004615526,0.34371123257246217,-0.2693188252632072,-1.4100198332932161,0.0,0.6882113771853678,2.950733787502384,-0.7965695658503499
4905,0.4039457058925237,1.8653950155674035,0.2133691236831747,-1.156263317812928,-0.41702107268800304,-0.9477434339615001,-1.1218750943468254,-0.171936886367318,0.40683742795524463,1.5357786628062884,2.412803684849147,0.20516132911664975,-0.3138192731958546,-1.2162121733666202,0.0,2.2694999670951255,-0.5664572772702333,-0.7965695658503499
4906,1.0044384409275047,0.4214508051805387,0.6256513576937649,-0.23945145652632133,-0.41702107268800304,0.506018341016389,-0.06735198040440485,-0.171936886367318,0.40683742795524463,-0.651135495119281,-0.4144556004615526,0.8353935105791449,0.6613774072066938,-0.6347891935868331,0.0,0.6882113771853678,1.1921382551160753,-0.7965695658503499
4907,1.0559311360962003,0.7523340859131584,-1.229618695353891,0.2844410356374539,-0.41702107268800304,-0.16028913918181015,-0.21280344439646284,1.4098287519236279,0.40683742795524463,-0.651135495119281,-0.4144556004615526,1.3198656813203493,0.5739629385842606,-0.053366213807045836,0.0,0.6882113771853678,1.1921382551160753,-0.7965695658503499
4908,0.970780353846232,0.3081506330823264,0.6256513576937649,-0.6323708256491528,-0.41702107268800304,0.5665917483071344,-0.030989114406390354,0.2799961531443808,0.40683742795524463,-0.651135495119281,-0.4144556004615526,0.7271129301544165,0.8774026215865961,-0.44098153366023735,0.0,0.6882113771853678,1.1921382551160753,-0.41632529460566275
4909,1.118157110308753,0.962062963724659,1.4502158257149453,-1.156263317812928,-0.41702107268800304,-1.6746243214504446,-1.012786496352782,-0.3979034061231674,0.40683742795524463,-0.651135495119281,-0.4144556004615526,1.2187282462758073,2.7976508581449373,-0.44098153366023735,0.0,0.6882113771853678,1.1921382551160753,-0.03608102336097565
4910,-0.15782649903727938,-0.08256730876538726,1.037933591704355,-1.287236440853872,-0.41702107268800304,-2.0986381724856624,-0.8673350323607238,-0.171936886367318,0.40683742795524463,-0.651135495119281,-0.4144556004615526,-0.4125411344605906,0.17424621389962291,-0.053366213807045836,0.0,0.6882113771853678,-0.5664572772702333,-0.7965695658503499
4911,0.970780353846232,0.42761193110984774,0.6256513576937649,-0.6323708256491528,0.16676217049808661,0.8088853774701159,-0.10371484640241935,0.2799961531443808,0.40683742795524463,-0.651135495119281,-0.4144556004615526,0.7571882162970052,1.426951862440007,-1.0224045134400246,0.0,0.6882113771853678,1.1921382551160753,-0.41632529460566275
4912,1.114656506768114,1.2984741992260884,0.4195102406884698,1.3322260199650044,0.16676217049808661,0.20315130456266212,1.3871626595161752,-0.6238699258790168,0.40683742795524463,-0.651135495119281,-0.4144556004615526,0.3915786016053586,0.7716389638447027,-0.24717387373364158,0.0,0.6882113771853678,1.1921382551160753,0.34416324788371144
4913,0.49394441674613715,0.17210975320022817,-0.8173364613433008,-0.5013977026082089,-0.41702107268800304,-1.6746243214504446,-0.8309721663627093,0.2799961531443808,0.40683742795524463,-0.651135495119281,-0.4144556004615526,1.704647331070872,0.17269938312011193,0.14044144611954992,0.0,0.6882113771853678,2.950733787502384,-0.03608102336097565
4914,0.8232050970553506,0.5956814557685857,0.4195102406884698,-0.6323708256491528,0.16676217049808661,1.2328992285053335,-0.17644057839844834,0.0540296333885314,0.40683742795524463,-0.651135495119281,-0.4144556004615526,0.6447080987943424,2.366354761615969,-1.4100198332932161,0.0,0.6882113771853678,1.1921382551160753,-0.41632529460566275
4915,0.6113522606920855,0.12932269955529702,0.4195102406884698,-1.0252901947719841,-0.41702107268800304,-1.1900370631244817,0.25991381357772564,-0.3979034061231674,0.40683742795524463,-0.651135495119281,-0.4144556004615526,-0.03942665532717518,0.5185963396339385,0.14044144611954992,0.0,2.2694999670951255,1.1921382551160753,-0.41632529460566275
4916,0.5831925558123328,-1.0835747736019676,-1.0234775783485959,-0.10847833348537753,-0.41702107268800304,-0.7660232120892639,-0.7582464343666804,0.2799961531443808,0.40683742795524463,-0.651135495119281,-0.4144556004615526,4.212275429861441,1.2130648996948963,0.915672085825933,0.0,0.6882113771853678,2.950733787502384,-0.41632529460566275
4917,0.2768000569205133,0.22072144319540346,-1.0234775783485959,-0.23945145652632133,-0.41702107268800304,-1.3717572849967177,-0.7218835683686659,0.0540296333885314,0.40683742795524463,-0.651135495119281,-0.4144556004615526,1.179931768818369,-0.15918196557039707,0.7218644258993372,0.0,0.6882113771853678,2.950733787502384,0.34416324788371144
4918,1.062240962509264,0.7645834792915283,-0.4050542273327106,0.022494789555566278,-0.41702107268800304,-0.6448763975077731,1.3507997935181608,-0.8498364456348662,0.40683742795524463,-0.651135495119281,-0.4144556004615526,0.9187105215470037,2.511469931898007,-0.053366213807045836,0.0,2.2694999670951255,-0.5664572772702333,-0.7965695658503499
4919,0.221098693837142,0.6994062324113693,-1.6419009293644813,1.2012528969240606,-0.41702107268800304,0.6271651555978798,2.223508577470509,0.2799961531443808,0.40683742795524463,1.5357786628062884,-0.4144556004615526,0.14299455822612953,-0.15601480474470952,0.5280567659727414,0.0,2.2694999670951255,1.1921382551160753,-0.7965695658503499
4920,1.0718031166720068,0.6019618424740056,-0.19891311032741552,-1.287236440853872,0.16676217049808661,0.7483119701793706,0.8780825355439722,-0.6238699258790168,-1.7618165702686994,1.5357786628062884,2.412803684849147,1.6483794771523739,0.8770399017923932,-0.24717387373364158,0.0,2.2694999670951255,-0.5664572772702333,-0.7965695658503499
4921,0.4071353683321563,0.6326396115294515,-1.8480420463697762,-0.8943170717310404,-0.41702107268800304,1.2934726357960789,-1.1218750943468254,0.957895712411929,0.40683742795524463,1.5357786628062884,2.412803684849147,-0.1896464763842165,0.044190776207967325,-1.0224045134400246,0.0,0.6882113771853678,-0.5664572772702333,-1.176813837095037
4922,0.3619461011787401,0.5457539098144389,-1.4357598123591861,-1.0252901947719841,-0.41702107268800304,-0.16028913918181015,1.6417027215022768,2.9915943902145736,0.40683742795524463,-0.651135495119281,-0.4144556004615526,2.468260431704899,0.03288853204145693,-1.2162121733666202,0.0,0.6882113771853678,-0.5664572772702333,-1.176813837095037
4923,1.087739148729,-1.1940496313840383,-1.0234775783485959,-0.37042457956726516,-0.41702107268800304,-0.7660232120892639,-0.7946093003646949,0.2799961531443808,0.40683742795524463,-0.651135495119281,-0.4144556004615526,5.139081193453598,1.3138213253261741,1.3032874056791244,0.0,0.6882113771853678,2.950733787502384,-0.03608102336097565
4924,1.0378268535524813,0.6839305823590554,-0.6111953443380057,-0.37042457956726516,0.7505454136841763,-0.09971573189106478,-0.35825490838852087,0.5059626729002302,-1.7618165702686994,-0.651135495119281,-0.4144556004615526,1.4207903479761705,0.6514597473483302,-0.44098153366023735,0.0,0.6882113771853678,-0.5664572772702333,-0.7965695658503499
4925,-2.3161897538531093,0.7017683009525651,1.037933591704355,1.8561185121287795,-0.41702107268800304,0.506018341016389,-0.7946093003646949,-0.6238699258790168,0.40683742795524463,-0.651135495119281,-0.4144556004615526,-0.022911772036389187,0.0010322874959881542,1.8847103854589116,0.0,0.6882113771853678,1.1921382551160753,0.34416324788371144
4926,0.970780353846232,0.8714985702743173,0.4195102406884698,1.0702797738831167,-0.41702107268800304,0.7483119701793706,-0.5400692383785933,-0.6238699258790168,-1.7618165702686994,1.5357786628062884,-0.4144556004615526,0.9936095194646872,0.7659666252981412,-0.6347891935868331,0.0,0.6882113771853678,-0.5664572772702333,-0.41632529460566275
4927,-2.003713393710245,0.25191465061717333,0.83179247469906,2.2490378812516107,-0.41702107268800304,0.44544493372564364,-0.8309721663627093,-0.6238699258790168,0.40683742795524463,1.5357786628062884,-0.4144556004615526,0.38874935354275464,0.4222797513286289,1.690902725532316,0.0,0.6882113771853678,1.1921382551160753,-0.03608102336097565
4928,-0.5387670127693651,1.7988317090176835,-0.4050542273327106,-0.6323708256491528,-0.41702107268800304,-1.0688902485429908,-1.1218750943468254,-0.3979034061231674,0.40683742795524463,1.5357786628062884,2.412803684849147,0.6538377907494575,-0.1897258792975697,-1.7976351531464076,0.0,2.2694999670951255,-0.5664572772702333,-0.41632529460566275
4929,-0.043738266982932913,-0.5948953072406545,0.4195102406884698,-0.23945145652632133,-0.41702107268800304,-0.8871700266707547,-0.9036978983587384,0.0540296333885314,0.40683742795524463,-0.651135495119281,-0.4144556004615526,0.3452391024630413,0.13125188418452677,-0.24717387373364158,0.0,0.6882113771853678,1.1921382551160753,-1.176813837095037
4930,0.46628805908620674,0.8668191032695548,-2.0541831633750713,-0.37042457956726516,-0.41702107268800304,0.506018341016389,1.9689685154844072,1.4098287519236279,0.40683742795524463,-0.651135495119281,-0.4144556004615526,1.1354120408547679,0.3213952842599928,0.33424910604614566,0.0,0.6882113771853678,1.1921382551160753,-1.176813837095037
4931,0.1809423764670207,1.4673811426596117,0.007228006677879595,0.022494789555566278,-0.41702107268800304,-0.6448763975077731,-1.1218750943468254,0.5059626729002302,0.40683742795524463,-0.651135495119281,-0.4144556004615526,1.3994615355593003,-0.10394277033753685,0.5280567659727414,0.0,2.2694999670951255,1.1921382551160753,-0.7965695658503499
4932,0.5251825893273084,0.016945368252293033,-1.229618695353891,1.0702797738831167,-0.41702107268800304,0.8694587847608612,-0.9764236303547674,0.5059626729002302,0.40683742795524463,1.5357786628062884,-0.4144556004615526,0.4174657476163383,-0.27068434622574766,0.7218644258993372,0.0,0.6882113771853678,1.1921382551160753,-0.7965695658503499
4933,0.970780353846232,0.3081506330823264,0.6256513576937649,0.15346791259651008,-0.41702107268800304,0.7483119701793706,0.15082521558368214,-1.0758029653907155,0.40683742795524463,-0.651135495119281,-0.4144556004615526,1.18173949864771,0.8604759461200576,-0.44098153366023735,0.0,0.6882113771853678,1.1921382551160753,-0.41632529460566275
4934,0.017095316722317847,0.48571205657895694,-1.0234775783485959,0.6773604047602854,-0.41702107268800304,-0.3420093610540463,-0.8673350323607238,1.4098287519236279,0.40683742795524463,1.5357786628062884,-0.4144556004615526,2.0317316729323327,-0.7937677661638783,-0.6347891935868331,0.0,0.6882113771853678,-0.5664572772702333,-0.41632529460566275
4935,0.5138513120822684,0.14326376238656094,0.007228006677879595,-1.156263317812928,-0.41702107268800304,-1.1294636558337363,-1.1218750943468254,-0.171936886367318,0.40683742795524463,-0.651135495119281,-0.4144556004615526,-0.021117350145873674,0.895460631002761,-1.7976351531464076,0.0,2.2694999670951255,-0.5664572772702333,-1.176813837095037
4936,-0.23313436211318825,0.8688326175927337,-2.0541831633750713,-0.23945145652632133,-0.41702107268800304,0.6877385628886251,2.223508577470509,2.3136948309470253,0.40683742795524463,-0.651135495119281,-0.4144556004615526,1.0891546721889878,0.2996228435067554,0.7218644258993372,0.0,0.6882113771853678,2.950733787502384,-1.176813837095037
4937,0.970780353846232,0.4407186782618898,0.007228006677879595,-0.6323708256491528,0.16676217049808661,1.1117524139238428,-0.28552917639249187,0.0540296333885314,0.40683742795524463,-0.651135495119281,-0.4144556004615526,0.40307770785582864,1.4755815188844255,-1.0224045134400246,0.0,0.6882113771853678,1.1921382551160753,-0.41632529460566275
4938,0.537109985388547,0.500435043630093,0.2133691236831747,-0.6323708256491528,0.16676217049808661,1.1723258212145882,-0.24916631039447737,0.0540296333885314,0.40683742795524463,-0.651135495119281,-0.4144556004615526,-0.04163176658460416,2.251391544329488,-1.2162121733666202,0.0,0.6882113771853678,1.1921382551160753,-0.41632529460566275
4939,0.017095316722317847,-0.028663387942126577,0.007228006677879595,0.5463872817193415,-0.41702107268800304,-0.4025827683447917,-0.8309721663627093,0.5059626729002302,0.40683742795524463,-0.651135495119281,-0.4144556004615526,1.1886832167484453,-0.2360261580551236,-0.44098153366023735,0.0,2.2694999670951255,-0.5664572772702333,-0.7965695658503499
4940,0.5656675948503176,0.1258951604014384,-1.0234775783485959,0.15346791259651008,-0.41702107268800304,0.6877385628886251,0.5144538755638272,0.0540296333885314,0.40683742795524463,-0.651135495119281,-0.4144556004615526,1.3895343393671495,0.9902831189468991,0.14044144611954992,0.0,0.6882113771853678,-0.5664572772702333,-0.41632529460566275
4941,1.0369232244356317,-0.061698309333124354,0.2133691236831747,0.15346791259651008,3.085678386428535,-0.5237295829262825,-0.32189204239050634,-1.301769485146565,-1.7618165702686994,1.5357786628062884,-0.4144556004615526,1.3440833063178421,0.4704498459909047,-1.0224045134400246,0.0,0.6882113771853678,1.1921382551160753,-0.7965695658503499
4942,0.4348109902097211,0.23279295257931285,0.007228006677879595,0.6773604047602854,-0.41702107268800304,0.7483119701793706,1.6053398555042624,0.0540296333885314,-1.7618165702686994,-0.651135495119281,-0.4144556004615526,1.1191611768931093,-0.15472073494347757,-1.4100198332932161,0.0,0.6882113771853678,-0.5664572772702333,-0.7965695658503499
4943,1.0718031166720068,0.7433918577111764,-1.8480420463697762,0.15346791259651008,-0.41702107268800304,0.38487152643489825,1.9326056494863928,0.957895712411929,0.40683742795524463,-0.651135495119281,-0.4144556004615526,0.28424055497312,0.7037875391112429,-0.053366213807045836,0.0,0.6882113771853678,-0.5664572772702333,-0.7965695658503499
4944,0.05719914777546581,0.9298648303362108,-1.8480420463697762,-0.6323708256491528,-0.41702107268800304,0.32429811914415285,1.9689685154844072,2.539661350702875,0.40683742795524463,-0.651135495119281,-0.4144556004615526,1.7195025284996608,0.2073562018358073,-0.053366213807045836,0.0,2.2694999670951255,1.1921382551160753,-1.176813837095037
4945,0.9205413395530552,-1.1292284759169557,-0.4050542273327106,-0.5013977026082089,-0.41702107268800304,-0.6448763975077731,-0.9036978983587384,-0.171936886367318,0.40683742795524463,-0.651135495119281,-0.4144556004615526,4.6419525590408375,1.1093375197236972,0.915672085825933,0.0,0.6882113771853678,1.1921382551160753,-0.03608102336097565
4946,0.970780353846232,0.2803635665769124,0.6256513576937649,-0.37042457956726516,-0.41702107268800304,0.7483119701793706,-0.030989114406390354,-0.171936886367318,0.40683742795524463,-0.651135495119281,-0.4144556004615526,0.9101984272180123,1.0789310469749112,-0.24717387373364158,0.0,0.6882113771853678,-0.5664572772702333,-0.41632529460566275
4947,-0.7456093254855007,-0.27325594689601596,0.83179247469906,2.5109841273334985,-0.41702107268800304,0.38487152643489825,-0.6855207023706513,-0.3979034061231674,0.40683742795524463,1.5357786628062884,-0.4144556004615526,1.0005732776662164,0.7920069369942143,1.1094797457525287,0.0,2.2694999670951255,-0.5664572772702333,-1.176813837095037
4948,1.0320808956079905,1.5130711041125666,-0.8173364613433008,-0.5013977026082089,-0.41702107268800304,-1.0688902485429908,-0.9400607643567529,-0.6238699258790168,0.40683742795524463,1.5357786628062884,2.412803684849147,-0.1580516853957424,2.508301065050294,-1.7976351531464076,0.0,2.2694999670951255,-0.5664572772702333,-1.176813837095037
4949,1.0685953429259094,0.4799933846855347,-0.4050542273327106,-0.6323708256491528,-0.41702107268800304,-1.0688902485429908,-0.9400607643567529,1.6357952716794772,0.40683742795524463,1.5357786628062884,-0.4144556004615526,0.622246962575764,0.8771253474070524,0.33424910604614566,0.0,0.6882113771853678,-0.5664572772702333,-1.176813837095037
4950,-0.6603021405808233,-0.07871486546500145,-1.6419009293644813,1.463199143005948,-0.41702107268800304,-0.0391423246003194,0.8053568035479431,0.7319291926560796,0.40683742795524463,-0.651135495119281,-0.4144556004615526,1.0280677857877956,2.0638517098397813,1.3032874056791244,0.0,0.6882113771853678,1.1921382551160753,-0.41632529460566275
4951,1.0307309587193514,0.5310399852757981,0.4195102406884698,-0.23945145652632133,-0.41702107268800304,-1.1294636558337363,-1.012786496352782,0.5059626729002302,0.40683742795524463,-0.651135495119281,-0.4144556004615526,0.7309980253197804,0.8857982677815034,-0.44098153366023735,0.0,0.6882113771853678,-0.5664572772702333,-0.7965695658503499
4952,0.44688805943924576,1.301703311843587,1.037933591704355,-0.6323708256491528,-0.41702107268800304,-0.46315617563553707,-1.1218750943468254,-0.8498364456348662,0.40683742795524463,1.5357786628062884,2.412803684849147,0.48950115328661953,-0.278108507569077,1.3032874056791244,0.0,2.2694999670951255,-0.5664572772702333,-0.7965695658503499
4953,0.438267444063487,-0.08926469824782127,-1.0234775783485959,0.6773604047602854,-0.41702107268800304,-0.7660232120892639,-0.6855207023706513,0.5059626729002302,0.40683742795524463,1.5357786628062884,-0.4144556004615526,3.9938132852208765,1.2293539684475077,0.14044144611954992,0.0,2.2694999670951255,2.950733787502384,-1.176813837095037
4954,0.6702206051254413,0.6043742168588723,-1.8480420463697762,-0.8943170717310404,-0.41702107268800304,0.02143108269042598,1.6417027215022768,2.087728311191176,0.40683742795524463,-0.651135495119281,-0.4144556004615526,2.0034582697736907,0.1999289991377419,-0.8285968535134288,0.0,0.6882113771853678,-0.5664572772702333,-1.176813837095037
4955,0.9734694003105933,0.2267110510349582,-0.4050542273327106,-0.8943170717310404,-0.41702107268800304,1.1723258212145882,-0.8673350323607238,-0.3979034061231674,0.40683742795524463,1.5357786628062884,2.412803684849147,0.34992200208572416,0.44377441682464197,-0.053366213807045836,0.0,0.6882113771853678,-0.5664572772702333,-0.7965695658503499
4956,1.0240327452204887,0.9672471897877082,0.6256513576937649,-0.7633439486900966,0.16676217049808661,0.20315130456266212,0.6962682055538997,-0.6238699258790168,0.40683742795524463,-0.651135495119281,-0.4144556004615526,0.14913416405148247,0.9801108270289203,-0.8285968535134288,0.0,2.2694999670951255,1.1921382551160753,-0.7965695658503499
4957,0.008492526141237898,1.0629097753038235,-2.0541831633750713,-0.37042457956726516,-0.41702107268800304,0.6271651555978798,2.1507828454744797,2.087728311191176,0.40683742795524463,-0.651135495119281,-0.4144556004615526,1.1591041559355446,0.29067845161911876,0.5280567659727414,0.0,0.6882113771853678,1.1921382551160753,-1.176813837095037
4958,1.0305939040191046,0.8249046853487874,0.2133691236831747,-0.23945145652632133,-0.41702107268800304,0.32429811914415285,0.7689939375499286,-0.8498364456348662,0.40683742795524463,-0.651135495119281,-0.4144556004615526,1.6217693221028668,0.5054253702523971,-0.44098153366023735,0.0,0.6882113771853678,-0.5664572772702333,-0.7965695658503499
4959,1.0718031166720068,0.4713614548311048,0.2133691236831747,-0.5013977026082089,1.334328656870266,-0.16028913918181015,0.9871711335380157,-0.8498364456348662,-1.7618165702686994,-0.651135495119281,-0.4144556004615526,1.087051407538781,2.632197807890822,-0.44098153366023735,0.0,2.2694999670951255,-0.5664572772702333,-0.7965695658503499
4960,1.085224817844564,0.8483325712249075,-1.229618695353891,-0.23945145652632133,-0.41702107268800304,-0.0391423246003194,-0.43098064038454986,1.6357952716794772,0.40683742795524463,-0.651135495119281,-0.4144556004615526,1.3896933864957932,0.7004667763678784,0.33424910604614566,0.0,0.6882113771853678,1.1921382551160753,-0.7965695658503499
4961,1.0718031166720068,0.700222075518346,-0.19891311032741552,0.4154141586783977,-0.41702107268800304,0.2637247118534075,-0.17644057839844834,-0.3979034061231674,0.40683742795524463,-0.651135495119281,-0.4144556004615526,1.2039629394978366,0.3270706000214751,-0.6347891935868331,0.0,0.6882113771853678,1.1921382551160753,-0.7965695658503499
4962,0.5666425939453065,0.5436943206401853,-1.4357598123591861,-0.7633439486900966,-0.41702107268800304,1.2328992285053335,-0.9036978983587384,0.7319291926560796,0.40683742795524463,1.5357786628062884,2.412803684849147,-0.14622315691433066,0.2921984828161105,-1.0224045134400246,0.0,0.6882113771853678,1.1921382551160753,-1.176813837095037
4963,0.07497795893784638,0.005986664042133522,-0.19891311032741552,0.4154141586783977,-0.41702107268800304,-0.7054498047985186,-0.7582464343666804,-0.171936886367318,0.40683742795524463,-0.651135495119281,-0.4144556004615526,0.6838602624291156,-0.07756253489747326,0.5280567659727414,0.0,0.6882113771853678,1.1921382551160753,-0.03608102336097565
4964,1.0718031166720068,0.6339808139886028,0.2133691236831747,0.4154141586783977,-0.41702107268800304,-0.0391423246003194,-0.6855207023706513,-0.8498364456348662,0.40683742795524463,-0.651135495119281,-0.4144556004615526,1.1743795949633555,0.30218502381966456,-0.053366213807045836,0.0,0.6882113771853678,-0.5664572772702333,-0.7965695658503499
4965,0.970780353846232,0.29125050563069244,0.6256513576937649,-0.5013977026082089,-0.41702107268800304,0.6877385628886251,-0.030989114406390354,0.0540296333885314,0.40683742795524463,-0.651135495119281,-0.4144556004615526,0.8185310224787206,1.0007146642608822,-0.44098153366023735,0.0,0.6882113771853678,-0.5664572772702333,-0.41632529460566275
4966,-1.8564694114049871,0.14190093502121123,0.83179247469906,2.2490378812516107,-0.41702107268800304,0.44544493372564364,-0.8309721663627093,-0.6238699258790168,0.40683742795524463,1.5357786628062884,-0.4144556004615526,0.47452166531231466,0.49808761705680954,1.4970950656057203,0.0,0.6882113771853678,1.1921382551160753,-0.03608102336097565
4967,-0.5843699419764006,0.8567133820946033,1.037933591704355,2.118064758210667,-0.41702107268800304,-0.0391423246003194,-0.28552917639249187,-0.8498364456348662,0.40683742795524463,-0.651135495119281,-0.4144556004615526,0.7269404128264275,0.03499847569014365,1.1094797457525287,0.0,0.6882113771853678,-0.5664572772702333,-1.176813837095037
4968,0.970780353846232,0.4228735775732212,0.4195102406884698,-0.37042457956726516,-0.41702107268800304,1.1723258212145882,-0.14007771240043385,-0.3979034061231674,0.40683742795524463,-0.651135495119281,-0.4144556004615526,1.0551327351677593,1.7948083866747406,-0.8285968535134288,0.0,0.6882113771853678,-0.5664572772702333,-0.41632529460566275
4969,0.9900246836350141,0.7316915771339823,0.6256513576937649,-0.8943170717310404,-0.41702107268800304,0.6877385628886251,0.15082521558368214,-0.6238699258790168,0.40683742795524463,-0.651135495119281,-0.4144556004615526,0.3026167666755768,0.328664342090222,-0.24717387373364158,0.0,0.6882113771853678,1.1921382551160753,-1.176813837095037
4970,0.13339472426425114,0.7202543646194348,0.6256513576937649,-1.156263317812928,0.7505454136841763,1.1117524139238428,-0.06735198040440485,-0.171936886367318,-1.7618165702686994,1.5357786628062884,2.412803684849147,-0.08300708930662831,0.15179083358102904,-0.44098153366023735,0.0,0.6882113771853678,1.1921382551160753,-1.176813837095037
4971,0.6834127020419715,0.43556611626185027,0.007228006677879595,-0.6323708256491528,0.16676217049808661,1.1117524139238428,-0.28552917639249187,0.0540296333885314,0.40683742795524463,-0.651135495119281,-0.4144556004615526,-0.022132619435933035,1.7814746814513023,-1.0224045134400246,0.0,0.6882113771853678,1.1921382551160753,-0.41632529460566275
4972,0.1470365910458139,0.27953597502685257,0.6256513576937649,0.022494789555566278,-0.41702107268800304,0.7483119701793706,0.5871796075598562,-0.6238699258790168,0.40683742795524463,-0.651135495119281,-0.4144556004615526,-0.08860464317416859,0.1402514781665439,0.33424910604614566,0.0,2.2694999670951255,1.1921382551160753,-0.7965695658503499
4973,0.03765608993274525,0.5744253332924425,-1.229618695353891,0.15346791259651008,-0.41702107268800304,-1.0083168412522454,-0.6855207023706513,-0.3979034061231674,0.40683742795524463,1.5357786628062884,2.412803684849147,0.7462087507562989,-0.30254333122078936,1.3032874056791244,0.0,0.6882113771853678,2.950733787502384,0.7244075191283986
4974,-0.3182461126499892,-1.8003907894530935,-0.6111953443380057,-1.287236440853872,-0.41702107268800304,-0.09971573189106478,0.40536527756978363,0.957895712411929,0.40683742795524463,1.5357786628062884,-0.4144556004615526,1.6810504064416307,0.18151458628205103,-0.44098153366023735,0.0,2.2694999670951255,2.950733787502384,-0.03608102336097565
4975,0.970780353846232,0.4043503680964768,0.4195102406884698,-0.23945145652632133,-0.41702107268800304,1.1117524139238428,-0.10371484640241935,-0.3979034061231674,0.40683742795524463,-0.651135495119281,-0.4144556004615526,1.0736003972043773,1.7500193804437727,-0.6347891935868331,0.0,0.6882113771853678,-0.5664572772702333,-0.41632529460566275
4976,-0.8190795786014409,-0.6229144906370203,1.037933591704355,2.2490378812516107,-0.41702107268800304,-0.09971573189106478,-0.21280344439646284,-0.8498364456348662,0.40683742795524463,-0.651135495119281,-0.4144556004615526,1.0746504724547254,1.1208216605759658,1.1094797457525287,0.0,0.6882113771853678,-0.5664572772702333,-0.7965695658503499
4977,0.9861523056376643,0.35369371581584086,-2.0541831633750713,0.2844410356374539,-0.41702107268800304,-0.09971573189106478,1.7144284534983059,0.2799961531443808,0.40683742795524463,-0.651135495119281,-0.4144556004615526,0.19025867465658133,1.2053683756918254,-0.44098153366023735,0.0,0.6882113771853678,-0.5664572772702333,-0.7965695658503499
4978,0.16306729927795494,-1.8003907894530935,-0.6111953443380057,-1.156263317812928,-0.41702107268800304,-0.09971573189106478,0.29627667957574016,0.957895712411929,0.40683742795524463,1.5357786628062884,-0.4144556004615526,1.5602903428646047,0.40250171116436373,-1.0224045134400246,0.0,2.2694999670951255,2.950733787502384,-0.41632529460566275
4979,1.0718031166720068,0.6688062734134405,-0.19891311032741552,0.2844410356374539,-0.41702107268800304,-0.0391423246003194,-0.6127949703746224,-0.3979034061231674,0.40683742795524463,-0.651135495119281,-0.4144556004615526,1.2012089205019225,0.34990995272064895,-0.053366213807045836,0.0,0.6882113771853678,-0.5664572772702333,-0.7965695658503499
4980,1.0954178829339118,1.5584912075472062,0.6256513576937649,0.022494789555566278,0.7505454136841763,0.44544493372564364,1.0235339995360302,-0.8498364456348662,0.40683742795524463,-0.651135495119281,-0.4144556004615526,0.3335629696332614,0.6559915147070258,-1.2162121733666202,0.0,0.6882113771853678,1.1921382551160753,-0.41632529460566275
4981,1.0022592054849948,0.46524538741327265,-1.4357598123591861,0.2844410356374539,-0.41702107268800304,-0.3420093610540463,1.5689769895062478,-0.171936886367318,0.40683742795524463,-0.651135495119281,-0.4144556004615526,0.3334190329890358,1.7541646217544138,-0.44098153366023735,0.0,2.2694999670951255,-0.5664572772702333,-0.7965695658503499
4982,0.9361588798653829,0.2308730118772375,0.6256513576937649,-1.0252901947719841,-0.41702107268800304,-0.22086254647255554,0.47809100956581263,-0.171936886367318,0.40683742795524463,-0.651135495119281,-0.4144556004615526,0.010812538463220021,1.27599365749608,0.14044144611954992,0.0,2.2694999670951255,1.1921382551160753,-0.41632529460566275
4983,1.1364425976798875,1.4510106906643356,0.6256513576937649,1.3322260199650044,0.16676217049808661,0.2637247118534075,1.3507997935181608,-0.6238699258790168,0.40683742795524463,-0.651135495119281,-0.4144556004615526,0.44938292263056867,0.6830436927536973,-0.053366213807045836,0.0,0.6882113771853678,1.1921382551160753,0.34416324788371144
4984,-0.2716985792888932,-0.8697135197867665,0.83179247469906,1.594172266046892,-0.41702107268800304,0.32429811914415285,-0.8309721663627093,-0.171936886367318,0.40683742795524463,-0.651135495119281,-0.4144556004615526,0.49340255724286897,0.23626840335511662,0.5280567659727414,0.0,0.6882113771853678,1.1921382551160753,-1.176813837095037
4985,0.8289126479474588,0.6055915304650223,-1.8480420463697762,-0.7633439486900966,-0.41702107268800304,0.14257789727191675,1.6417027215022768,1.4098287519236279,0.40683742795524463,-0.651135495119281,-0.4144556004615526,1.648051956928629,0.263983427770846,-0.6347891935868331,0.0,0.6882113771853678,-0.5664572772702333,-1.176813837095037
4986,0.9635025786852293,0.24606907591105853,-0.4050542273327106,-0.10847833348537753,-0.41702107268800304,-0.6448763975077731,1.3507997935181608,-0.8498364456348662,0.40683742795524463,-0.651135495119281,-0.4144556004615526,1.8520870343239555,1.0759275224292077,-0.053366213807045836,0.0,2.2694999670951255,-0.5664572772702333,-0.7965695658503499
4987,-2.4556568821347495,0.679163143496495,1.037933591704355,1.8561185121287795,-0.41702107268800304,0.5665917483071344,-0.8673350323607238,-0.6238699258790168,0.40683742795524463,-0.651135495119281,-0.4144556004615526,0.01224384220348905,0.15091374256268708,1.8847103854589116,0.0,0.6882113771853678,-0.5664572772702333,0.34416324788371144
4988,0.3912281598886595,-0.1185000806234035,-1.0234775783485959,0.6773604047602854,-0.41702107268800304,-0.7660232120892639,-0.6855207023706513,0.5059626729002302,0.40683742795524463,1.5357786628062884,-0.4144556004615526,3.9054451670837573,1.2181026693787307,0.14044144611954992,0.0,2.2694999670951255,2.950733787502384,-1.176813837095037
4989,-1.3422794759366263,0.6458842370254944,1.037933591704355,1.463199143005948,0.16676217049808661,0.44544493372564364,-0.4673435063825644,-0.6238699258790168,0.40683742795524463,-0.651135495119281,-0.4144556004615526,-0.16850717091316528,-0.30588046570401534,1.3032874056791244,0.0,0.6882113771853678,1.1921382551160753,-0.03608102336097565
4990,0.5257937249371746,0.4882888460887181,0.6256513576937649,0.4154141586783977,-0.41702107268800304,-0.0391423246003194,-1.0855122283488108,-0.6238699258790168,0.40683742795524463,-0.651135495119281,-0.4144556004615526,3.6819239568584377,0.7040804889560661,-1.0224045134400246,0.0,2.2694999670951255,-0.5664572772702333,-0.41632529460566275
4991,1.0718031166720068,0.7206318065105469,-0.19891311032741552,-0.10847833348537753,-0.41702107268800304,-0.5237295829262825,1.2417111955241174,-0.8498364456348662,-1.7618165702686994,-0.651135495119281,-0.4144556004615526,1.0321915615760788,2.632197807890822,-0.053366213807045836,0.0,2.2694999670951255,-0.5664572772702333,-0.7965695658503499
4992,1.0137061225552266,1.064777701041072,-1.0234775783485959,-0.37042457956726516,-0.41702107268800304,-0.16028913918181015,1.4962512575102187,1.8617617914353266,0.40683742795524463,-0.651135495119281,-0.4144556004615526,0.5797360812647371,1.1821635821574124,-0.053366213807045836,0.0,0.6882113771853678,-0.5664572772702333,-0.41632529460566275
4993,0.4005541590301149,-0.2235346149619803,0.6256513576937649,0.5463872817193415,0.7505454136841763,1.0511790066330975,1.3144369275201464,0.957895712411929,0.40683742795524463,-0.651135495119281,-0.4144556004615526,1.6568753557329379,0.48382042829242417,-0.44098153366023735,0.0,0.6882113771853678,2.950733787502384,-1.176813837095037
4994,0.970780353846232,0.7443492956320524,0.6256513576937649,0.8083335278012291,-0.41702107268800304,0.38487152643489825,0.5508167415618417,-1.0758029653907155,0.40683742795524463,-0.651135495119281,-0.4144556004615526,1.235765636271372,0.1309105926531852,-0.8285968535134288,0.0,0.6882113771853678,2.950733787502384,-0.41632529460566275
4995,1.0718031166720068,1.6181059352659815,-0.19891311032741552,-1.156263317812928,-0.41702107268800304,-1.6140509141596993,-0.9764236303547674,0.957895712411929,0.40683742795524463,1.5357786628062884,-0.4144556004615526,1.3560603633958035,5.642720295237601,-1.7976351531464076,0.0,2.2694999670951255,-0.5664572772702333,-0.7965695658503499
4996,1.0718031166720068,0.36684153412084347,0.4195102406884698,-0.6323708256491528,1.9181119000563556,0.02143108269042598,0.8780825355439722,-0.8498364456348662,-1.7618165702686994,-0.651135495119281,-0.4144556004615526,1.1100543307166342,2.632197807890822,-0.44098153366023735,0.0,2.2694999670951255,-0.5664572772702333,-0.7965695658503499
4997,-0.24416109186293136,-1.8003907894530935,0.4195102406884698,0.4154141586783977,-0.41702107268800304,-2.219784987067153,-1.012786496352782,1.1838622321677783,0.40683742795524463,-0.651135495119281,-0.4144556004615526,0.4118818847047838,0.23887763847719573,-0.053366213807045836,0.0,0.6882113771853678,1.1921382551160753,-0.41632529460566275
4998,0.3142811999874031,0.01506599444070591,-1.8480420463697762,0.15346791259651008,-0.41702107268800304,0.6271651555978798,0.6962682055538997,1.1838622321677783,0.40683742795524463,-0.651135495119281,-0.4144556004615526,1.2841115963218568,1.0221646859836226,0.5280567659727414,0.0,0.6882113771853678,-0.5664572772702333,-0.03608102336097565
4999,0.37083974648073253,0.054126815316044956,0.007228006677879595,-0.23945145652632133,-0.41702107268800304,-1.250610470415227,-0.24916631039447737,-0.171936886367318,0.40683742795524463,-0.651135495119281,-0.4144556004615526,1.9058229924428898,0.5372644646084763,0.14044144611954992,0.0,0.6882113771853678,1.1921382551160753,-0.03608102336097565
5000,-0.6778701963720046,-0.29240611468764666,0.83179247469906,2.3800110042925544,-0.41702107268800304,0.14257789727191675,-0.7582464343666804,-0.6238699258790168,0.40683742795524463,-0.651135495119281,-0.4144556004615526,0.7776196845476268,0.20023236371832642,1.4970950656057203,0.0,2.2694999670951255,-0.5664572772702333,-1.176813837095037
5001,1.0718031166720068,-0.32131218029314246,-0.19891311032741552,0.8083335278012291,2.501895143242445,-0.7054498047985186,-0.17644057839844834,-0.8498364456348662,-1.7618165702686994,-0.651135495119281,-0.4144556004615526,1.2048174381036532,0.3111780555813656,-1.0224045134400246,0.0,0.6882113771853678,2.950733787502384,-0.7965695658503499
5002,1.0073146686693741,0.4904746033990707,-1.4357598123591861,0.2844410356374539,-0.41702107268800304,-0.3420093610540463,1.5689769895062478,-0.171936886367318,0.40683742795524463,-0.651135495119281,-0.4144556004615526,0.3827493580633458,1.8179928472800009,-0.24717387373364158,0.0,2.2694999670951255,-0.5664572772702333,-0.7965695658503499
5003,0.970780353846232,1.4515731966784493,0.007228006677879595,1.594172266046892,-0.41702107268800304,0.6877385628886251,-0.9400607643567529,0.0540296333885314,0.40683742795524463,1.5357786628062884,2.412803684849147,1.1703426734649849,0.7209823823945722,-0.44098153366023735,0.0,2.2694999670951255,-0.5664572772702333,-0.41632529460566275
5004,1.0332842336171035,-0.5255793305333589,-1.0234775783485959,0.15346791259651008,-0.41702107268800304,-0.7660232120892639,-0.7582464343666804,0.2799961531443808,0.40683742795524463,-0.651135495119281,-0.4144556004615526,5.071622791501254,1.3337970693668972,0.7218644258993372,0.0,0.6882113771853678,2.950733787502384,-0.41632529460566275
5005,0.7820168196729271,0.7746814561143586,0.4195102406884698,1.3322260199650044,0.16676217049808661,0.6271651555978798,1.3507997935181608,-0.6238699258790168,-1.7618165702686994,-0.651135495119281,-0.4144556004615526,0.8206389917760808,0.242256550068407,-0.8285968535134288,0.0,0.6882113771853678,-0.5664572772702333,-0.41632529460566275
5006,0.6923926802237882,0.43158449810895855,0.007228006677879595,-0.6323708256491528,0.16676217049808661,1.1117524139238428,-0.28552917639249187,0.0540296333885314,0.40683742795524463,-0.651135495119281,-0.4144556004615526,-0.020935772788348635,1.752631449606811,-1.0224045134400246,0.0,0.6882113771853678,1.1921382551160753,-0.41632529460566275
5007,0.9677289004826879,0.306777820049938,0.4195102406884698,0.15346791259651008,-0.41702107268800304,0.7483119701793706,0.18718808158169664,-1.0758029653907155,0.40683742795524463,-0.651135495119281,-0.4144556004615526,1.2369238768250201,0.8594573478437891,-0.44098153366023735,0.0,0.6882113771853678,1.1921382551160753,-0.41632529460566275
5008,-1.2804554536234134,-1.461398317249542,-1.229618695353891,1.3322260199650044,-0.41702107268800304,-0.4025827683447917,1.8598799174903637,0.2799961531443808,0.40683742795524463,-0.651135495119281,-0.4144556004615526,1.2447680943733044,2.2911205720771997,1.8847103854589116,0.0,0.6882113771853678,-0.5664572772702333,-1.176813837095037
5009,1.067524245491902,1.5598074409540261,0.4195102406884698,-0.7633439486900966,0.16676217049808661,0.5665917483071344,0.8417196695459577,-0.8498364456348662,0.40683742795524463,-0.651135495119281,-0.4144556004615526,0.2577286479582889,0.672527761879253,-1.6038274932198118,0.0,0.6882113771853678,-0.5664572772702333,-0.7965695658503499
5010,0.970780353846232,0.2825625967622185,0.83179247469906,-0.7633439486900966,-0.41702107268800304,0.2637247118534075,0.15082521558368214,0.2799961531443808,0.40683742795524463,-0.651135495119281,-0.4144556004615526,0.4220727200637344,1.0631322824439486,-0.24717387373364158,0.0,0.6882113771853678,1.1921382551160753,-0.41632529460566275
5011,1.0621561765498417,0.5788733565007566,-2.0541831633750713,-0.37042457956726516,-0.41702107268800304,0.32429811914415285,1.7144284534983059,0.5059626729002302,0.40683742795524463,-0.651135495119281,-0.4144556004615526,1.001150963038134,0.457010484911598,-0.24717387373364158,0.0,0.6882113771853678,-0.5664572772702333,-0.7965695658503499
5012,1.129349581071854,0.8873723323947134,-1.229618695353891,-0.6323708256491528,-0.41702107268800304,-1.73519772874119,-0.9036978983587384,0.0540296333885314,0.40683742795524463,-0.651135495119281,-0.4144556004615526,2.6332358868139067,1.911758026221345,-0.24717387373364158,0.0,0.6882113771853678,2.950733787502384,-0.03608102336097565
5013,0.663963671741655,0.6561628602286844,0.2133691236831747,-0.10847833348537753,-0.41702107268800304,-0.9477434339615001,-1.0491493623507964,-0.6238699258790168,0.40683742795524463,-0.651135495119281,-0.4144556004615526,3.0431047194877077,0.8885671092246553,-0.8285968535134288,0.0,0.6882113771853678,1.1921382551160753,-0.03608102336097565
5014,1.0937907964548619,1.9498253078908723,0.4195102406884698,0.8083335278012291,-0.41702107268800304,0.6877385628886251,-0.32189204239050634,-1.0758029653907155,0.40683742795524463,-0.651135495119281,-0.4144556004615526,0.41349085481958864,0.40530685275114947,-0.44098153366023735,0.0,0.6882113771853678,-0.5664572772702333,-0.7965695658503499
5015,0.970780353846232,0.45450817588547543,0.6256513576937649,0.2844410356374539,-0.41702107268800304,0.7483119701793706,0.04173661758963865,-1.0758029653907155,-1.7618165702686994,-0.651135495119281,-0.4144556004615526,1.235765636271372,0.8584644426980357,-0.44098153366023735,0.0,0.6882113771853678,1.1921382551160753,-0.41632529460566275
5016,0.8201929074605377,0.33215424069235666,-0.6111953443380057,-0.37042457956726516,-0.41702107268800304,-0.5843029902170278,1.3871626595161752,0.0540296333885314,0.40683742795524463,-0.651135495119281,-0.4144556004615526,2.050818987324784,0.8348850859593435,-0.24717387373364158,0.0,2.2694999670951255,-0.5664572772702333,-0.7965695658503499
5017,-0.7484950604142826,-0.6456053295162687,0.83179247469906,2.3800110042925544,-0.41702107268800304,0.38487152643489825,-0.7218835683686659,-0.3979034061231674,0.40683742795524463,-0.651135495119281,-0.4144556004615526,1.039060582415358,0.9789953280966981,0.915672085825933,0.0,0.6882113771853678,1.1921382551160753,-1.176813837095037
5018,0.22443228015481234,0.9781711323319727,0.4195102406884698,-0.37042457956726516,-0.41702107268800304,-0.28143595376330094,-1.012786496352782,-0.8498364456348662,0.40683742795524463,1.5357786628062884,2.412803684849147,0.3434148453287408,-0.31454914663137734,1.3032874056791244,0.0,2.2694999670951255,-0.5664572772702333,-0.7965695658503499
5019,1.0718031166720068,0.7915599671150972,-1.6419009293644813,0.4154141586783977,-0.41702107268800304,0.38487152643489825,2.0053313814824216,1.1838622321677783,0.40683742795524463,-0.651135495119281,-0.4144556004615526,-0.0062604771584237676,0.8248885048531761,-0.053366213807045836,0.0,0.6882113771853678,-0.5664572772702333,-0.7965695658503499
5020,0.3454288270250654,0.052203534732785974,1.037933591704355,-1.156263317812928,-0.41702107268800304,-1.6746243214504446,-1.1218750943468254,-0.6238699258790168,0.40683742795524463,-0.651135495119281,-0.4144556004615526,-0.2179664445405713,1.1790737017582464,-1.0224045134400246,0.0,2.2694999670951255,-0.5664572772702333,-1.176813837095037
5021,0.36039271223765645,0.04691181849331969,-1.8480420463697762,0.15346791259651008,-0.41702107268800304,0.8088853774701159,0.5144538755638272,2.3136948309470253,0.40683742795524463,-0.651135495119281,-0.4144556004615526,0.2829859180699208,0.7626942845829926,0.14044144611954992,0.0,0.6882113771853678,-0.5664572772702333,-0.03608102336097565
5022,0.970780353846232,0.2567136854596935,0.6256513576937649,0.15346791259651008,-0.41702107268800304,0.990605599342352,0.005373751591624148,-0.8498364456348662,0.40683742795524463,-0.651135495119281,-0.4144556004615526,1.235765636271372,1.2441343214864031,-0.053366213807045836,0.0,0.6882113771853678,-0.5664572772702333,-0.41632529460566275
5023,0.9300222395877892,0.33190569257662267,-0.4050542273327106,-0.7633439486900966,-0.41702107268800304,1.1117524139238428,-0.43098064038454986,0.0540296333885314,0.40683742795524463,1.5357786628062884,2.412803684849147,-0.00020985023521668744,0.801355370041246,-0.6347891935868331,0.0,0.6882113771853678,1.1921382551160753,-0.7965695658503499
5024,1.0100571668294944,0.4635442125901408,-0.19891311032741552,-0.5013977026082089,-0.41702107268800304,-0.28143595376330094,1.1326225975300737,-0.8498364456348662,0.40683742795524463,-0.651135495119281,-0.4144556004615526,1.8597687783683592,1.006083460019704,0.14044144611954992,0.0,2.2694999670951255,-0.5664572772702333,-0.7965695658503499
5025,-0.5523068373592235,0.6959004895421219,0.83179247469906,1.594172266046892,0.16676217049808661,0.38487152643489825,-0.35825490838852087,-0.6238699258790168,0.40683742795524463,-0.651135495119281,-0.4144556004615526,0.09059185646386103,-0.33811295764043353,1.1094797457525287,0.0,0.6882113771853678,-0.5664572772702333,-0.7965695658503499
5026,0.9932602600714197,0.3230868545941219,-0.8173364613433008,-0.10847833348537753,-0.41702107268800304,-0.46315617563553707,1.4235255255141899,-0.6238699258790168,0.40683742795524463,-0.651135495119281,-0.4144556004615526,1.677790489749716,0.9265844620995859,-0.053366213807045836,0.0,0.6882113771853678,-0.5664572772702333,-0.7965695658503499
5027,0.9926559824048228,0.8599180281377619,-1.6419009293644813,-0.8943170717310404,-0.41702107268800304,-0.16028913918181015,1.5689769895062478,2.3136948309470253,0.40683742795524463,-0.651135495119281,-0.4144556004615526,0.7289948438114042,1.1413311395698535,-0.053366213807045836,0.0,0.6882113771853678,-0.5664572772702333,-0.7965695658503499
5028,0.9801762804020383,0.2947682871031345,-0.19891311032741552,-0.10847833348537753,-0.41702107268800304,-0.5843029902170278,1.2780740615221318,-0.8498364456348662,0.40683742795524463,-0.651135495119281,-0.4144556004615526,1.8462466866878313,1.068531862180816,0.14044144611954992,0.0,2.2694999670951255,-0.5664572772702333,-0.7965695658503499
5029,0.16655674765116707,0.4160213550709629,-1.229618695353891,0.15346791259651008,-0.41702107268800304,-1.0688902485429908,-0.5764321043766079,-0.3979034061231674,0.40683742795524463,-0.651135495119281,-0.4144556004615526,0.6551425221153976,-0.29627311286332747,1.4970950656057203,0.0,0.6882113771853678,2.950733787502384,0.7244075191283986
5030,-0.6688686190792266,-1.8003907894530935,-0.6111953443380057,-1.4182095638948156,-0.41702107268800304,-0.09971573189106478,0.44172814356779816,0.7319291926560796,0.40683742795524463,1.5357786628062884,-0.4144556004615526,1.7690205213784436,0.02053203791619074,0.14044144611954992,0.0,2.2694999670951255,2.950733787502384,0.34416324788371144
5031,-0.5553283901215931,0.710534154575284,1.037933591704355,1.594172266046892,0.16676217049808661,0.14257789727191675,-0.21280344439646284,-0.8498364456348662,0.40683742795524463,-0.651135495119281,-0.4144556004615526,0.1482497693119967,-0.3042934096041514,1.1094797457525287,0.0,0.6882113771853678,-0.5664572772702333,-0.7965695658503499
5032,0.970780353846232,0.2512885238308121,0.83179247469906,-0.8943170717310404,-0.41702107268800304,-0.0391423246003194,0.40536527756978363,0.0540296333885314,0.40683742795524463,-0.651135495119281,-0.4144556004615526,0.11143440557095387,1.28781847250579,-0.053366213807045836,0.0,0.6882113771853678,1.1921382551160753,-0.41632529460566275
5033,0.7501704772354055,0.9725680608110235,0.4195102406884698,1.0702797738831167,0.16676217049808661,0.9300321920516067,1.4962512575102187,-0.8498364456348662,-1.7618165702686994,-0.651135495119281,-0.4144556004615526,0.8877878895993843,-0.05556353958175204,-0.44098153366023735,0.0,0.6882113771853678,-0.5664572772702333,-0.7965695658503499
5034,0.13692195191322604,0.5156027470173348,-0.4050542273327106,0.5463872817193415,-0.41702107268800304,-0.3420093610540463,-0.9400607643567529,0.5059626729002302,0.40683742795524463,-0.651135495119281,-0.4144556004615526,2.4382951606375194,-0.31010930347565524,-1.0224045134400246,0.0,2.2694999670951255,-0.5664572772702333,-0.41632529460566275
5035,1.0718031166720068,0.6983380378828359,-0.4050542273327106,0.2844410356374539,-0.41702107268800304,-0.0391423246003194,-0.5400692383785933,0.0540296333885314,0.40683742795524463,-0.651135495119281,-0.4144556004615526,1.2239600151253176,0.3903803839195354,-0.053366213807045836,0.0,0.6882113771853678,-0.5664572772702333,-0.7965695658503499
5036,0.6529540772521942,0.41045789118304515,0.4195102406884698,-1.0252901947719841,0.16676217049808661,0.990605599342352,-0.35825490838852087,-0.171936886367318,0.40683742795524463,-0.651135495119281,-0.4144556004615526,0.19287720922637727,2.7237669734338548,-1.2162121733666202,0.0,0.6882113771853678,-0.5664572772702333,-0.41632529460566275
5037,0.8567488324815408,0.3587108868240208,0.6256513576937649,-0.6323708256491528,0.16676217049808661,0.6877385628886251,-0.06735198040440485,0.2799961531443808,0.40683742795524463,-0.651135495119281,-0.4144556004615526,0.5355753470122846,1.2416007481318094,-0.6347891935868331,0.0,0.6882113771853678,1.1921382551160753,-0.41632529460566275
5038,-0.13375921327751172,-0.031100537443069128,-1.8480420463697762,0.6773604047602854,-0.41702107268800304,0.32429811914415285,0.7689939375499286,0.7319291926560796,0.40683742795524463,-0.651135495119281,-0.4144556004615526,1.2792690947383534,1.5244672415399143,0.915672085825933,0.0,0.6882113771853678,-0.5664572772702333,-0.41632529460566275
5039,1.12386641901379,1.361867561877096,0.4195102406884698,1.3322260199650044,0.16676217049808661,0.2637247118534075,1.3507997935181608,-0.6238699258790168,0.40683742795524463,-0.651135495119281,-0.4144556004615526,0.41496405018141524,0.7341859542417243,-0.24717387373364158,0.0,0.6882113771853678,1.1921382551160753,0.34416324788371144
5040,-0.2963400683216575,0.5233575950292605,-1.229618695353891,1.7251453890878359,-0.41702107268800304,0.8694587847608612,2.1144199794764655,-0.6238699258790168,-1.7618165702686994,1.5357786628062884,-0.4144556004615526,0.5474342090712545,-0.8493380812761435,0.5280567659727414,0.0,0.6882113771853678,-0.5664572772702333,-0.7965695658503499
5041,0.7177791346511417,0.403356745427198,-0.8173364613433008,0.8083335278012291,-0.41702107268800304,0.08200448998117135,-0.06735198040440485,0.957895712411929,0.40683742795524463,-0.651135495119281,-0.4144556004615526,1.1121592756701926,-0.2911127400974716,-1.2162121733666202,0.0,0.6882113771853678,-0.5664572772702333,-1.176813837095037
5042,-0.009641777156967044,-1.149152836560506,-0.19891311032741552,-1.0252901947719841,-0.41702107268800304,-1.553477506868954,-1.012786496352782,0.5059626729002302,0.40683742795524463,1.5357786628062884,-0.4144556004615526,0.08328826956146874,-0.00031259311828485403,-0.6347891935868331,0.0,0.6882113771853678,2.950733787502384,-1.176813837095037
5043,0.9679652858207761,0.2418243671804731,0.007228006677879595,-1.6801558099767033,-0.41702107268800304,1.2328992285053335,0.7689939375499286,-0.3979034061231674,0.40683742795524463,-0.651135495119281,-0.4144556004615526,0.014594819917103175,1.3491950027567112,-0.053366213807045836,0.0,0.6882113771853678,-0.5664572772702333,-0.7965695658503499
5044,1.031759433652768,0.14027846290109264,-0.6111953443380057,1.2012528969240606,-0.41702107268800304,0.38487152643489825,-0.6855207023706513,1.4098287519236279,0.40683742795524463,1.5357786628062884,2.412803684849147,0.38391021576353745,0.34301072141093114,-1.0224045134400246,0.0,0.6882113771853678,-0.5664572772702333,-0.7965695658503499
5045,0.31527114464681744,0.2501597023164255,-0.4050542273327106,-0.37042457956726516,-0.41702107268800304,0.38487152643489825,1.9689685154844072,1.8617617914353266,0.40683742795524463,-0.651135495119281,-0.4144556004615526,1.3887712115594661,-0.20956656977483834,-1.2162121733666202,0.0,0.6882113771853678,-0.5664572772702333,-0.41632529460566275
5046,0.6939817539046491,0.15515668921996745,0.4195102406884698,-1.0252901947719841,-0.41702107268800304,-0.9477434339615001,0.29627667957574016,-0.171936886367318,0.40683742795524463,-0.651135495119281,-0.4144556004615526,-0.026646007159123963,0.7112751609424205,0.14044144611954992,0.0,2.2694999670951255,1.1921382551160753,-0.41632529460566275
5047,0.5655043822696598,0.25998146667508576,0.4195102406884698,-0.7633439486900966,-0.41702107268800304,1.0511790066330975,0.22355094757971114,-0.3979034061231674,0.40683742795524463,-0.651135495119281,-0.4144556004615526,-0.21025833490897883,0.2725960142885986,-1.4100198332932161,0.0,0.6882113771853678,-0.5664572772702333,-1.176813837095037
